3 0.402074 0.132085 0.160398 0.182920
3 0.301595 0.239676 0.196939 0.148102
3 0.293095 0.377376 0.145564 0.148502
3 0.568138 0.690595 0.186277 0.184314
3 0.459313 0.776363 0.199877 0.221477
2 0.280648 0.749820 0.158170 0.193391
2 0.548030 0.234466 0.192936 0.165808
2 0.426952 0.356749 0.153903 0.175998
0 0.157033 0.681734 0.179691 0.160344
0 0.637370 0.090428 0.159114 0.133981
0 0.550313 0.385123 0.103752 0.132745
0 0.496559 0.061315 0.164994 0.088255
0 0.423363 0.893976 0.087352 0.087952
0 0.520238 0.441549 0.093602 0.070598
4 0.284030 0.131758 0.121186 0.091641
4 0.403934 0.569686 0.176619 0.170622
5 0.193763 0.510516 0.165652 0.177281
4 0.221752 0.287455 0.093503 0.109286