3 0.556746 0.102019 0.066617 0.079038
3 0.607902 0.214624 0.065803 0.072998
3 0.570052 0.304470 0.061978 0.068316
3 0.505632 0.338037 0.058139 0.066698
3 0.487245 0.385911 0.058864 0.068697
3 0.517177 0.433908 0.059353 0.067816
3 0.467916 0.450322 0.070206 0.072519
3 0.479295 0.517028 0.061716 0.068431
3 0.532877 0.503760 0.065753 0.076270
3 0.520571 0.645661 0.063017 0.066322
3 0.510397 0.706263 0.073919 0.068775
3 0.548259 0.745059 0.074644 0.077617
3 0.469802 0.738264 0.061478 0.070278
3 0.462327 0.667317 0.068405 0.069009
3 0.540677 0.864855 0.065728 0.067209
3 0.417650 0.874377 0.044675 0.064380
3 0.469088 0.978480 0.053802 0.044461
3 0.527071 0.923006 0.066642 0.058513
3 0.443955 0.687020 0.034786 0.042791
5 0.513426 0.041252 0.054977 0.054378
5 0.602638 0.081096 0.052152 0.059067
5 0.519959 0.089219 0.021167 0.037812
5 0.523331 0.185078 0.046663 0.054531
5 0.523342 0.226305 0.037309 0.036986
5 0.594770 0.355266 0.058291 0.057406
5 0.580206 0.502933 0.044788 0.052741
5 0.555688 0.555039 0.048875 0.056953
5 0.488717 0.563177 0.033684 0.035730
5 0.459576 0.315388 0.062902 0.071402
5 0.506009 0.136141 0.062017 0.062908
5 0.447259 0.504998 0.028894 0.047495
5 0.495370 0.889041 0.053239 0.056206
5 0.422106 0.934852 0.044213 0.057203
5 0.443914 0.869235 0.059703 0.069720
5 0.575221 0.878082 0.022317 0.034289
5 0.566530 0.972361 0.048686 0.044722
5 0.576302 0.925309 0.055728 0.066244
3 0.515133 0.276464 0.064641 0.071678
5 0.563793 0.383452 0.046336 0.063780
5 0.749771 0.933133 0.062042 0.066266