5 0.454906 0.073522 0.197313 0.147044
5 0.262198 0.030645 0.230645 0.061291
5 0.416398 0.197446 0.182795 0.194892
5 0.483619 0.625286 0.101612 0.159947
5 0.730964 0.629520 0.215053 0.280914
5 0.900487 0.647833 0.147850 0.186291
5 0.864634 0.862887 0.269892 0.266398
5 0.760551 0.954049 0.158602 0.092473
5 0.242859 0.880914 0.226344 0.236828
3 0.557627 0.017205 0.171505 0.034409
3 0.672043 0.168213 0.244086 0.273925
3 0.391314 0.723555 0.260753 0.315861
3 0.590995 0.874546 0.256989 0.245967
3 0.375873 0.941280 0.289247 0.116936