5 0.171560 0.563692 0.221245 0.121134
5 0.169423 0.427820 0.254472 0.227516
5 0.455730 0.347879 0.258334 0.223883
5 0.599618 0.615281 0.224236 0.208687
5 0.678285 0.720343 0.412820 0.437561
5 0.791804 0.473470 0.155483 0.153191
5 0.682880 0.335519 0.187634 0.146037
4 0.379339 0.805530 0.243053 0.289186
4 0.226957 0.746897 0.197664 0.218794
4 0.435078 0.555740 0.238906 0.220855
4 0.016896 0.533298 0.033792 0.169720
4 0.887207 0.337115 0.190039 0.174230
4 0.695274 0.194566 0.187423 0.186008
5 0.851939 0.220932 0.128878 0.132489
5 0.905787 0.182080 0.145950 0.132909