5 0.135370 0.422587 0.270739 0.242048
5 0.423438 0.303808 0.275000 0.263866
5 0.546049 0.183381 0.129598 0.176138
5 0.673806 0.186869 0.210113 0.161237
5 0.815482 0.324830 0.171589 0.162159
5 0.829242 0.434711 0.202234 0.135047
5 0.943418 0.307953 0.111836 0.156531
5 0.639068 0.559196 0.215636 0.227767
5 0.615159 0.776579 0.186569 0.221908
5 0.838944 0.078723 0.134137 0.057447
5 0.168646 0.557035 0.240417 0.135945
4 0.663269 0.075538 0.207788 0.079202
4 0.898454 0.169302 0.203158 0.194855
4 0.432912 0.806609 0.256448 0.303842
4 0.256223 0.726266 0.181195 0.215031
3 0.441560 0.539787 0.254995 0.235825