3 0.890735 0.054427 0.212720 0.108855
3 0.729020 0.079602 0.170541 0.159205
3 0.848521 0.198841 0.243917 0.241431
3 0.622980 0.226538 0.227209 0.234327
3 0.787870 0.398566 0.172614 0.197131
5 0.413743 0.229895 0.189986 0.169164
3 0.538105 0.786992 0.294959 0.298984
3 0.308333 0.840917 0.219791 0.225584
5 0.683372 0.833663 0.147994 0.211077
5 0.345089 0.639882 0.215178 0.195389
5 0.528553 0.515372 0.210231 0.249494
5 0.660627 0.644341 0.211878 0.179306
5 0.641382 0.421932 0.164014 0.187614
5 0.431930 0.369925 0.245111 0.217975
5 0.522006 0.113196 0.250262 0.226392
5 0.630134 0.023495 0.066517 0.046991
3 0.662308 0.521592 0.096491 0.083809