4 0.412013 0.662551 0.202150 0.228227
4 0.283652 0.876663 0.170430 0.231452
4 0.538223 0.076748 0.179570 0.153495
4 0.298673 0.045380 0.131720 0.087634
4 0.362466 0.254016 0.081183 0.148656
4 0.319506 0.221052 0.048387 0.088978
4 0.424109 0.036962 0.151344 0.073925
2 0.590473 0.708871 0.190322 0.242742
3 0.680393 0.084223 0.195161 0.165322
3 0.683619 0.182661 0.101612 0.065322
3 0.603344 0.240037 0.147313 0.170698
3 0.445749 0.232863 0.194623 0.203227
3 0.339734 0.110383 0.176344 0.139516
3 0.549882 0.383887 0.159139 0.177150
3 0.668179 0.530578 0.230108 0.198656
3 0.479940 0.498639 0.166130 0.187903
3 0.303595 0.468128 0.213441 0.201881
3 0.235013 0.636072 0.207527 0.200269