5 0.767288 0.655141 0.156452 0.154033
4 0.517272 0.788861 0.172044 0.212097
4 0.646673 0.857913 0.137097 0.156452
3 0.706989 0.289230 0.163978 0.169086
3 0.569775 0.325302 0.148925 0.169355
3 0.669455 0.143969 0.145161 0.147313
3 0.427638 0.310752 0.152150 0.146505
2 0.685517 0.533048 0.139784 0.156720
2 0.449345 0.176495 0.158064 0.137366
4 0.462113 0.623538 0.158602 0.181452
4 0.567843 0.078091 0.141936 0.156183
2 0.347262 0.180561 0.091398 0.114247
4 0.751949 0.983938 0.141398 0.030377
4 0.393363 0.981670 0.108602 0.035216
0 0.358753 0.760198 0.176881 0.161022
0 0.613794 0.641633 0.149462 0.164516
0 0.539264 0.523353 0.162903 0.152956
0 0.418363 0.527201 0.108602 0.132527
0 0.322278 0.650773 0.125806 0.132795
0 0.691583 0.054402 0.111291 0.090053
0 0.353091 0.082409 0.131183 0.099194
0 0.445514 0.059173 0.112903 0.112097
0 0.318969 0.218498 0.147313 0.133870
4 0.329352 0.318985 0.061828 0.081720
4 0.689045 0.746237 0.165591 0.167473
2 0.451949 0.418515 0.091398 0.143280