4 0.749680 0.766902 0.146236 0.140053
4 0.489331 0.646304 0.150537 0.155108
4 0.644657 0.606704 0.158064 0.154033
4 0.796993 0.524362 0.090861 0.092473
4 0.894019 0.427436 0.100537 0.089247
4 0.879150 0.357023 0.098925 0.107795
4 0.735299 0.234459 0.092473 0.097044
4 0.712567 0.644137 0.087634 0.116398
4 0.489684 0.757023 0.123119 0.107795
3 0.638727 0.809055 0.111828 0.146236
5 0.634930 0.946707 0.135484 0.105914
5 0.461878 0.947245 0.176881 0.106989
5 0.508787 0.839852 0.145698 0.142205
5 0.746102 0.469909 0.117205 0.124194
5 0.733854 0.343229 0.083333 0.108333
5 0.642977 0.426680 0.117205 0.115861
5 0.657661 0.328427 0.090322 0.094355
5 0.805074 0.291717 0.091398 0.111559
5 0.796237 0.416566 0.092473 0.101881
5 0.395531 0.939667 0.097312 0.113709
5 0.291482 0.977890 0.154839 0.043280