3 0.393851 0.116129 0.156452 0.182258
3 0.285349 0.226109 0.195698 0.145967
3 0.266062 0.367809 0.144623 0.148119
3 0.521623 0.668767 0.183870 0.184409
3 0.404687 0.760349 0.200000 0.220698
2 0.227520 0.740793 0.161291 0.194086
2 0.532712 0.213155 0.193548 0.166936
2 0.404738 0.339734 0.153227 0.176344
0 0.109879 0.677655 0.182258 0.161559
0 0.631402 0.065726 0.159678 0.131452
0 0.523488 0.363004 0.103227 0.132258
0 0.496052 0.042608 0.163978 0.085216
0 0.360248 0.881048 0.089247 0.087097
0 0.489987 0.420749 0.092473 0.069623
4 0.273740 0.119489 0.119355 0.088978
4 0.365003 0.554099 0.176881 0.170698
5 0.158770 0.503931 0.161291 0.176613
4 0.201949 0.280729 0.091398 0.108333