4 0.727759 0.705259 0.146142 0.138644
4 0.470628 0.606195 0.150631 0.156139
4 0.627955 0.554442 0.159034 0.155759
4 0.781563 0.457503 0.091252 0.093131
4 0.881832 0.354104 0.101164 0.092583
4 0.868642 0.284778 0.099784 0.110181
4 0.729307 0.174616 0.092989 0.099231
4 0.692896 0.586111 0.088917 0.119097
4 0.468591 0.717102 0.124683 0.115455
3 0.614323 0.760088 0.113020 0.148300
5 0.605930 0.898107 0.136861 0.111839
5 0.432395 0.911891 0.177289 0.114406
5 0.484209 0.799002 0.146544 0.141755
5 0.733688 0.408331 0.117377 0.126037
5 0.723152 0.283668 0.083803 0.107961
5 0.629251 0.374570 0.117877 0.117891
5 0.648841 0.272621 0.091433 0.092117
5 0.797215 0.225311 0.091305 0.113122
5 0.783752 0.349345 0.092505 0.101816
5 0.368548 0.907322 0.099595 0.117769
5 0.261795 0.957667 0.154839 0.049709