4 0.383699 0.485209 0.223648 0.251667
4 0.590875 0.424787 0.281750 0.302698
4 0.655295 0.668168 0.244966 0.214461
4 0.728691 0.376437 0.151131 0.193498
4 0.552092 0.190402 0.254184 0.221428
4 0.586649 0.040546 0.201423 0.081092
4 0.344424 0.065924 0.276348 0.131848
5 0.314118 0.296025 0.209486 0.207675
5 0.694941 0.108688 0.189883 0.195502
5 0.235452 0.236364 0.155278 0.172728
3 0.837000 0.580717 0.314625 0.264559
3 0.710588 0.835343 0.221175 0.226936
3 0.472966 0.833404 0.274058 0.282433
3 0.289826 0.703793 0.267152 0.263836