0 0.320457 0.838673 0.147164 0.196095
0 0.126263 0.831455 0.140027 0.169159
0 0.205677 0.708010 0.164478 0.144145
0 0.182403 0.593018 0.183556 0.154786
0 0.373761 0.597874 0.191272 0.214498
0 0.608618 0.111168 0.095361 0.103586
3 0.507756 0.579096 0.124887 0.161317
3 0.365299 0.092248 0.133723 0.096997
3 0.277733 0.095685 0.108591 0.106995
4 0.446531 0.766611 0.180563 0.180097
4 0.294567 0.456945 0.182884 0.207641
4 0.462487 0.250062 0.174973 0.190748
4 0.562762 0.296453 0.116148 0.096031
4 0.415953 0.453939 0.072531 0.095378
0 0.533423 0.130315 0.079347 0.104380
2 0.169037 0.449771 0.078698 0.083917
5 0.536811 0.417307 0.189247 0.187739