5 0.640598 0.849920 0.265572 0.206089
3 0.643225 0.093396 0.239575 0.186792
2 0.184982 0.902594 0.257464 0.186437
2 0.566751 0.714620 0.230377 0.260489
2 0.066861 0.102233 0.133722 0.204466
0 0.171720 0.644934 0.187191 0.242994
0 0.339080 0.710830 0.271911 0.271659
0 0.432677 0.905845 0.234103 0.136691
0 0.057141 0.791433 0.104908 0.214116
4 0.138250 0.087097 0.189000 0.174194
4 0.228070 0.313143 0.253016 0.204411
4 0.279080 0.125726 0.267536 0.223327
4 0.491845 0.047828 0.227439 0.095656
4 0.439489 0.352527 0.238353 0.283180
4 0.660207 0.289704 0.257914 0.251283
4 0.249202 0.448210 0.139028 0.193295
4 0.313719 0.008627 0.121188 0.017255