4 0.478776 0.208889 0.063802 0.092778
5 0.276573 0.068797 0.078145 0.075094
5 0.296579 0.118067 0.096283 0.092384
5 0.296579 0.118067 0.096283 0.092384
5 0.258448 0.478307 0.107522 0.094114
5 0.056035 0.790237 0.068320 0.071098
2 0.097573 0.851749 0.085772 0.100373
2 0.448491 0.756470 0.143858 0.141066
3 0.268694 0.749580 0.115512 0.183534
3 0.440454 0.398795 0.134033 0.156966
3 0.295066 0.378224 0.127633 0.125198
3 0.302556 0.206640 0.126988 0.125780
3 0.435985 0.183602 0.103220 0.120328
3 0.395093 0.089801 0.108936 0.113977
3 0.508713 0.079179 0.120550 0.123983
3 0.531136 0.129123 0.112272 0.089497
3 0.478875 0.025073 0.114000 0.050147
3 0.347455 0.036507 0.116786 0.073014
5 0.331148 0.460802 0.077920 0.062230