3 0.751613 0.257830 0.203227 0.209409
3 0.475185 0.107123 0.228495 0.214247
3 0.424412 0.188827 0.195698 0.143280
3 0.315356 0.209493 0.149462 0.165861
3 0.259022 0.677184 0.127419 0.148119
4 0.673001 0.445648 0.205377 0.213172
4 0.466717 0.375638 0.236559 0.232527
4 0.607762 0.235702 0.146773 0.168280
4 0.462214 0.526092 0.215053 0.161559
3 0.563256 0.056855 0.248387 0.113709
3 0.426831 0.666045 0.150537 0.135216
4 0.345330 0.786391 0.134409 0.154033
4 0.293027 0.540692 0.120430 0.112634
4 0.310501 0.445565 0.105377 0.091130
4 0.175958 0.558670 0.111291 0.129839
5 0.287013 0.827033 0.102150 0.138441
3 0.198017 0.835669 0.089784 0.099462
3 0.108031 0.848455 0.097312 0.109409
3 0.164045 0.691062 0.115591 0.119623