3 0.406402 0.196273 0.112805 0.130047
3 0.584510 0.262525 0.128395 0.121925
3 0.489161 0.324095 0.128322 0.126316
3 0.508003 0.433768 0.100381 0.101911
3 0.396139 0.429473 0.129778 0.121445
3 0.509033 0.542002 0.127441 0.124630
3 0.563514 0.592090 0.117653 0.121680
3 0.347541 0.476720 0.073206 0.075314
3 0.496535 0.628015 0.033695 0.062280
3 0.426257 0.613473 0.040014 0.080070
3 0.379201 0.874281 0.124027 0.123562
3 0.271833 0.961622 0.121791 0.076369
3 0.468782 0.975345 0.121939 0.050689
3 0.302995 0.898288 0.062241 0.065327
4 0.340074 0.170762 0.073898 0.091523
4 0.337648 0.261209 0.087797 0.084919
4 0.394245 0.539050 0.110366 0.103100
4 0.578441 0.074495 0.100631 0.067739
5 0.494375 0.225026 0.066875 0.081302
5 0.391067 0.295743 0.075884 0.069611
5 0.396145 0.349942 0.082916 0.056134
5 0.371912 0.568371 0.093825 0.102367
5 0.374395 0.956763 0.108164 0.085402
3 0.563804 0.943428 0.118233 0.111856