0 0.402313 0.813837 0.145250 0.196425
0 0.207266 0.821029 0.136408 0.170183
0 0.274314 0.692083 0.161128 0.146666
0 0.241767 0.581091 0.183534 0.155931
0 0.430142 0.569811 0.188409 0.217747
0 0.616750 0.069407 0.096000 0.101314
3 0.558125 0.545055 0.131875 0.161984
3 0.373309 0.066637 0.130994 0.098900
3 0.284580 0.074702 0.103534 0.108780
4 0.517855 0.732193 0.182584 0.176886
4 0.337694 0.435173 0.187888 0.207847
4 0.485022 0.217503 0.173169 0.191256
4 0.590688 0.254711 0.112627 0.093797
4 0.458186 0.421361 0.075747 0.092722
0 0.545449 0.093429 0.081523 0.102483
2 0.212119 0.434945 0.083613 0.082389
5 0.574324 0.378501 0.189273 0.185127