4 0.694187 0.090054 0.244623 0.180108
4 0.516079 0.127823 0.229033 0.255645
4 0.437180 0.875891 0.246236 0.248656
4 0.673740 0.788911 0.219355 0.215322
5 0.735232 0.578344 0.204839 0.197313
2 0.665995 0.449160 0.206989 0.229570
2 0.267053 0.409577 0.174731 0.237903
3 0.292792 0.093414 0.238709 0.186828
3 0.304738 0.226411 0.153227 0.165322
3 0.388155 0.678512 0.241936 0.266398
0 0.121640 0.550941 0.218280 0.201881
0 0.133535 0.745867 0.179570 0.210484
0 0.217641 0.812769 0.229033 0.275537
0 0.464062 0.449798 0.250000 0.237097
0 0.609778 0.687634 0.225806 0.250269
4 0.132964 0.027957 0.159678 0.055914