5 0.489966 0.307971 0.079933 0.087817
5 0.509795 0.248369 0.063341 0.071737
5 0.598130 0.793713 0.086884 0.078052
3 0.495663 0.085898 0.106952 0.106172
3 0.574032 0.330974 0.107439 0.115073
3 0.397670 0.312798 0.101589 0.113097
3 0.344666 0.334659 0.079958 0.084942
3 0.353351 0.246797 0.103577 0.102969
3 0.530308 0.438730 0.113741 0.114959
3 0.421651 0.418187 0.108927 0.120748
3 0.601246 0.602889 0.118117 0.130778
3 0.374941 0.075481 0.131133 0.116587
3 0.303873 0.065193 0.082745 0.105386
3 0.437499 0.539141 0.090623 0.103283
3 0.551220 0.974677 0.074314 0.049353
3 0.483429 0.981015 0.060608 0.037030
3 0.465704 0.919634 0.081408 0.083017
3 0.488705 0.889373 0.089909 0.109995
3 0.558738 0.898721 0.058102 0.053692
3 0.551248 0.838201 0.077495 0.079527
3 0.485966 0.796226 0.081308 0.079952
3 0.413059 0.757347 0.072994 0.095944
3 0.466146 0.721800 0.069792 0.071725
3 0.487085 0.675657 0.080420 0.076314
3 0.562802 0.659081 0.069355 0.074413
3 0.428454 0.636934 0.081908 0.095744
3 0.505380 0.608835 0.092011 0.102045
3 0.403378 0.661639 0.069256 0.076403
3 0.381666 0.581807 0.072706 0.082364
3 0.372151 0.526123 0.056802 0.067872
3 0.585378 0.931540 0.073881 0.094330
4 0.564940 0.512355 0.067380 0.065334
4 0.571939 0.736813 0.065753 0.079877