3 0.399853 0.127265 0.159081 0.182655
3 0.296700 0.236092 0.196525 0.147184
3 0.285125 0.375759 0.145250 0.148392
3 0.552112 0.684243 0.185473 0.184111
3 0.440494 0.771565 0.199737 0.221255
2 0.262419 0.746756 0.159213 0.193513
2 0.543355 0.228377 0.192961 0.166130
2 0.419026 0.352078 0.153677 0.176031
0 0.141765 0.680345 0.180405 0.160691
0 0.635901 0.083816 0.159302 0.133258
0 0.540851 0.378765 0.103577 0.132530
0 0.496390 0.056154 0.164655 0.087308
0 0.401760 0.890728 0.087895 0.087706
0 0.510675 0.435160 0.093225 0.070320
4 0.280510 0.128252 0.120395 0.090880
4 0.389916 0.565009 0.176706 0.170644
5 0.182098 0.508858 0.164195 0.177091
4 0.215150 0.285757 0.092800 0.109014