5 0.469160 0.196794 0.175820 0.181088
5 0.248714 0.467584 0.131803 0.157042
3 0.283930 0.033868 0.108484 0.042736
3 0.389398 0.044444 0.138172 0.054512
3 0.537399 0.057235 0.143548 0.064470
3 0.669132 0.069676 0.144514 0.073727
3 0.460137 0.085471 0.148400 0.095942
3 0.599002 0.126883 0.135503 0.106891
3 0.603630 0.186702 0.144759 0.123403
3 0.634015 0.326790 0.211780 0.191080
3 0.567822 0.479001 0.166894 0.179877
3 0.395634 0.515855 0.213144 0.225461
3 0.181759 0.335879 0.129144 0.165508
3 0.333493 0.207255 0.138861 0.158261
3 0.298837 0.338630 0.153923 0.167884
3 0.458933 0.356117 0.192866 0.187234
3 0.334499 0.102536 0.109623 0.098822