5 0.733082 0.602630 0.156789 0.152134
4 0.476210 0.752955 0.174295 0.215286
4 0.600991 0.812509 0.136358 0.153144
3 0.693954 0.240584 0.162908 0.168667
3 0.551446 0.285373 0.149767 0.170745
3 0.662642 0.096959 0.147159 0.150169
3 0.411533 0.280031 0.154316 0.150688
2 0.657898 0.484845 0.140795 0.157191
2 0.440588 0.144457 0.159302 0.138914
4 0.429104 0.590566 0.158208 0.181133
4 0.563548 0.058905 0.142722 0.117811
2 0.339394 0.155221 0.094412 0.113567
4 0.698824 0.933793 0.141398 0.036336
4 0.340238 0.955679 0.108602 0.039483
0 0.318368 0.736640 0.180486 0.160780
0 0.581670 0.599389 0.147716 0.164403
0 0.511477 0.484845 0.163580 0.154066
0 0.391591 0.497840 0.111308 0.136305
0 0.288241 0.627671 0.126483 0.136592
0 0.688805 0.024075 0.111984 0.048150
0 0.348924 0.057640 0.129098 0.099655
0 0.442854 0.043099 0.113833 0.086198
0 0.307566 0.198185 0.146381 0.133870
4 0.314217 0.294631 0.062809 0.083013
4 0.648632 0.697616 0.166014 0.167106
2 0.431707 0.384676 0.094664 0.144352