3 0.774154 0.214573 0.201433 0.210395
3 0.483221 0.093605 0.228942 0.187211
3 0.438317 0.165395 0.198509 0.140164
3 0.333242 0.189625 0.153984 0.166750
3 0.310475 0.662209 0.127200 0.149417
4 0.708716 0.406904 0.208058 0.210683
4 0.494528 0.347721 0.235931 0.232942
4 0.625826 0.200983 0.148527 0.167591
4 0.498786 0.496605 0.213197 0.168211
3 0.568677 0.039538 0.234228 0.079077
3 0.476827 0.641738 0.150530 0.133477
4 0.405442 0.765930 0.135884 0.153734
4 0.332005 0.522482 0.120259 0.113714
4 0.344855 0.426602 0.105336 0.090703
4 0.218463 0.548334 0.111927 0.131044
5 0.351134 0.810629 0.105394 0.136883
3 0.261787 0.824559 0.095448 0.099117
3 0.171809 0.842384 0.096742 0.109769
3 0.217994 0.681065 0.117237 0.121505