5 0.346608 0.507273 0.065091 0.070795
3 0.037866 0.558827 0.075733 0.117655
3 0.518192 0.966259 0.130134 0.066894
3 0.385827 0.856950 0.049780 0.126400
3 0.334851 0.792077 0.104077 0.090403
4 0.338119 0.724958 0.094988 0.062416
3 0.726527 0.969602 0.084303 0.061080
3 0.784716 0.954228 0.081933 0.080331
3 0.837426 0.892442 0.102977 0.078634
3 0.790462 0.844905 0.090298 0.092934
3 0.688874 0.829384 0.093373 0.086892
3 0.610677 0.773602 0.108855 0.097203
3 0.457577 0.608734 0.108905 0.136217
3 0.518624 0.535448 0.087248 0.102147
3 0.425787 0.501934 0.098448 0.113242
3 0.357143 0.652592 0.051786 0.030184
3 0.365223 0.595047 0.080447 0.090094
3 0.304494 0.528028 0.096488 0.099806
3 0.181554 0.724089 0.081858 0.079428
3 0.149098 0.781655 0.079445 0.094561
3 0.368300 0.414102 0.108475 0.121953
3 0.442834 0.404985 0.085669 0.113095
3 0.601199 0.355377 0.096148 0.088878
3 0.481952 0.218566 0.073278 0.099633
3 0.577691 0.189472 0.080381 0.078944
3 0.801107 0.098532 0.095964 0.097064
3 0.488110 0.118568 0.082470 0.090261
3 0.559649 0.080341 0.031798 0.057558
3 0.506470 0.069900 0.050439 0.049175
3 0.333634 0.261052 0.064142 0.084605
3 0.224367 0.250466 0.092484 0.100931
3 0.286147 0.207398 0.075419 0.086670
3 0.241366 0.141484 0.076483 0.089219
3 0.160399 0.159455 0.098923 0.100161
3 0.061530 0.169066 0.098061 0.088133