5 0.457947 0.172195 0.175269 0.178764
5 0.220330 0.456216 0.134409 0.156183
3 0.282913 0.019220 0.106452 0.038441
3 0.389398 0.025538 0.138172 0.051075
3 0.537399 0.030108 0.143548 0.060216
3 0.666868 0.035752 0.146236 0.071505
3 0.453613 0.062366 0.147850 0.099731
3 0.593716 0.093935 0.131183 0.103495
3 0.594623 0.158838 0.139247 0.123925
3 0.615777 0.294758 0.209678 0.189516
3 0.538508 0.450320 0.164516 0.178764
3 0.362702 0.498034 0.212903 0.224194
3 0.163541 0.326680 0.133333 0.165861
3 0.319305 0.188273 0.135484 0.157795
3 0.280057 0.323202 0.156989 0.168280
3 0.438155 0.333770 0.191936 0.186291
3 0.330914 0.086609 0.111828 0.101344