3 0.892170 0.088038 0.215591 0.176075
3 0.734459 0.128243 0.172044 0.165861
3 0.860837 0.258014 0.243548 0.237903
3 0.635584 0.271354 0.227419 0.233333
3 0.807947 0.451428 0.175269 0.199731
5 0.427705 0.255830 0.189784 0.164784
3 0.577805 0.828259 0.296236 0.300269
3 0.349546 0.865138 0.220967 0.227150
5 0.726193 0.884610 0.143011 0.206720
5 0.375252 0.668616 0.216130 0.199731
5 0.554032 0.552940 0.208064 0.246505
5 0.691852 0.693448 0.211828 0.180645
5 0.660920 0.469439 0.165591 0.185753
5 0.452268 0.401277 0.245161 0.215053
5 0.528394 0.137634 0.250537 0.250269
5 0.726008 0.029166 0.164516 0.058333
5 0.602234 0.045968 0.126344 0.091936
3 0.690793 0.570363 0.094086 0.078227