3 0.396808 0.166213 0.112366 0.129302
3 0.571791 0.219506 0.127956 0.123388
3 0.473084 0.290137 0.127419 0.127150
3 0.486206 0.397547 0.100537 0.101344
3 0.373623 0.400705 0.128495 0.120161
3 0.479334 0.505578 0.127419 0.123656
3 0.529452 0.551781 0.118280 0.122313
3 0.320666 0.453394 0.072581 0.075538
3 0.462517 0.593548 0.034409 0.062097
3 0.392305 0.582376 0.040861 0.080377
3 0.328747 0.847580 0.123119 0.120161
3 0.225118 0.951999 0.140861 0.094623
3 0.413441 0.959341 0.126881 0.081183
3 0.249933 0.878998 0.062366 0.064247
4 0.333350 0.145615 0.076075 0.094355
4 0.323773 0.236492 0.088172 0.085484
4 0.362652 0.512551 0.109678 0.103227
4 0.576966 0.032527 0.100806 0.065053
5 0.482846 0.187332 0.068817 0.080914
5 0.376209 0.266330 0.077419 0.070161
5 0.377066 0.321253 0.082258 0.051881
5 0.340255 0.543884 0.093011 0.100269
5 0.319926 0.942154 0.108602 0.106183
3 0.509946 0.906586 0.119892 0.113172