4 0.426238 0.687617 0.202477 0.231484
4 0.303696 0.889144 0.169892 0.222038
4 0.540959 0.110731 0.178794 0.152713
4 0.300191 0.060827 0.131633 0.087280
4 0.369586 0.278598 0.082922 0.150947
4 0.323718 0.240310 0.047436 0.089995
4 0.424106 0.061545 0.151337 0.079341
2 0.607417 0.744770 0.189834 0.245791
3 0.682936 0.127593 0.193997 0.164561
3 0.688169 0.227667 0.101337 0.061584
3 0.608913 0.278373 0.149077 0.172370
3 0.450474 0.261696 0.194698 0.204642
3 0.341403 0.131307 0.176556 0.140739
3 0.559076 0.420299 0.158777 0.178098
3 0.680328 0.572781 0.229406 0.198687
3 0.490840 0.530095 0.166055 0.188316
3 0.314383 0.488308 0.213141 0.201616
3 0.248262 0.650280 0.205900 0.200561