4 0.457217 0.228813 0.067559 0.092000
5 0.267354 0.079137 0.078458 0.073898
5 0.284069 0.129681 0.096263 0.090612
5 0.284069 0.129681 0.096263 0.090612
5 0.215463 0.487578 0.105925 0.093906
5 0.010801 0.791033 0.021602 0.057066
2 0.033426 0.856212 0.066852 0.099923
2 0.379329 0.774678 0.146158 0.139981
3 0.204176 0.759355 0.117727 0.184334
3 0.403941 0.416273 0.136006 0.157547
3 0.261127 0.390466 0.125378 0.124683
3 0.283699 0.219770 0.129898 0.123916
3 0.418790 0.202105 0.103205 0.119834
3 0.386713 0.105332 0.110925 0.113789
3 0.499267 0.098285 0.120409 0.124695
3 0.517668 0.151802 0.113461 0.087980
3 0.475416 0.034152 0.116458 0.068305
3 0.343736 0.043415 0.115597 0.086830
5 0.290223 0.472973 0.077320 0.061572