4 0.466224 0.657708 0.204323 0.227916
4 0.356323 0.873537 0.172020 0.231448
4 0.545168 0.073751 0.177836 0.147502
4 0.303206 0.042756 0.131412 0.085513
4 0.385829 0.250683 0.087283 0.148241
4 0.334138 0.216272 0.046402 0.088794
4 0.423769 0.034420 0.147538 0.068839
2 0.651230 0.702345 0.189961 0.242189
3 0.689290 0.079922 0.191080 0.159844
3 0.697198 0.175188 0.100647 0.066002
3 0.620500 0.233635 0.153500 0.170395
3 0.465080 0.228195 0.195786 0.203264
3 0.349483 0.105694 0.177091 0.139512
3 0.582141 0.377552 0.158031 0.176978
3 0.711265 0.522883 0.228780 0.198891
3 0.520433 0.492450 0.165866 0.188025
3 0.340569 0.465042 0.212388 0.201959
3 0.283723 0.632920 0.201822 0.200216