4 0.346102 0.514248 0.217205 0.253495
4 0.558535 0.469287 0.279570 0.301075
4 0.605124 0.718330 0.244623 0.214784
4 0.701462 0.432090 0.143548 0.195430
4 0.536206 0.230477 0.250537 0.217205
4 0.590255 0.064113 0.218011 0.128227
4 0.342859 0.079705 0.276344 0.159409
5 0.289432 0.318935 0.206989 0.203495
5 0.685248 0.163340 0.189247 0.195430
5 0.218902 0.252755 0.159678 0.168011
3 0.792877 0.646942 0.310753 0.262634
3 0.646203 0.890793 0.223656 0.219086
3 0.409509 0.864147 0.275269 0.272044
3 0.238508 0.724042 0.264516 0.263709