3 0.427335 0.742776 0.132795 0.129302
3 0.308770 0.728898 0.111291 0.107795
3 0.333905 0.611190 0.136559 0.141130
3 0.462147 0.629217 0.127419 0.111559
3 0.311979 0.809577 0.083333 0.087903
3 0.388794 0.132342 0.099462 0.111559
3 0.068061 0.613945 0.089247 0.084139
3 0.050622 0.347413 0.073119 0.076075
4 0.484661 0.094086 0.084947 0.088172
4 0.376949 0.231116 0.091398 0.099731
4 0.450420 0.321892 0.060216 0.109409
4 0.382056 0.402117 0.101612 0.110484
4 0.279788 0.478259 0.106452 0.100269
4 0.338491 0.503041 0.130108 0.102956
4 0.473001 0.504083 0.055377 0.061291
4 0.426294 0.476176 0.049462 0.083602
4 0.081872 0.420666 0.073119 0.072581
5 0.351647 0.308837 0.072044 0.073925
5 0.116935 0.365138 0.083870 0.077150
5 0.150202 0.424412 0.062903 0.070698
5 0.123135 0.307913 0.080645 0.056452