3 0.688194 0.968173 0.101388 0.064470
3 0.582852 0.962009 0.112578 0.077142
3 0.582852 0.962009 0.112578 0.077142
3 0.640542 0.950583 0.052959 0.048041
3 0.748391 0.949759 0.106158 0.083894
3 0.629413 0.880509 0.108827 0.095394
3 0.740934 0.837014 0.084994 0.092778
3 0.699083 0.562980 0.073166 0.085336
3 0.634566 0.577864 0.066008 0.074478
3 0.777866 0.987178 0.077608 0.024356
5 0.669174 0.507022 0.066473 0.064044
5 0.715006 0.886330 0.058137 0.047659
4 0.713748 0.662906 0.074372 0.082063
2 0.759867 0.619509 0.075984 0.085894
2 0.640065 0.685734 0.083255 0.062092
2 0.773617 0.700021 0.078484 0.075042
2 0.778763 0.575128 0.076275 0.075256
2 0.610792 0.796827 0.102834 0.081155
2 0.930503 0.560265 0.064131 0.086155
3 0.963166 0.722544 0.073208 0.079463
3 0.960016 0.787023 0.070033 0.067797
5 0.654120 0.740590 0.064491 0.059305