5 0.343452 0.475495 0.065028 0.069739
3 0.036246 0.555237 0.072492 0.116723
3 0.512335 0.931951 0.130920 0.098277
3 0.381327 0.819180 0.050155 0.125859
3 0.330217 0.759627 0.104184 0.091130
4 0.333487 0.694033 0.095100 0.066191
3 0.720373 0.917149 0.084495 0.090548
3 0.778446 0.881942 0.081892 0.079509
3 0.831227 0.817388 0.103080 0.078527
3 0.785841 0.773129 0.090431 0.096258
3 0.684176 0.767049 0.093352 0.084098
3 0.606073 0.717363 0.109020 0.100352
3 0.454538 0.567721 0.109077 0.135442
3 0.515576 0.488158 0.087402 0.101316
3 0.422632 0.464375 0.098389 0.113125
3 0.353962 0.619825 0.051673 0.027150
3 0.360591 0.558628 0.080556 0.089131
3 0.301384 0.499185 0.096519 0.101495
3 0.178404 0.705234 0.081808 0.079217
3 0.144402 0.766525 0.079430 0.092425
3 0.366663 0.380776 0.108325 0.120927
3 0.441183 0.364643 0.085491 0.110536
3 0.599598 0.302028 0.096070 0.088431
3 0.480298 0.175048 0.073097 0.100097
3 0.576078 0.139193 0.080281 0.078386
3 0.799740 0.039311 0.093230 0.078622
3 0.488090 0.075313 0.082430 0.088125
3 0.559789 0.031008 0.032078 0.058891
3 0.506530 0.024546 0.050561 0.049092
3 0.332115 0.230977 0.064230 0.083830
3 0.224334 0.228050 0.092419 0.099850
3 0.284594 0.181396 0.075438 0.087792
3 0.241409 0.119652 0.076567 0.089303
3 0.158770 0.144469 0.098789 0.098312
3 0.061510 0.162395 0.098020 0.084166