3 0.753106 0.257830 0.203088 0.209409
3 0.475202 0.107123 0.228530 0.214247
3 0.424520 0.188827 0.195914 0.143280
3 0.317092 0.209493 0.149809 0.165861
3 0.262133 0.677184 0.127391 0.148119
4 0.676226 0.445648 0.205577 0.213172
4 0.468219 0.375638 0.236437 0.232527
4 0.609392 0.235702 0.146909 0.168280
4 0.465253 0.526092 0.214881 0.161559
3 0.563311 0.056855 0.248497 0.113709
3 0.431456 0.666045 0.150413 0.135216
4 0.350069 0.786391 0.134512 0.154033
4 0.296109 0.540692 0.120342 0.112634
4 0.312062 0.445565 0.105373 0.091130
4 0.179069 0.558670 0.111263 0.129839
5 0.291772 0.827033 0.102294 0.138441
3 0.202923 0.835669 0.090220 0.099462
3 0.112697 0.848455 0.097269 0.109409
3 0.167204 0.691062 0.115658 0.119623