5 0.740894 0.076882 0.250537 0.153764
4 0.676025 0.620951 0.248925 0.257527
4 0.268229 0.585131 0.233333 0.248387
3 0.526361 0.781603 0.287097 0.297581
3 0.619741 0.286996 0.280108 0.292742
3 0.504334 0.135618 0.277419 0.271236
3 0.212046 0.163306 0.320967 0.326613
3 0.298051 0.313743 0.258602 0.196236
3 0.120010 0.683098 0.230645 0.259947
3 0.248068 0.856317 0.293011 0.287634
3 0.454267 0.921707 0.239784 0.155914
3 0.454267 0.921707 0.239784 0.155914
4 0.535752 0.457258 0.121505 0.214516
4 0.780545 0.148589 0.154839 0.109678