3 0.552352 0.086257 0.067205 0.078764
3 0.598690 0.197362 0.066130 0.072850
3 0.555914 0.288693 0.061828 0.068011
3 0.489970 0.323959 0.058064 0.066667
3 0.470464 0.373337 0.059678 0.068548
3 0.498051 0.419943 0.058602 0.068011
3 0.447177 0.437853 0.069355 0.072581
3 0.454083 0.503024 0.061291 0.068548
3 0.509627 0.489600 0.066130 0.076075
3 0.490827 0.631368 0.062903 0.065861
3 0.477722 0.692087 0.074194 0.068548
3 0.515222 0.729469 0.074194 0.077687
3 0.435602 0.725705 0.061828 0.070161
3 0.432577 0.654587 0.068280 0.068548
3 0.501815 0.850655 0.066130 0.066936
3 0.376462 0.863373 0.043548 0.064247
3 0.425051 0.967187 0.053227 0.050000
3 0.483334 0.908854 0.066667 0.058333
3 0.411979 0.674227 0.033333 0.042205
5 0.511795 0.026882 0.054839 0.053764
5 0.598975 0.063945 0.051075 0.059139
5 0.515709 0.073773 0.022044 0.038172
5 0.515305 0.169473 0.046236 0.054570
5 0.514130 0.210736 0.037634 0.037097
5 0.579032 0.339566 0.058064 0.057258
5 0.557980 0.485988 0.044086 0.053227
5 0.529150 0.539566 0.048925 0.057258
5 0.462517 0.549127 0.034409 0.035753
5 0.446052 0.302805 0.063978 0.071236
5 0.500958 0.120380 0.061291 0.062634
5 0.425723 0.492541 0.029570 0.047581
5 0.454469 0.876529 0.052687 0.056183
5 0.377755 0.923941 0.043011 0.057258
5 0.403277 0.856821 0.059678 0.069892
5 0.534997 0.862382 0.023119 0.034139
5 0.521606 0.958115 0.049462 0.044355
5 0.534207 0.911055 0.055914 0.065861
3 0.502570 0.262315 0.064516 0.071505
5 0.547094 0.367792 0.047313 0.063709
5 0.707208 0.911324 0.061291 0.066398