5 0.370295 0.488205 0.065591 0.070161
3 0.052805 0.556905 0.096236 0.116936
3 0.562954 0.951512 0.129033 0.096773
3 0.425269 0.833350 0.050537 0.126075
3 0.370363 0.773286 0.103227 0.090322
4 0.372043 0.707123 0.094086 0.064247
3 0.770598 0.943598 0.084947 0.090322
3 0.827066 0.910232 0.082258 0.079839
3 0.876075 0.846926 0.102150 0.078227
3 0.827436 0.802134 0.089247 0.094892
3 0.724899 0.791045 0.093548 0.085216
3 0.645951 0.738525 0.107527 0.098925
3 0.485013 0.583502 0.107527 0.135753
3 0.540423 0.506922 0.087097 0.101344
3 0.447900 0.478461 0.098925 0.113172
3 0.387281 0.632863 0.052687 0.028227
3 0.391616 0.574445 0.080108 0.089516
3 0.328074 0.511341 0.096773 0.100806
3 0.214566 0.711526 0.082258 0.079302
3 0.186660 0.773202 0.079570 0.093280
3 0.386089 0.394993 0.109678 0.121236
3 0.460736 0.380780 0.087097 0.111559
3 0.617137 0.323908 0.096773 0.088441
3 0.490491 0.192053 0.074731 0.099731
3 0.584341 0.159426 0.081183 0.078227
3 0.803293 0.057141 0.094086 0.098656
3 0.492960 0.092927 0.082795 0.088978
3 0.563223 0.049479 0.029570 0.058333
3 0.509106 0.043347 0.049462 0.049194
3 0.345783 0.243632 0.063441 0.084139
3 0.235837 0.237634 0.093548 0.100269
3 0.293884 0.191986 0.075269 0.087097
3 0.247278 0.128998 0.075806 0.089247
3 0.167187 0.150891 0.100000 0.098656
3 0.069506 0.164752 0.098388 0.085753