0 0.363474 0.819993 0.145698 0.196236
0 0.168817 0.824009 0.137634 0.169892
0 0.242120 0.696287 0.162366 0.145698
0 0.213541 0.584073 0.183333 0.155645
0 0.403730 0.575655 0.188709 0.216936
0 0.613474 0.079066 0.095698 0.101881
3 0.534560 0.552520 0.128495 0.161291
3 0.369254 0.072362 0.132258 0.097850
3 0.281082 0.080729 0.105914 0.108333
4 0.484341 0.740406 0.181183 0.177687
4 0.316180 0.439835 0.185484 0.207795
4 0.474059 0.225252 0.173119 0.191130
4 0.577302 0.265927 0.113978 0.094355
4 0.438659 0.429452 0.074194 0.093280
0 0.540054 0.103041 0.080108 0.102956
2 0.192154 0.438004 0.081183 0.082258
5 0.557123 0.388189 0.189247 0.185753