4 0.708391 0.071788 0.219908 0.143577
4 0.517552 0.114989 0.228855 0.229978
4 0.452370 0.853054 0.245364 0.256108
4 0.687868 0.752630 0.219486 0.217759
5 0.746020 0.540338 0.204539 0.199425
2 0.673117 0.415588 0.205609 0.231177
2 0.274987 0.395127 0.174975 0.237128
3 0.293947 0.086552 0.237894 0.173103
3 0.307750 0.208556 0.153000 0.167112
3 0.400932 0.657840 0.242489 0.265680
0 0.132488 0.544754 0.218102 0.202008
0 0.145219 0.738555 0.177937 0.214611
0 0.231581 0.801811 0.228788 0.278622
0 0.471288 0.423969 0.248827 0.238563
0 0.621368 0.655420 0.227111 0.248339
4 0.128133 0.024538 0.150016 0.049077