3 0.497421 0.489777 0.216717 0.213930
3 0.363266 0.414297 0.185908 0.200469
4 0.451401 0.014723 0.134052 0.029447
4 0.840921 0.576262 0.222467 0.208773
4 0.684234 0.724545 0.224719 0.245966
4 0.788252 0.784197 0.223380 0.202769
4 0.478759 0.705863 0.223142 0.224225
4 0.184974 0.752684 0.291823 0.255367
4 0.201707 0.534362 0.159664 0.181223
4 0.370278 0.843998 0.178056 0.219247
4 0.248438 0.912190 0.156252 0.155630
4 0.602814 0.905890 0.165003 0.139905
5 0.594898 0.072756 0.183547 0.145512
5 0.529025 0.162536 0.048675 0.112572
5 0.416671 0.153463 0.073967 0.197550
5 0.559427 0.355884 0.209478 0.199267
5 0.721024 0.482270 0.248298 0.242666
5 0.541083 0.850670 0.163416 0.170089
4 0.306873 0.589326 0.226245 0.206777