5 0.614084 0.912595 0.265667 0.175191
3 0.639062 0.146677 0.240623 0.227728
2 0.157013 0.916338 0.257777 0.167050
2 0.544167 0.780034 0.232084 0.256942
2 0.064186 0.106719 0.128372 0.210312
0 0.152518 0.663916 0.189411 0.240331
0 0.315754 0.750659 0.275258 0.260692
0 0.404023 0.941902 0.233047 0.115055
0 0.042956 0.792162 0.085913 0.212450
4 0.135799 0.103173 0.190348 0.175097
4 0.218220 0.333766 0.255191 0.208156
4 0.274909 0.157328 0.268567 0.217781
4 0.496718 0.083035 0.240311 0.137945
4 0.427880 0.403398 0.240136 0.278672
4 0.649863 0.368851 0.255975 0.247077
4 0.236362 0.482266 0.141475 0.189531
4 0.306555 0.032336 0.144361 0.049047