5 0.639596 0.875649 0.135442 0.207548
3 0.625847 0.321016 0.217319 0.245156
3 0.217132 0.249945 0.256139 0.231141
3 0.439731 0.339018 0.238837 0.265536
3 0.635585 0.125766 0.233670 0.170281
0 0.504029 0.895605 0.236183 0.209959
0 0.090434 0.938241 0.180867 0.123358
0 0.338922 0.664686 0.302844 0.238747
0 0.036074 0.752657 0.072148 0.195939
0 0.131259 0.610442 0.196892 0.252134
3 0.327545 0.099381 0.255089 0.167513
2 0.550078 0.705057 0.231406 0.235114
2 0.269577 0.866471 0.267280 0.267317
2 0.538105 0.059930 0.188709 0.063611
2 0.141937 0.059728 0.165125 0.110081
2 0.196318 0.440253 0.180136 0.186756
2 0.065502 0.072528 0.131003 0.145056
2 0.078308 0.189139 0.156616 0.112653