3 0.484896 0.511273 0.216667 0.213172
3 0.354217 0.431653 0.186559 0.200806
4 0.453646 0.025269 0.166667 0.050537
4 0.827184 0.614566 0.223119 0.207258
4 0.665759 0.753478 0.225269 0.247581
4 0.767053 0.817944 0.224731 0.198387
4 0.462097 0.727805 0.224194 0.221236
4 0.168112 0.760853 0.292473 0.252956
4 0.189752 0.542507 0.160753 0.178764
4 0.350185 0.860080 0.178495 0.220161
4 0.226126 0.923623 0.155377 0.153495
4 0.581233 0.933098 0.165591 0.134947
5 0.592960 0.086425 0.182795 0.172850
5 0.525756 0.187567 0.048387 0.112634
5 0.414197 0.175084 0.075269 0.197044
5 0.551176 0.383216 0.208602 0.200806
5 0.707812 0.516633 0.250000 0.239516
5 0.519489 0.874899 0.163978 0.168548
4 0.292322 0.602066 0.225269 0.207258