5 0.712864 0.694915 0.156978 0.155455
4 0.453884 0.817527 0.176519 0.210055
4 0.576234 0.890515 0.136844 0.159155
3 0.685843 0.327259 0.162311 0.170142
3 0.542621 0.354834 0.150867 0.169042
3 0.657099 0.178891 0.148573 0.145281
3 0.403061 0.332944 0.156122 0.147138
2 0.642854 0.570540 0.141958 0.156705
2 0.436396 0.199587 0.160292 0.136675
4 0.410244 0.647095 0.157988 0.181691
4 0.561084 0.106998 0.144042 0.157747
2 0.333984 0.199656 0.096094 0.114937
4 0.310168 0.993205 0.073461 0.014534
0 0.296085 0.779322 0.182795 0.161769
0 0.564204 0.673234 0.147158 0.165219
0 0.497603 0.552626 0.163956 0.152127
0 0.375158 0.547884 0.112816 0.130144
0 0.268238 0.667256 0.127102 0.131387
0 0.686221 0.093022 0.113067 0.092294
0 0.346780 0.102251 0.127936 0.101377
0 0.441551 0.083701 0.114352 0.114277
0 0.299495 0.235755 0.145864 0.134011
4 0.305416 0.337397 0.063956 0.081044
4 0.626875 0.782562 0.166250 0.168248
2 0.420267 0.444676 0.096784 0.142477