4 0.744984 0.766902 0.146217 0.140053
4 0.486216 0.646304 0.150556 0.155108
4 0.641629 0.606704 0.158258 0.154033
4 0.793907 0.524362 0.090939 0.092473
4 0.890956 0.427436 0.100663 0.089247
4 0.876111 0.357023 0.099097 0.107795
4 0.735351 0.234459 0.092577 0.097044
4 0.709570 0.644137 0.087891 0.116398
4 0.485153 0.757023 0.123431 0.107795
3 0.634112 0.809055 0.111975 0.146236
5 0.628817 0.946707 0.135759 0.105914
5 0.455669 0.947245 0.176962 0.106989
5 0.504184 0.839852 0.145867 0.142205
5 0.744557 0.469909 0.117239 0.124194
5 0.730776 0.343229 0.083427 0.108333
5 0.639920 0.426680 0.117339 0.115861
5 0.656210 0.328427 0.090545 0.094355
5 0.803502 0.291717 0.091380 0.111559
5 0.793115 0.416566 0.092480 0.101881
5 0.391072 0.939667 0.097769 0.113709
5 0.285232 0.977890 0.154839 0.043280