5 0.635920 0.900756 0.265591 0.198387
3 0.641767 0.123623 0.239784 0.228495
2 0.178763 0.913659 0.257527 0.174194
2 0.562198 0.760148 0.230645 0.257795
2 0.066398 0.104973 0.132795 0.209947
0 0.168817 0.658065 0.187634 0.241130
0 0.334728 0.738239 0.272581 0.263978
0 0.427873 0.934829 0.233870 0.129033
0 0.052151 0.790961 0.104302 0.213172
4 0.138373 0.098706 0.189247 0.175537
4 0.226613 0.326798 0.253227 0.206720
4 0.279184 0.148605 0.267742 0.219086
4 0.496455 0.067339 0.239784 0.134678
4 0.438105 0.388088 0.238709 0.279302
4 0.658451 0.344372 0.257527 0.248119
4 0.247748 0.471858 0.139247 0.190591
4 0.306552 0.022715 0.144355 0.045430