5 0.457417 0.070872 0.196084 0.141744
5 0.262239 0.029217 0.227603 0.058434
5 0.425710 0.194013 0.182670 0.194277
5 0.512260 0.618762 0.105770 0.159398
5 0.760291 0.621527 0.217458 0.280555
5 0.927100 0.636602 0.144825 0.185705
5 0.884252 0.853579 0.231005 0.266533
5 0.806502 0.944884 0.159880 0.092892
5 0.283309 0.878102 0.225994 0.237453
3 0.557841 0.014039 0.156308 0.028078
3 0.679945 0.161695 0.247391 0.273391
3 0.423603 0.718667 0.262831 0.315459
3 0.632095 0.866760 0.257941 0.246020
3 0.422773 0.936995 0.289297 0.117741