5 0.673236 0.832157 0.137097 0.208064
3 0.636777 0.282795 0.220430 0.240591
3 0.226613 0.237735 0.253227 0.231720
3 0.452923 0.311324 0.237097 0.266398
3 0.638004 0.085080 0.232258 0.170161
0 0.540642 0.880074 0.234409 0.241398
0 0.110349 0.934073 0.220698 0.130645
0 0.366113 0.639264 0.297850 0.237903
0 0.051344 0.747648 0.102688 0.207795
0 0.155393 0.601748 0.195161 0.253495
3 0.330276 0.081586 0.254302 0.163172
2 0.577772 0.666532 0.227419 0.233064
2 0.305746 0.856586 0.267742 0.288172
2 0.538105 0.029032 0.188709 0.058064
2 0.141767 0.051748 0.164784 0.103495
2 0.212147 0.422883 0.177419 0.189516
2 0.067742 0.070565 0.135484 0.141130
2 0.081183 0.182443 0.162366 0.118011