3 0.893785 0.140029 0.212570 0.183183
3 0.741930 0.170733 0.174486 0.166466
3 0.874620 0.307957 0.246116 0.237789
3 0.651914 0.308011 0.228828 0.234772
3 0.833044 0.496689 0.178588 0.202753
5 0.443067 0.279006 0.192384 0.161137
3 0.625404 0.854664 0.300808 0.290578
3 0.400668 0.885289 0.223211 0.229953
5 0.784674 0.911391 0.125598 0.175908
5 0.414909 0.690969 0.217319 0.203813
5 0.585235 0.586132 0.207970 0.247264
5 0.732790 0.734901 0.212455 0.182302
5 0.687593 0.509289 0.168936 0.184203
5 0.475888 0.427760 0.245527 0.214895
5 0.536595 0.168203 0.251316 0.248906
5 0.725852 0.067708 0.164203 0.060416
5 0.605409 0.080083 0.129569 0.097666
3 0.724087 0.610225 0.091925 0.073575