5 0.136559 0.415473 0.273119 0.240322
5 0.424866 0.278512 0.274731 0.266398
5 0.547866 0.147547 0.130108 0.176344
5 0.673858 0.144036 0.210216 0.159947
5 0.817002 0.273773 0.171505 0.163172
5 0.830762 0.378595 0.202150 0.138441
5 0.943414 0.243985 0.111828 0.156720
5 0.643464 0.519338 0.215053 0.229302
5 0.620111 0.738962 0.187097 0.218548
5 0.838945 0.027285 0.134139 0.054570
5 0.171723 0.543784 0.240322 0.143817
4 0.663273 0.035080 0.207795 0.070161
4 0.898219 0.111240 0.202687 0.194355
4 0.437601 0.779116 0.256452 0.305108
4 0.260635 0.707443 0.180645 0.218011
3 0.444607 0.512030 0.254839 0.236559