5 0.203629 0.558467 0.219758 0.120059
5 0.193565 0.418959 0.255880 0.225419
5 0.474490 0.330457 0.255230 0.226539
5 0.633650 0.590648 0.220425 0.209422
5 0.717552 0.693580 0.394478 0.443411
5 0.816349 0.440433 0.154573 0.152741
5 0.700067 0.306992 0.187634 0.145234
4 0.424135 0.788282 0.242020 0.289064
4 0.267282 0.734332 0.190814 0.221789
4 0.466573 0.535831 0.236272 0.221663
4 0.032237 0.538303 0.064473 0.223481
4 0.902434 0.299840 0.186119 0.174680
4 0.703727 0.163392 0.188703 0.183034
5 0.862109 0.185791 0.127342 0.134081
5 0.911620 0.144774 0.148239 0.130173