3 0.370780 0.717607 0.132184 0.128964
3 0.253836 0.711405 0.113922 0.107184
3 0.287315 0.590884 0.137130 0.141142
3 0.414484 0.601895 0.128967 0.113164
3 0.253309 0.789914 0.084744 0.089203
3 0.378359 0.108459 0.097344 0.110667
3 0.033566 0.609531 0.067133 0.084687
3 0.031219 0.343998 0.062437 0.075495
4 0.477439 0.065961 0.086128 0.088172
4 0.358851 0.209087 0.092702 0.099423
4 0.423863 0.296548 0.063352 0.108722
4 0.351010 0.380169 0.102020 0.110338
4 0.243572 0.462673 0.109019 0.100347
4 0.300345 0.484266 0.131941 0.106031
4 0.434083 0.477257 0.058791 0.063889
4 0.392027 0.452155 0.052803 0.085559
4 0.049646 0.416072 0.074292 0.072769
5 0.327553 0.289780 0.070731 0.073311
5 0.089564 0.357359 0.085378 0.077219
5 0.118381 0.415072 0.061762 0.070769
5 0.099902 0.298773 0.081053 0.056922