5 0.451572 0.188594 0.175019 0.180313
5 0.207065 0.462752 0.136005 0.156755
3 0.282452 0.028420 0.105528 0.041214
3 0.389398 0.037620 0.138172 0.053366
3 0.537399 0.048712 0.143548 0.063050
3 0.665697 0.058188 0.147019 0.072627
3 0.451924 0.078291 0.147598 0.097206
3 0.589786 0.115378 0.129572 0.105756
3 0.590299 0.177414 0.136848 0.123578
3 0.607487 0.315591 0.208723 0.190558
3 0.525469 0.469440 0.163437 0.179505
3 0.348832 0.509349 0.213289 0.224948
3 0.153949 0.332813 0.136023 0.165625
3 0.315038 0.200928 0.136327 0.158106
3 0.271378 0.333963 0.158381 0.167927
3 0.428569 0.348147 0.191513 0.186919
3 0.328290 0.098270 0.112830 0.099664