4 0.702184 0.077883 0.229367 0.155766
4 0.514546 0.119361 0.229092 0.238722
4 0.432639 0.859578 0.246528 0.253531
4 0.669030 0.764678 0.219311 0.216856
5 0.732157 0.552485 0.204939 0.198720
2 0.663099 0.427820 0.207448 0.230641
2 0.265645 0.399944 0.175041 0.237388
3 0.292992 0.088707 0.239109 0.177414
3 0.303213 0.214507 0.153302 0.166514
3 0.383449 0.665772 0.241898 0.265919
0 0.118545 0.546295 0.218339 0.201966
0 0.129120 0.740992 0.180114 0.213234
0 0.212995 0.804377 0.229114 0.277503
0 0.461133 0.433099 0.250391 0.238073
0 0.604892 0.666679 0.225409 0.248983
4 0.129701 0.025595 0.153152 0.051189