3 0.511852 0.539936 0.217453 0.214247
3 0.375359 0.452519 0.185094 0.201912
4 0.453646 0.049727 0.166667 0.055705
4 0.859264 0.663620 0.221653 0.205364
4 0.705765 0.791988 0.224030 0.249600
4 0.812406 0.860546 0.221687 0.192967
4 0.498750 0.754564 0.222500 0.221628
4 0.206778 0.769391 0.291681 0.251281
4 0.216777 0.554373 0.158553 0.177495
4 0.395012 0.880965 0.177525 0.221305
4 0.275858 0.930265 0.157966 0.138655
4 0.630571 0.949679 0.164267 0.099358
5 0.596930 0.119577 0.184486 0.176655
5 0.533905 0.217294 0.049059 0.112712
5 0.423550 0.199951 0.075225 0.196777
5 0.570913 0.416991 0.210575 0.202733
5 0.735584 0.557477 0.246169 0.236828
5 0.565870 0.906748 0.162991 0.166622
4 0.324671 0.618967 0.227467 0.209809