3 0.548200 0.070495 0.068275 0.078489
3 0.587935 0.180101 0.066495 0.072702
3 0.540273 0.273072 0.061797 0.068019
3 0.473078 0.309880 0.058656 0.066636
3 0.450673 0.359200 0.060720 0.068400
3 0.475948 0.404416 0.058147 0.068206
3 0.424908 0.423986 0.068566 0.072972
3 0.427280 0.489020 0.060811 0.068666
3 0.484838 0.473877 0.066552 0.075880
3 0.458168 0.617207 0.063211 0.065664
3 0.441939 0.677911 0.074503 0.068322
3 0.475905 0.713921 0.073686 0.077842
3 0.396736 0.713149 0.062222 0.070048
3 0.398259 0.643419 0.068392 0.068087
3 0.456727 0.834894 0.066580 0.066662
3 0.330515 0.852370 0.042280 0.064114
3 0.373164 0.954909 0.052578 0.050442
3 0.436473 0.894702 0.066695 0.058153
3 0.376787 0.662996 0.031698 0.041617
5 0.510176 0.019463 0.054727 0.038925
5 0.595245 0.046805 0.049864 0.059234
5 0.513077 0.058328 0.023030 0.038531
5 0.505988 0.153984 0.046350 0.054844
5 0.503601 0.195244 0.038452 0.037362
5 0.561718 0.322305 0.057811 0.057109
5 0.534148 0.470605 0.043297 0.053711
5 0.501053 0.524094 0.048981 0.057563
5 0.434843 0.535076 0.035311 0.035777
5 0.429569 0.288661 0.065388 0.071072
5 0.494299 0.106409 0.060473 0.062819
5 0.399794 0.480146 0.030838 0.047792
5 0.407622 0.862455 0.052744 0.056159
5 0.330204 0.911469 0.041658 0.057313
5 0.359513 0.845970 0.059650 0.070064
5 0.488573 0.846683 0.024020 0.033991
5 0.472043 0.943869 0.050336 0.043987
5 0.485066 0.895238 0.057633 0.065477
3 0.488438 0.246604 0.064375 0.071333
5 0.527330 0.352132 0.048411 0.063639
5 0.658993 0.891078 0.061736 0.066531