3 0.401605 0.138205 0.112584 0.129536
3 0.578151 0.179906 0.128177 0.125438
3 0.480988 0.256594 0.127602 0.128812
3 0.497105 0.361976 0.100459 0.102077
3 0.384880 0.373928 0.129136 0.119731
3 0.494920 0.473216 0.127341 0.124558
3 0.546484 0.513330 0.117967 0.123536
3 0.334884 0.431622 0.072894 0.075744
3 0.479235 0.562214 0.033470 0.061928
3 0.409281 0.552855 0.040438 0.080709
3 0.353973 0.824582 0.123572 0.117914
3 0.253618 0.938007 0.141611 0.101014
3 0.442987 0.933291 0.126600 0.085333
3 0.276464 0.859751 0.062303 0.063252
4 0.335931 0.122022 0.074987 0.097169
4 0.331492 0.212563 0.087984 0.087627
4 0.378448 0.488016 0.110022 0.104158
4 0.577124 0.012366 0.079248 0.024733
5 0.488611 0.152966 0.067847 0.080933
5 0.383639 0.240498 0.076653 0.071622
5 0.386605 0.293001 0.082586 0.051627
5 0.356084 0.521155 0.093417 0.098559
5 0.346379 0.920570 0.108383 0.106766
3 0.537657 0.870541 0.119064 0.112956