5 0.493182 0.254310 0.080114 0.086745
5 0.512895 0.191002 0.063291 0.069503
5 0.607586 0.729902 0.087047 0.078553
3 0.495820 0.041823 0.107266 0.083647
3 0.578563 0.268678 0.107127 0.115481
3 0.400923 0.268214 0.101845 0.114553
3 0.348023 0.297606 0.080422 0.082712
3 0.355001 0.208220 0.103752 0.103939
3 0.536634 0.379891 0.113892 0.116033
3 0.426285 0.372345 0.108820 0.122814
3 0.607725 0.536632 0.118575 0.129514
3 0.376356 0.045975 0.130837 0.091950
3 0.296494 0.041430 0.067988 0.082861
3 0.443824 0.491717 0.090773 0.102184
3 0.562260 0.930038 0.074520 0.075702
3 0.495493 0.941031 0.062861 0.060188
3 0.475270 0.870899 0.081791 0.079298
3 0.498112 0.836943 0.089973 0.111386
3 0.569551 0.838321 0.057852 0.057892
3 0.560776 0.778203 0.077802 0.078281
3 0.495373 0.746366 0.081370 0.080231
3 0.420975 0.711891 0.073200 0.095658
3 0.474069 0.674345 0.070013 0.070564
3 0.494841 0.622533 0.080308 0.073191
3 0.570615 0.599534 0.069355 0.074069
3 0.436179 0.591250 0.081733 0.095000
3 0.511649 0.554377 0.092048 0.099380
3 0.411434 0.619179 0.069744 0.072733
3 0.387947 0.540084 0.072769 0.083292
3 0.378152 0.486130 0.056303 0.072259
3 0.594674 0.868146 0.073723 0.095667
4 0.571246 0.451119 0.067492 0.067863
4 0.579871 0.676572 0.065992 0.081269