3 0.659913 0.948219 0.101075 0.102688
3 0.554352 0.945195 0.111828 0.109139
3 0.554352 0.945195 0.111828 0.109139
3 0.614113 0.914684 0.053227 0.048119
3 0.721438 0.908720 0.105377 0.083064
3 0.604570 0.845127 0.109139 0.096505
3 0.719036 0.795968 0.084947 0.091936
3 0.683703 0.522833 0.073656 0.086291
3 0.618733 0.541919 0.065591 0.074463
3 0.747480 0.966684 0.088709 0.067742
5 0.654940 0.469623 0.066130 0.064247
5 0.689701 0.847228 0.057527 0.047581
4 0.696741 0.623538 0.074731 0.081452
2 0.742859 0.575689 0.076344 0.085753
2 0.621354 0.648773 0.083333 0.063172
2 0.753579 0.656384 0.079033 0.075269
2 0.762903 0.530713 0.075806 0.073925
2 0.589113 0.762601 0.103227 0.081452
2 0.916902 0.507477 0.065053 0.086828
3 0.948135 0.668935 0.080645 0.078495
3 0.938071 0.733602 0.069892 0.067205
5 0.634089 0.703411 0.065053 0.059947