5 0.483535 0.285602 0.079570 0.086828
5 0.503595 0.224412 0.063441 0.070698
5 0.580780 0.767238 0.086559 0.078227
3 0.494120 0.063491 0.106989 0.105108
3 0.568095 0.304267 0.108064 0.114784
3 0.391162 0.294355 0.101075 0.113709
3 0.336391 0.319926 0.079033 0.083602
3 0.348488 0.231166 0.103227 0.102956
3 0.520783 0.413911 0.113441 0.115322
3 0.412382 0.399815 0.109139 0.121505
3 0.588290 0.574429 0.117205 0.130108
3 0.373673 0.057930 0.131720 0.115861
3 0.302873 0.051748 0.083870 0.103495
3 0.424848 0.518397 0.090322 0.102419
3 0.527991 0.963391 0.074731 0.073656
3 0.460602 0.969926 0.061828 0.058602
3 0.443448 0.898538 0.080645 0.081452
3 0.468330 0.867742 0.089784 0.110484
3 0.538676 0.873001 0.058602 0.055377
3 0.532191 0.812820 0.076881 0.078764
3 0.467423 0.774295 0.081720 0.079839
3 0.395666 0.738340 0.072581 0.095430
3 0.450302 0.702805 0.069355 0.071236
3 0.471573 0.653125 0.080645 0.075000
3 0.547177 0.633838 0.069355 0.073925
3 0.414566 0.616465 0.082258 0.095430
3 0.491280 0.586341 0.091936 0.100806
3 0.388827 0.643616 0.068280 0.074731
3 0.369103 0.564701 0.072581 0.082527
3 0.360148 0.509812 0.057795 0.069623
3 0.563659 0.905259 0.074194 0.094892
4 0.553915 0.486324 0.067205 0.066398
4 0.554940 0.711795 0.066130 0.079839