3 0.427335 0.773302 0.132795 0.130978
3 0.308770 0.749577 0.111291 0.108528
3 0.333905 0.634957 0.136559 0.141789
3 0.462147 0.662058 0.127419 0.111616
3 0.311979 0.832234 0.083333 0.086344
3 0.388794 0.158592 0.099462 0.114059
3 0.068061 0.618712 0.089247 0.084298
3 0.050622 0.350885 0.073119 0.076770
4 0.484661 0.127130 0.084947 0.088636
4 0.376949 0.256388 0.091398 0.100277
4 0.450420 0.352341 0.060216 0.110931
4 0.382056 0.429009 0.101612 0.111142
4 0.279788 0.496962 0.106452 0.100175
4 0.338491 0.525071 0.130108 0.100142
4 0.473001 0.538786 0.055377 0.058822
4 0.426294 0.506665 0.049462 0.082080
4 0.081872 0.425548 0.073119 0.072970
5 0.351647 0.334580 0.072044 0.075409
5 0.116935 0.373016 0.083870 0.077283
5 0.150202 0.435434 0.062903 0.070869
5 0.123135 0.316725 0.080645 0.058450