4 0.471589 0.236459 0.065053 0.091667
5 0.273353 0.083569 0.077956 0.073388
5 0.291868 0.135652 0.096236 0.090053
5 0.291868 0.135652 0.096236 0.090053
5 0.244120 0.492221 0.106989 0.093817
5 0.033871 0.790440 0.067742 0.071505
2 0.072698 0.856116 0.086022 0.099731
2 0.425437 0.782258 0.144623 0.139516
3 0.247127 0.764214 0.116130 0.184678
3 0.428142 0.424210 0.134409 0.157795
3 0.283753 0.395044 0.126881 0.124463
3 0.296791 0.225622 0.127956 0.123119
3 0.429469 0.209812 0.102688 0.119623
3 0.392070 0.113105 0.109139 0.113709
3 0.505259 0.107813 0.119892 0.125000
3 0.526495 0.160870 0.112366 0.087366
3 0.477570 0.038038 0.114516 0.076075
3 0.345565 0.046371 0.116130 0.092742
5 0.316834 0.479083 0.077419 0.061291