5 0.740227 0.062462 0.249203 0.124923
4 0.651569 0.593056 0.246888 0.257987
4 0.243152 0.575351 0.233178 0.247577
3 0.494640 0.760168 0.286155 0.295336
3 0.608793 0.261044 0.280086 0.293963
3 0.498900 0.125870 0.279050 0.251739
3 0.204668 0.159025 0.318711 0.318050
3 0.286800 0.300232 0.261100 0.200464
3 0.103547 0.677347 0.207094 0.260944
3 0.212627 0.848173 0.297130 0.293220
3 0.414146 0.907473 0.240792 0.158697
3 0.414146 0.907473 0.240792 0.158697
4 0.515438 0.436738 0.124627 0.214100
4 0.775159 0.116295 0.156569 0.113839