5 0.673236 0.790228 0.137097 0.208581
3 0.636777 0.243120 0.220430 0.239364
3 0.226613 0.224603 0.253227 0.233581
3 0.452923 0.282403 0.237097 0.267931
3 0.638004 0.064962 0.232258 0.129923
0 0.540642 0.848756 0.234409 0.244387
0 0.110349 0.930188 0.220698 0.138500
0 0.366113 0.612830 0.297850 0.238161
0 0.051344 0.746162 0.102688 0.207950
0 0.155393 0.590870 0.195161 0.256741
3 0.330276 0.071620 0.254302 0.143241
2 0.577772 0.628812 0.227419 0.232623
2 0.305746 0.837088 0.267742 0.292927
2 0.525215 0.012164 0.137930 0.024328
2 0.138021 0.046839 0.157292 0.093678
2 0.212147 0.405934 0.177419 0.193117
2 0.067742 0.069767 0.135484 0.139534
2 0.081183 0.177309 0.162366 0.123369