5 0.156715 0.416978 0.275930 0.240206
5 0.439869 0.285979 0.273487 0.265708
5 0.556412 0.158456 0.134700 0.176287
5 0.680573 0.155149 0.211145 0.160298
5 0.830895 0.287684 0.171166 0.162867
5 0.849176 0.393759 0.204602 0.137517
5 0.950314 0.265682 0.100628 0.146989
5 0.672094 0.530066 0.209813 0.228883
5 0.655754 0.748795 0.192758 0.219464
5 0.838952 0.041739 0.134153 0.055353
5 0.197863 0.547399 0.239477 0.141673
4 0.663520 0.045002 0.208289 0.071255
4 0.901516 0.126933 0.196783 0.194491
4 0.478676 0.786415 0.257352 0.304080
4 0.295655 0.711724 0.175686 0.217198
3 0.471170 0.519645 0.254839 0.236164