4 0.362838 0.542477 0.219425 0.256830
4 0.571488 0.512678 0.280477 0.300356
4 0.625468 0.769855 0.244686 0.217834
4 0.712257 0.486959 0.146389 0.198919
4 0.543215 0.274256 0.252055 0.223513
4 0.590244 0.108262 0.217988 0.135275
4 0.343196 0.102460 0.277017 0.170545
5 0.300886 0.342102 0.208022 0.199830
5 0.688350 0.219689 0.189200 0.195628
5 0.225798 0.269470 0.157847 0.163941
3 0.810870 0.710501 0.312364 0.264752
3 0.673812 0.919412 0.222623 0.160700
3 0.435688 0.881066 0.274502 0.237131
3 0.260460 0.744065 0.264670 0.266255