3 0.648913 0.937601 0.100950 0.103327
3 0.543336 0.935984 0.111672 0.109469
3 0.543336 0.935984 0.111672 0.109469
3 0.603229 0.903759 0.053333 0.048142
3 0.710345 0.896095 0.105064 0.082816
3 0.595323 0.834357 0.109397 0.096839
3 0.709652 0.783370 0.084928 0.091739
3 0.677628 0.512038 0.074006 0.086577
3 0.612458 0.530979 0.065541 0.074458
3 0.735120 0.953010 0.088991 0.068520
5 0.650183 0.457154 0.065991 0.064308
5 0.680382 0.834716 0.057639 0.047558
4 0.689000 0.610947 0.074875 0.081269
2 0.736681 0.563168 0.076487 0.085711
2 0.613557 0.637998 0.083364 0.063495
2 0.745876 0.644067 0.079252 0.075634
2 0.756559 0.516451 0.075619 0.073527
2 0.579816 0.751708 0.103383 0.081541
2 0.910837 0.490390 0.065423 0.087030
3 0.940248 0.651677 0.080495 0.078353
3 0.930230 0.717930 0.069836 0.067111
5 0.626390 0.692570 0.065280 0.060139