5 0.212802 0.554990 0.219355 0.119355
5 0.201663 0.413659 0.256452 0.224194
5 0.480276 0.317641 0.254302 0.229033
5 0.644052 0.570867 0.219355 0.210484
5 0.728780 0.673791 0.391936 0.447581
5 0.824026 0.415272 0.154302 0.152419
5 0.706317 0.286777 0.187634 0.145430
4 0.438155 0.777302 0.241936 0.288978
4 0.278998 0.724463 0.189247 0.223925
4 0.475555 0.522228 0.235484 0.222581
4 0.036694 0.539752 0.073388 0.235753
4 0.906805 0.271875 0.185484 0.175000
4 0.705561 0.142020 0.189247 0.180914
5 0.865003 0.161358 0.126881 0.135216
5 0.913525 0.117238 0.148925 0.128227