5 0.743017 0.113338 0.251659 0.157927
4 0.711856 0.655775 0.251837 0.258425
4 0.300873 0.600334 0.236120 0.250669
3 0.571987 0.808623 0.290848 0.301622
3 0.635977 0.321054 0.281328 0.292108
3 0.510898 0.159611 0.278045 0.272347
3 0.223034 0.173209 0.324194 0.327669
3 0.315452 0.331702 0.255903 0.191530
3 0.160278 0.689101 0.233056 0.259452
3 0.298771 0.863188 0.288167 0.273250
3 0.513713 0.932995 0.233675 0.134739
3 0.513713 0.932995 0.233675 0.134739
4 0.563565 0.484327 0.120880 0.215530
4 0.788818 0.191661 0.152636 0.105197