3 0.776630 0.955774 0.115761 0.089673
3 0.590625 0.935734 0.150000 0.127717
3 0.666033 0.893138 0.169566 0.176902
3 0.845448 0.820177 0.144022 0.143478
3 0.761617 0.761888 0.170109 0.189402
3 0.574388 0.741033 0.183152 0.175816
3 0.473573 0.814810 0.169022 0.160870
3 0.649524 0.713995 0.102173 0.140489
3 0.722079 0.618614 0.109783 0.118478
3 0.749932 0.505299 0.146739 0.148098
3 0.802242 0.536685 0.082609 0.098370
3 0.581726 0.613315 0.110327 0.095380
3 0.537228 0.544294 0.149456 0.132337
3 0.497147 0.462092 0.138044 0.124184
3 0.635530 0.461617 0.105434 0.126359
3 0.723234 0.403057 0.140217 0.102989
3 0.563859 0.349117 0.040217 0.076359
3 0.522487 0.304076 0.104348 0.114402
3 0.584715 0.230163 0.091305 0.091577
3 0.666033 0.277853 0.107066 0.105706
3 0.672894 0.340693 0.111412 0.072011
3 0.705095 0.219633 0.107066 0.098641
3 0.609375 0.149388 0.112500 0.114402
3 0.490285 0.193614 0.108695 0.105978
3 0.681454 0.061413 0.097283 0.104077
3 0.511820 0.091169 0.092391 0.082337
3 0.519837 0.037840 0.089673 0.060055
3 0.526698 0.154620 0.056522 0.065489