3 0.837987 0.956671 0.116600 0.085217
3 0.651380 0.937230 0.155886 0.124459
3 0.723765 0.897797 0.169405 0.176844
3 0.898586 0.824875 0.140922 0.143500
3 0.809045 0.766626 0.171216 0.189502
3 0.622970 0.745843 0.186566 0.176061
3 0.524601 0.818101 0.171077 0.161202
3 0.692583 0.718754 0.103916 0.140633
3 0.761449 0.621816 0.113523 0.118633
3 0.783551 0.510000 0.145227 0.148125
3 0.836420 0.541202 0.079091 0.098028
3 0.623047 0.616422 0.111719 0.095344
3 0.571227 0.547387 0.148705 0.132275
3 0.526038 0.463598 0.139577 0.124072
3 0.664299 0.464788 0.106723 0.126452
3 0.750458 0.407693 0.141541 0.102886
3 0.588393 0.352263 0.042411 0.076402
3 0.543010 0.307178 0.101645 0.114356
3 0.599473 0.233355 0.092697 0.091711
3 0.684399 0.280991 0.106298 0.105733
3 0.695065 0.343673 0.112005 0.071722
3 0.719338 0.224341 0.107427 0.098681
3 0.618785 0.154134 0.112570 0.114517
3 0.503064 0.196812 0.109253 0.106123
3 0.684352 0.064544 0.096830 0.104087
3 0.518624 0.094269 0.093498 0.082287
3 0.523449 0.039566 0.090648 0.060381
3 0.536177 0.157791 0.056730 0.065583