3 0.287423 0.888003 0.152972 0.154131
3 0.574298 0.638951 0.114220 0.102902
3 0.472076 0.669271 0.112902 0.132292
3 0.522273 0.566486 0.141420 0.120472
3 0.328931 0.604894 0.129738 0.137912
3 0.346316 0.433284 0.127008 0.122819
3 0.531913 0.398189 0.098202 0.115128
3 0.420852 0.359366 0.079203 0.090608
3 0.357051 0.373352 0.092227 0.074830
3 0.362873 0.287616 0.125747 0.100231
3 0.439272 0.220634 0.103544 0.138144
3 0.523832 0.288085 0.119539 0.104295
3 0.618766 0.337352 0.121908 0.099705
3 0.580477 0.231177 0.089078 0.071728
3 0.646647 0.211446 0.099544 0.088517
3 0.647215 0.116123 0.113180 0.100997
3 0.538548 0.144782 0.095847 0.086439
3 0.461398 0.117007 0.097795 0.093389
3 0.547313 0.056406 0.079002 0.081563
3 0.521139 0.447144 0.092278 0.075538
3 0.411648 0.696457 0.029545 0.067914
3 0.356962 0.681705 0.038923 0.072784