4 0.406250 0.823438 0.162500 0.156250
4 0.679620 0.916780 0.121739 0.149184
4 0.359715 0.169769 0.091305 0.105163
4 0.627853 0.352717 0.074456 0.092934
3 0.495245 0.928057 0.121739 0.140489
3 0.572623 0.872283 0.135870 0.138316
3 0.672283 0.760802 0.157066 0.162228
3 0.758084 0.803193 0.125544 0.147011
3 0.494430 0.749728 0.170109 0.155706
3 0.574049 0.676562 0.129348 0.143750
3 0.441373 0.673981 0.135870 0.138588
3 0.586005 0.454416 0.140761 0.143206
3 0.600544 0.532677 0.088587 0.049728
3 0.506386 0.529484 0.044022 0.108967
3 0.465897 0.406114 0.138044 0.149728
3 0.375680 0.370448 0.132609 0.150272
3 0.536277 0.329688 0.128805 0.131250
3 0.473234 0.094430 0.127717 0.113859
3 0.551562 0.072351 0.075000 0.091577
2 0.521195 0.183763 0.129891 0.126902
4 0.358016 0.061345 0.109783 0.113316
4 0.407065 0.241780 0.101630 0.142934
4 0.397690 0.925883 0.101630 0.079891
3 0.449252 0.532269 0.114130 0.148913