3 0.735595 0.959130 0.111816 0.080761
3 0.552816 0.938725 0.146258 0.121200
3 0.629047 0.900893 0.170594 0.176786
3 0.812059 0.829573 0.145992 0.143522
3 0.730888 0.769801 0.171150 0.189602
3 0.544120 0.749090 0.181989 0.176305
3 0.440329 0.819829 0.168158 0.161533
3 0.622409 0.721951 0.101067 0.140777
3 0.697589 0.626581 0.107678 0.118788
3 0.730484 0.514701 0.148467 0.148152
3 0.778360 0.547280 0.084845 0.097686
3 0.556283 0.619529 0.109441 0.095308
3 0.514754 0.550482 0.151383 0.132214
3 0.476723 0.466668 0.137822 0.123961
3 0.616546 0.469523 0.104967 0.126545
3 0.707587 0.410767 0.140173 0.102784
3 0.549170 0.355409 0.038966 0.076444
3 0.509409 0.310280 0.106319 0.114311
3 0.574968 0.236548 0.090561 0.091845
3 0.655339 0.285693 0.107553 0.105761
3 0.660205 0.348216 0.111036 0.071433
3 0.697183 0.229048 0.106866 0.098720
3 0.603446 0.157316 0.113142 0.114633
3 0.482295 0.200009 0.108341 0.106269
3 0.678473 0.069237 0.097570 0.104098
3 0.508939 0.095807 0.092878 0.082239
3 0.517964 0.042855 0.089053 0.060709
3 0.522155 0.160962 0.056809 0.065675