4 0.378068 0.818780 0.162386 0.156309
4 0.647557 0.908700 0.123239 0.148650
4 0.353056 0.166516 0.090487 0.104906
4 0.614360 0.344886 0.075595 0.092897
3 0.462517 0.921736 0.121909 0.140347
3 0.542654 0.865911 0.135308 0.138072
3 0.646043 0.753102 0.157711 0.162453
3 0.728672 0.795442 0.126094 0.147134
3 0.469268 0.743365 0.169786 0.155480
3 0.550203 0.670311 0.128531 0.143747
3 0.417577 0.669623 0.138280 0.139245
3 0.571063 0.448022 0.142127 0.142919
3 0.581964 0.524970 0.088928 0.049941
3 0.486396 0.524966 0.044667 0.109306
3 0.451825 0.399733 0.138025 0.149466
3 0.362376 0.365611 0.134127 0.149972
3 0.525121 0.323430 0.128367 0.131234
3 0.468745 0.089705 0.128116 0.113786
3 0.549592 0.066187 0.074184 0.091750
2 0.514509 0.177544 0.129019 0.126963
4 0.356131 0.058089 0.109137 0.113053
4 0.397348 0.236976 0.100947 0.142702
4 0.366444 0.920854 0.101638 0.079208
3 0.430554 0.525946 0.114233 0.148767