3 0.354035 0.892702 0.151820 0.154153
3 0.621892 0.645184 0.115659 0.102867
3 0.520799 0.674058 0.113473 0.132491
3 0.563415 0.572972 0.142455 0.120944
3 0.372646 0.609500 0.126542 0.137750
3 0.378471 0.438243 0.128817 0.123361
3 0.560552 0.404475 0.099230 0.115200
3 0.448688 0.364077 0.078627 0.090655
3 0.386276 0.378387 0.094427 0.075523
3 0.383823 0.290896 0.127022 0.100542
3 0.454351 0.225396 0.102452 0.138292
3 0.544555 0.294270 0.120361 0.104166
3 0.643252 0.345160 0.120880 0.099695
3 0.598487 0.237479 0.090723 0.071833
3 0.661197 0.217954 0.100519 0.089033
3 0.653491 0.123973 0.113233 0.101070
3 0.547680 0.150984 0.095361 0.086342
3 0.468840 0.121730 0.097055 0.093461
3 0.549055 0.061374 0.079361 0.082123
3 0.552471 0.453664 0.092442 0.076078
3 0.464238 0.701086 0.028475 0.067797
3 0.405934 0.686275 0.036867 0.072550