3 0.333899 0.878601 0.152173 0.154077
3 0.607609 0.620380 0.115217 0.103261
3 0.506522 0.653397 0.113044 0.131794
3 0.550612 0.550408 0.141848 0.119566
3 0.358899 0.594158 0.127173 0.138316
3 0.367255 0.423234 0.128261 0.121467
3 0.551019 0.380910 0.098913 0.114945
3 0.439402 0.346807 0.078805 0.090489
3 0.376563 0.363112 0.093750 0.073098
3 0.377377 0.276427 0.126630 0.099728
3 0.449796 0.206386 0.102717 0.137772
3 0.538180 0.272623 0.120109 0.104620
3 0.635598 0.320177 0.121195 0.099728
3 0.591984 0.213859 0.090217 0.071467
3 0.656250 0.191033 0.100000 0.088316
3 0.651834 0.097555 0.113044 0.101359
3 0.544430 0.129280 0.095109 0.086684
3 0.465829 0.102853 0.097283 0.093206
3 0.548777 0.040217 0.078805 0.080434
3 0.543070 0.432541 0.092391 0.074456
3 0.448777 0.682541 0.028805 0.068206
3 0.392188 0.671060 0.037500 0.073370