4 0.431630 0.824985 0.163259 0.156220
4 0.705749 0.920038 0.120873 0.149452
4 0.363180 0.171395 0.091984 0.105291
4 0.638316 0.355941 0.073508 0.093131
3 0.523298 0.929394 0.121597 0.140037
3 0.597867 0.875469 0.136359 0.138437
3 0.693889 0.763870 0.156528 0.162116
3 0.782855 0.807849 0.125084 0.146948
3 0.516459 0.751366 0.170419 0.155856
3 0.593139 0.679688 0.130028 0.143752
3 0.459672 0.676941 0.134969 0.138258
3 0.599498 0.457613 0.139622 0.143350
3 0.616026 0.535748 0.088302 0.049622
3 0.523305 0.532565 0.043484 0.108880
3 0.478689 0.409366 0.138628 0.149983
3 0.384434 0.372086 0.131369 0.150422
3 0.545834 0.332816 0.129169 0.131258
3 0.474630 0.097573 0.127386 0.113895
3 0.553741 0.075432 0.076233 0.091489
2 0.526247 0.186873 0.130619 0.126872
4 0.359848 0.064536 0.110320 0.113447
4 0.415162 0.244963 0.102200 0.143052
4 0.422698 0.927616 0.101647 0.080233
3 0.463315 0.533868 0.114130 0.148986