4 0.568121 0.253171 0.139367 0.187592
4 0.332893 0.157710 0.206411 0.177920
4 0.253450 0.529609 0.088150 0.174842
3 0.411516 0.202736 0.082408 0.139847
3 0.545784 0.490899 0.163444 0.184923
2 0.690695 0.588946 0.143891 0.174767
3 0.373414 0.536335 0.212453 0.244545
3 0.550855 0.662477 0.217336 0.221830
3 0.712761 0.782448 0.134897 0.186770
3 0.621539 0.828585 0.211828 0.197795
3 0.523876 0.917334 0.154002 0.165919
3 0.420601 0.803981 0.181827 0.198588
3 0.264980 0.887084 0.204961 0.183544
3 0.240829 0.717809 0.237908 0.207492
3 0.132569 0.811138 0.087013 0.103525
3 0.138751 0.665517 0.202502 0.190409
3 0.181445 0.567808 0.106641 0.054366