4 0.596054 0.246809 0.135858 0.187369
4 0.350332 0.153165 0.203789 0.178205
4 0.313233 0.526356 0.095216 0.174588
3 0.431994 0.198098 0.073362 0.139945
3 0.597952 0.484940 0.167778 0.185505
2 0.752277 0.579449 0.145178 0.174523
3 0.433117 0.533114 0.213109 0.244353
3 0.623327 0.656138 0.215405 0.221650
3 0.794560 0.774322 0.142245 0.186144
3 0.712402 0.820731 0.215430 0.197713
3 0.627252 0.911598 0.154505 0.166945
3 0.511428 0.799120 0.185356 0.198239
3 0.363261 0.882713 0.204647 0.184177
3 0.322399 0.714846 0.235423 0.207817
3 0.226323 0.809280 0.087022 0.102936
3 0.212427 0.663963 0.193603 0.190425
3 0.246419 0.564442 0.108462 0.053884