3 0.537787 0.256917 0.128700 0.135709
5 0.445666 0.810269 0.141333 0.179913
5 0.286459 0.449797 0.144794 0.118344
5 0.450209 0.309188 0.087917 0.090252
5 0.627307 0.196505 0.098364 0.071134
5 0.569329 0.025933 0.088658 0.051866
5 0.679625 0.151322 0.040500 0.062019
2 0.305529 0.834375 0.173558 0.193750
4 0.480827 0.865769 0.114778 0.122162
4 0.518491 0.725674 0.115106 0.123223
3 0.335547 0.716155 0.096094 0.063559
4 0.331802 0.566753 0.138603 0.139756
4 0.527045 0.560065 0.175966 0.163880
3 0.609702 0.439048 0.160030 0.153095
4 0.601659 0.341487 0.134567 0.086100
4 0.653003 0.259118 0.099756 0.090111
4 0.404311 0.233486 0.114872 0.101347
4 0.698645 0.069614 0.100416 0.092353
4 0.654522 0.029728 0.090294 0.059456
4 0.540480 0.025762 0.146584 0.051523
4 0.513149 0.155057 0.082548 0.085114
4 0.469196 0.174873 0.060267 0.084122
2 0.625638 0.111762 0.123152 0.114148
4 0.355877 0.348766 0.143003 0.150658