2 0.667159 0.732574 0.231192 0.243273
2 0.353084 0.653352 0.149917 0.175453
2 0.243734 0.602508 0.181219 0.183141
0 0.714211 0.182634 0.147172 0.149644
2 0.407523 0.109516 0.180670 0.172158
3 0.599102 0.125037 0.207578 0.178198
3 0.254887 0.746003 0.209775 0.173256
3 0.596925 0.296298 0.193850 0.164470
3 0.680306 0.380738 0.185613 0.177100
3 0.421624 0.279384 0.161998 0.165019
2 0.698631 0.581855 0.169137 0.169961
2 0.547618 0.545185 0.170236 0.212245
2 0.480920 0.806842 0.199341 0.219934
2 0.321919 0.864909 0.153213 0.229819
2 0.598240 0.847044 0.093355 0.072212