5 0.243642 0.541867 0.118534 0.111859
5 0.323599 0.311805 0.103448 0.120486
5 0.434537 0.336595 0.134698 0.138814
5 0.346498 0.487003 0.133620 0.155256
5 0.565302 0.319563 0.121228 0.117250
5 0.733136 0.262614 0.097522 0.122103
4 0.799515 0.358735 0.127155 0.123720
4 0.633082 0.260138 0.109914 0.129650
3 0.266756 0.275640 0.083513 0.076280
3 0.234159 0.301723 0.080819 0.094070
3 0.229741 0.416071 0.159483 0.157142
3 0.465679 0.464884 0.143858 0.148517
3 0.589548 0.511266 0.122845 0.119406
3 0.608620 0.400278 0.142241 0.131806
3 0.728125 0.443759 0.125000 0.131267
3 0.955873 0.456680 0.086745 0.094609
3 0.887123 0.460941 0.102370 0.115633
3 0.944558 0.352325 0.110991 0.129650
3 0.937392 0.261477 0.102909 0.101078
4 0.859213 0.318851 0.084052 0.075202