5 0.268843 0.547851 0.118936 0.111327
5 0.338923 0.319383 0.102845 0.120016
5 0.451417 0.347234 0.134084 0.138219
5 0.367847 0.494784 0.132569 0.155194
5 0.579866 0.331771 0.122233 0.116667
5 0.744659 0.279691 0.095567 0.121883
4 0.817079 0.377526 0.127908 0.123802
4 0.644295 0.275816 0.110466 0.129756
3 0.279156 0.280607 0.083312 0.076839
3 0.247018 0.305754 0.084661 0.095883
3 0.248893 0.421195 0.160286 0.158014
3 0.487096 0.476119 0.146067 0.149113
3 0.612527 0.525702 0.121930 0.120153
3 0.628556 0.414450 0.141488 0.132025
3 0.748688 0.461219 0.125502 0.131812
3 0.968332 0.479002 0.064789 0.092378
3 0.907837 0.481126 0.100048 0.115377
3 0.953466 0.374147 0.094433 0.129544
3 0.948168 0.281523 0.102586 0.100545
4 0.873640 0.337823 0.084780 0.075647