3 0.350000 0.745932 0.156250 0.138739
3 0.555765 0.784698 0.174030 0.128772
4 0.352317 0.494747 0.139009 0.145744
3 0.402802 0.637420 0.168103 0.159214
3 0.568373 0.693049 0.180495 0.192348
3 0.637392 0.546228 0.165409 0.148706
3 0.500970 0.487580 0.183189 0.200161
3 0.433082 0.338335 0.172414 0.151670
3 0.562338 0.339924 0.099677 0.129848
4 0.507273 0.211503 0.139547 0.151131
4 0.320905 0.276859 0.160561 0.150592
4 0.303664 0.398034 0.094828 0.108567
4 0.327102 0.074003 0.110453 0.104256
4 0.428395 0.023707 0.109914 0.047414