4 0.578377 0.213439 0.138005 0.186253
4 0.339926 0.134047 0.204852 0.180594
4 0.273353 0.508533 0.087331 0.173316
3 0.417748 0.171778 0.079245 0.140431
3 0.563730 0.455142 0.164959 0.188409
2 0.712593 0.538220 0.143936 0.173316
3 0.394992 0.509198 0.211859 0.243397
3 0.576836 0.622877 0.216172 0.220755
3 0.740608 0.732134 0.137466 0.183019
3 0.653344 0.780306 0.212938 0.198112
3 0.559902 0.878197 0.154178 0.165769
3 0.452313 0.773248 0.182750 0.196495
3 0.299301 0.863978 0.204852 0.187331
3 0.269622 0.700030 0.236119 0.209434
3 0.165271 0.800000 0.086792 0.100000
3 0.165086 0.654658 0.198922 0.190566
3 0.203639 0.550741 0.107278 0.051483