2 0.597127 0.904281 0.094253 0.074187
2 0.673759 0.818105 0.085019 0.095584
4 0.542942 0.783076 0.076509 0.094277
4 0.698565 0.743639 0.081505 0.071653
4 0.691934 0.679932 0.086992 0.100489
4 0.706237 0.581557 0.103098 0.094364
4 0.755346 0.585570 0.073192 0.093016
4 0.688750 0.519015 0.074375 0.088030
4 0.646730 0.487677 0.105959 0.112855
4 0.757072 0.362593 0.107894 0.109561
4 0.690840 0.302295 0.062930 0.073341
4 0.572903 0.329284 0.095806 0.092944
3 0.510778 0.394663 0.093431 0.101825
3 0.564652 0.440741 0.116803 0.125231
3 0.506992 0.577193 0.073359 0.098136
3 0.578115 0.519186 0.068730 0.047747
3 0.536060 0.635782 0.103370 0.112189
3 0.628129 0.655210 0.106258 0.104170
3 0.592057 0.714548 0.099739 0.088472
3 0.511149 0.806737 0.069173 0.079098
5 0.564177 0.548237 0.078355 0.065223
2 0.595440 0.843827 0.103380 0.106405
3 0.676170 0.390948 0.114841 0.110020
3 0.586152 0.214384 0.109805 0.100644
3 0.555232 0.147755 0.116714 0.120509
3 0.624699 0.047293 0.099398 0.094586
3 0.533609 0.101142 0.107842 0.089784
3 0.664749 0.123191 0.107623 0.112006
3 0.726095 0.186309 0.136566 0.119494
3 0.814348 0.053989 0.038070 0.073603
3 0.754170 0.029337 0.123964 0.058675
5 0.783577 0.119971 0.076530 0.074317
5 0.761727 0.080301 0.095330 0.091852
5 0.571486 0.029491 0.039847 0.058983