3 0.332794 0.724577 0.156213 0.136653
3 0.536952 0.751670 0.173905 0.125216
4 0.340444 0.470769 0.140263 0.144662
3 0.387459 0.611477 0.168667 0.160453
3 0.552177 0.657939 0.179355 0.190878
3 0.625030 0.505353 0.165686 0.151331
3 0.490133 0.455504 0.183391 0.201633
3 0.425439 0.310759 0.172753 0.152767
3 0.553810 0.303884 0.101370 0.129642
4 0.503012 0.177087 0.140400 0.151048
4 0.314712 0.257112 0.160673 0.148600
4 0.294715 0.379241 0.095680 0.108481
4 0.325457 0.052452 0.110289 0.104905
4 0.427309 0.010388 0.076494 0.020777