3 0.513763 0.288395 0.127525 0.136164
5 0.377963 0.832409 0.140300 0.180444
5 0.249264 0.465466 0.145403 0.118431
5 0.422532 0.335477 0.085689 0.089703
5 0.606982 0.231343 0.098339 0.072061
5 0.568500 0.044034 0.093250 0.081817
5 0.664768 0.189922 0.042036 0.061094
2 0.235413 0.849152 0.170827 0.192053
4 0.406991 0.892512 0.117108 0.119400
4 0.458343 0.752517 0.110436 0.123784
3 0.275306 0.735383 0.097488 0.064516
4 0.285209 0.582818 0.142294 0.137511
4 0.479162 0.589499 0.173948 0.163373
3 0.571514 0.473002 0.158653 0.152255
4 0.569420 0.374510 0.132589 0.083395
4 0.629170 0.296422 0.098966 0.089719
4 0.383523 0.256774 0.113922 0.101048
4 0.690440 0.110145 0.099630 0.092164
4 0.649217 0.065961 0.092184 0.060047
4 0.540815 0.043946 0.150380 0.081642
4 0.497985 0.184180 0.083470 0.083984
4 0.451111 0.200973 0.058472 0.083195
2 0.614380 0.146663 0.122509 0.115200
4 0.327052 0.367542 0.141603 0.150709