2 0.629788 0.979596 0.093950 0.040442
2 0.703966 0.914735 0.086056 0.098220
4 0.571067 0.863431 0.076509 0.095613
4 0.727959 0.846502 0.080919 0.068005
4 0.718260 0.778821 0.086520 0.101392
4 0.728055 0.681421 0.102984 0.097217
4 0.778162 0.690240 0.071948 0.092980
4 0.708733 0.614852 0.073716 0.082830
4 0.667259 0.578455 0.106392 0.116286
4 0.771417 0.467013 0.108459 0.109027
4 0.704856 0.397604 0.062838 0.076458
4 0.586834 0.410012 0.095542 0.095023
3 0.526337 0.465637 0.093298 0.100025
3 0.582789 0.520073 0.115578 0.124522
3 0.528519 0.650730 0.072662 0.095209
3 0.598984 0.603209 0.069842 0.050167
3 0.560642 0.713341 0.102534 0.111058
3 0.652771 0.745580 0.105542 0.103661
3 0.618601 0.798687 0.099702 0.091125
3 0.541421 0.881888 0.070342 0.082525
5 0.584745 0.629416 0.078864 0.068208
2 0.626812 0.932208 0.103623 0.105041
3 0.692257 0.486170 0.115764 0.112964
3 0.595075 0.296205 0.108900 0.095536
3 0.562028 0.224298 0.117806 0.120472
3 0.626507 0.121133 0.099889 0.114141
3 0.537948 0.172252 0.107145 0.085130
3 0.670716 0.211352 0.107058 0.110205
3 0.733833 0.284885 0.136416 0.119770
3 0.819252 0.164177 0.038505 0.075228
3 0.756250 0.098189 0.125000 0.118253
5 0.789498 0.227626 0.075870 0.070877
5 0.766264 0.182982 0.095028 0.087839
5 0.586734 0.093117 0.064092 0.086234