5 0.201128 0.528405 0.117881 0.113059
5 0.301016 0.295147 0.105156 0.121544
5 0.407739 0.315645 0.137353 0.140664
5 0.308416 0.469914 0.135581 0.155453
5 0.539845 0.290532 0.120314 0.118564
5 0.711680 0.225361 0.101484 0.122597
4 0.773391 0.316482 0.128031 0.123589
4 0.612320 0.227558 0.109016 0.130116
3 0.246689 0.262512 0.084003 0.075023
3 0.210452 0.288745 0.077153 0.089989
3 0.198884 0.403395 0.160269 0.156791
3 0.431262 0.440930 0.140648 0.147484
3 0.551486 0.482301 0.124847 0.117727
3 0.579546 0.369612 0.143467 0.132973
3 0.695145 0.406320 0.124666 0.131391
3 0.923412 0.405312 0.090573 0.098125
3 0.852216 0.414524 0.107558 0.116548
3 0.918672 0.302445 0.115469 0.129889
3 0.917215 0.212442 0.103180 0.103009
4 0.835184 0.273037 0.082867 0.074200