2 0.667159 0.721397 0.231192 0.242794
2 0.353084 0.647018 0.149917 0.175286
2 0.243734 0.597641 0.181219 0.182781
0 0.714211 0.170505 0.147172 0.150386
2 0.407523 0.102986 0.180670 0.171597
3 0.599102 0.114083 0.207578 0.178166
3 0.254887 0.742286 0.209775 0.172072
3 0.596925 0.286508 0.193850 0.163641
3 0.680306 0.368306 0.185613 0.177237
3 0.421624 0.271934 0.161998 0.165742
2 0.698631 0.570067 0.169137 0.168259
2 0.547618 0.535717 0.170236 0.212059
2 0.480920 0.797455 0.199341 0.219909
2 0.321919 0.858859 0.153213 0.230217
2 0.598240 0.837781 0.093355 0.072438