3 0.370336 0.729380 0.156297 0.136886
3 0.577719 0.758244 0.174187 0.125863
4 0.367121 0.475538 0.140492 0.144827
3 0.421199 0.616002 0.167398 0.160128
3 0.587836 0.664274 0.181922 0.191048
3 0.654407 0.512927 0.165064 0.150853
3 0.516470 0.459984 0.182939 0.201217
3 0.443808 0.315126 0.171991 0.152127
3 0.572218 0.310152 0.097561 0.129680
4 0.513473 0.183270 0.139447 0.150916
4 0.328647 0.260321 0.160419 0.148767
4 0.315842 0.382373 0.094184 0.108497
4 0.330328 0.057105 0.110656 0.104836
4 0.429092 0.012815 0.086309 0.025630