2 0.653125 0.961468 0.093750 0.069811
2 0.724623 0.881465 0.086745 0.097305
4 0.589817 0.835074 0.076509 0.095148
4 0.745097 0.809636 0.080819 0.069272
4 0.736853 0.744289 0.086206 0.101078
4 0.743642 0.646551 0.102909 0.096227
4 0.794935 0.654309 0.071120 0.092992
4 0.722576 0.581380 0.073277 0.084636
4 0.679903 0.546609 0.106681 0.115094
4 0.780980 0.431145 0.108836 0.109164
4 0.712770 0.364163 0.063039 0.075202
4 0.596120 0.382703 0.095366 0.093531
3 0.535668 0.440895 0.093211 0.100539
3 0.593319 0.491817 0.114762 0.124259
3 0.543912 0.624676 0.072198 0.096227
3 0.611853 0.574663 0.070581 0.049327
3 0.576185 0.686910 0.102370 0.111320
3 0.668157 0.714117 0.105064 0.103234
3 0.635776 0.770013 0.099677 0.090027
3 0.560560 0.854629 0.071120 0.081133
5 0.598977 0.600745 0.079203 0.067116
2 0.647306 0.901133 0.103988 0.105391
3 0.701940 0.452535 0.116380 0.111320
3 0.601023 0.267402 0.108297 0.097305
3 0.567080 0.197743 0.118534 0.120486
3 0.629795 0.091652 0.100216 0.114555
3 0.542403 0.147949 0.106681 0.086523
3 0.675216 0.180256 0.106681 0.110512
3 0.740032 0.250328 0.136314 0.119406
3 0.820959 0.126394 0.038794 0.074662
3 0.757812 0.063098 0.125000 0.119945
5 0.793966 0.190671 0.075431 0.071967
5 0.769289 0.147465 0.094828 0.088680
5 0.588039 0.066699 0.063578 0.086523