3 0.520131 0.285247 0.127763 0.136119
5 0.396644 0.830787 0.140162 0.180323
5 0.260007 0.463852 0.145014 0.118328
5 0.430627 0.332379 0.086253 0.089758
5 0.613119 0.226609 0.098113 0.071967
5 0.569529 0.040836 0.092183 0.081672
5 0.669192 0.185280 0.041509 0.061186
2 0.256027 0.847654 0.171428 0.192183
4 0.428534 0.889526 0.116442 0.119677
4 0.476108 0.750923 0.111591 0.123720
3 0.292267 0.733773 0.097034 0.064420
4 0.298745 0.581368 0.141241 0.137736
4 0.491749 0.586359 0.174123 0.163342
3 0.582370 0.469895 0.158491 0.152291
4 0.579077 0.371332 0.133153 0.083289
4 0.635533 0.293316 0.099191 0.089758
4 0.389686 0.253664 0.113747 0.101078
4 0.692052 0.105466 0.099730 0.092183
4 0.650509 0.062866 0.091644 0.060108
4 0.540558 0.040566 0.149866 0.081133
4 0.502447 0.181111 0.083019 0.084097
4 0.457505 0.197895 0.058759 0.083289
2 0.617436 0.143484 0.122372 0.115094
4 0.334952 0.365962 0.141780 0.150673