2 0.657787 0.774714 0.231198 0.246303
2 0.345358 0.677097 0.150091 0.176069
2 0.236159 0.617712 0.181692 0.185425
0 0.711361 0.228145 0.147722 0.146916
2 0.405890 0.137573 0.180530 0.175145
3 0.597750 0.164698 0.208000 0.179395
3 0.247136 0.759114 0.209897 0.177603
3 0.593768 0.333757 0.193786 0.167514
3 0.675622 0.424268 0.185619 0.176661
3 0.417180 0.306262 0.162484 0.165648
2 0.690727 0.627166 0.168953 0.176208
2 0.541403 0.579904 0.170306 0.212933
2 0.470005 0.836573 0.199386 0.220022
2 0.311058 0.885899 0.153366 0.228048
2 0.587459 0.884430 0.093669 0.071984