0 0.360350 0.785311 0.195700 0.251872
0 0.780634 0.445827 0.176892 0.179153
0 0.672523 0.601944 0.176297 0.172637
2 0.115295 0.874163 0.230591 0.235827
4 0.257145 0.908178 0.220539 0.147606
4 0.528304 0.867661 0.215983 0.179072
4 0.682283 0.899280 0.123941 0.082936
4 0.712297 0.810321 0.190219 0.217517
4 0.249817 0.780995 0.049634 0.105739
4 0.879106 0.755770 0.151963 0.189664
4 0.813984 0.644752 0.177967 0.195753
4 0.902123 0.443598 0.147997 0.234072
4 0.837727 0.252537 0.219203 0.258198
4 0.631884 0.375835 0.223144 0.254795
4 0.784673 0.070789 0.200595 0.141578
5 0.932199 0.085983 0.120648 0.131341
5 0.505929 0.678740 0.199358 0.182480
5 0.449766 0.483364 0.230781 0.229228
2 0.405732 0.603678 0.114589 0.110481
2 0.497650 0.339931 0.101550 0.107987
2 0.659739 0.203348 0.175728 0.134822
4 0.962251 0.226974 0.046377 0.153948
3 0.933473 0.608046 0.057570 0.125467