5 0.419372 0.833905 0.123119 0.111559
5 0.360602 0.836979 0.061828 0.108333
4 0.407191 0.569758 0.126881 0.064516
4 0.634358 0.612449 0.115591 0.121773
4 0.454670 0.371085 0.115591 0.107795
4 0.712634 0.895699 0.125269 0.116398
4 0.626159 0.246926 0.074194 0.078227
4 0.344422 0.933468 0.076344 0.116936
4 0.453797 0.284055 0.076344 0.071236
3 0.424445 0.942658 0.164516 0.113441
3 0.600235 0.920228 0.131720 0.152956
3 0.687332 0.780343 0.155914 0.166936
3 0.463911 0.729839 0.140322 0.134678
3 0.642087 0.478478 0.143548 0.147581
3 0.545397 0.296976 0.122044 0.131452
3 0.564315 0.167759 0.116130 0.119892
3 0.704570 0.581485 0.109139 0.131720
3 0.619758 0.716666 0.089516 0.058333
3 0.531653 0.427873 0.125806 0.108870
4 0.507392 0.512534 0.139784 0.143817
5 0.630377 0.975269 0.110753 0.050537