5 0.757477 0.217473 0.161828 0.159947
5 0.621102 0.320581 0.167205 0.175537
5 0.761022 0.355780 0.122044 0.111559
2 0.497094 0.727402 0.197313 0.195430
2 0.581098 0.875941 0.140322 0.201881
2 0.799429 0.482880 0.130108 0.162634
2 0.234324 0.341247 0.146773 0.148119
3 0.207678 0.200756 0.124731 0.123388
3 0.488642 0.524714 0.189784 0.215053
3 0.660366 0.492759 0.180108 0.194892
3 0.711173 0.684291 0.231720 0.202956
3 0.723320 0.800924 0.209139 0.142473
3 0.457897 0.943061 0.222044 0.114247
3 0.382191 0.628579 0.176881 0.154033
3 0.610030 0.185131 0.141936 0.123388
2 0.496539 0.307779 0.111828 0.156183