3 0.458917 0.034808 0.058459 0.069616
3 0.594926 0.119438 0.127352 0.120125
3 0.301772 0.303154 0.144169 0.140683
3 0.410039 0.361536 0.126328 0.160572
3 0.281344 0.440613 0.090812 0.099977
3 0.350330 0.718401 0.044409 0.096177
3 0.306176 0.784683 0.084227 0.084991
3 0.299312 0.877107 0.095500 0.097964
3 0.360241 0.910752 0.051733 0.096505
3 0.272020 0.810191 0.044039 0.057881
3 0.471012 0.750604 0.054525 0.094958
3 0.479230 0.815207 0.061586 0.052289
5 0.465113 0.839972 0.064600 0.070569
2 0.689673 0.530579 0.098095 0.133033
2 0.694197 0.451695 0.063394 0.062766
2 0.580372 0.456438 0.123244 0.122252
2 0.435631 0.515558 0.021263 0.081116
2 0.512334 0.514438 0.074669 0.135127
3 0.561631 0.348955 0.120138 0.135411
2 0.645527 0.308513 0.062930 0.110777
4 0.691338 0.188417 0.120175 0.126834
2 0.435889 0.164419 0.084278 0.116338
2 0.391281 0.023132 0.079438 0.046264
2 0.301096 0.037839 0.092817 0.075678
4 0.571338 0.231027 0.148925 0.143303