0 0.544058 0.890224 0.138116 0.142948
0 0.222409 0.560192 0.126067 0.095384
0 0.275703 0.335337 0.098281 0.095675
0 0.301728 0.428083 0.097206 0.096791
0 0.479686 0.826967 0.071872 0.060184
2 0.179623 0.707640 0.149870 0.124655
2 0.327688 0.964463 0.105377 0.025802
2 0.301716 0.916316 0.090933 0.117008
4 0.200699 0.812839 0.123273 0.110053
4 0.263539 0.863774 0.052078 0.108798
4 0.605175 0.945371 0.097850 0.028242
4 0.328305 0.510431 0.109734 0.102113
4 0.194302 0.387498 0.138603 0.118745
4 0.382245 0.386552 0.095739 0.110605
4 0.477862 0.384443 0.111975 0.090761
4 0.405173 0.461166 0.082222 0.069206
4 0.450928 0.509828 0.133106 0.163406
4 0.531389 0.577484 0.134653 0.139342
4 0.566361 0.711688 0.132722 0.145252
2 0.581252 0.845966 0.096880 0.101306
5 0.645202 0.930569 0.106028 0.045512
5 0.254650 0.501850 0.056175 0.059950
5 0.166587 0.498821 0.145675 0.107017
4 0.231967 0.267684 0.126434 0.122867
4 0.138184 0.266841 0.098242 0.114933
4 0.386446 0.172505 0.116642 0.107509
4 0.294657 0.219345 0.073689 0.066816
3 0.454373 0.290548 0.105622 0.134222
4 0.353217 0.269993 0.122059 0.155611
2 0.243478 0.140527 0.083831 0.084178
5 0.223049 0.187995 0.071098 0.054114
5 0.349070 0.051498 0.104391 0.102995
5 0.396391 0.016881 0.042781 0.033763
5 0.283272 0.019404 0.079044 0.038808
3 0.202441 0.046873 0.098631 0.093745
5 0.143188 0.180995 0.108252 0.086989
5 0.186202 0.124767 0.075530 0.071409
5 0.124507 0.094752 0.089639 0.098880
4 0.277798 0.092015 0.089972 0.096530
0 0.439833 0.210175 0.051541 0.079725
4 0.410415 0.884090 0.145830 0.171305
3 0.448786 0.726977 0.138197 0.144578
3 0.319971 0.835430 0.099317 0.086486
3 0.309009 0.738748 0.143019 0.146247
3 0.343834 0.597145 0.147044 0.134916
3 0.240001 0.635873 0.114377 0.118620