3 0.126188 0.968435 0.139877 0.061870
3 0.235410 0.969934 0.189570 0.058619
3 0.573615 0.958302 0.215980 0.082230
3 0.682334 0.965515 0.077169 0.068530
3 0.631551 0.540325 0.153727 0.183775
3 0.490273 0.502446 0.130547 0.145517
3 0.465922 0.393107 0.169344 0.173714
3 0.636235 0.337507 0.178720 0.178139
3 0.755441 0.423601 0.176506 0.178452
3 0.773217 0.519988 0.133934 0.099352
5 0.288425 0.907758 0.151850 0.178016
5 0.340386 0.880911 0.096397 0.149322
5 0.760704 0.307555 0.080783 0.071361
4 0.475584 0.244454 0.123042 0.145158