4 0.643660 0.225622 0.059195 0.060619
4 0.407891 0.437018 0.053283 0.058411
4 0.469914 0.413052 0.074203 0.072980
4 0.472689 0.324052 0.064128 0.063730
4 0.635373 0.177830 0.055120 0.033784
4 0.464266 0.112207 0.050406 0.049414
4 0.440065 0.073231 0.055130 0.065212
5 0.405415 0.081162 0.029580 0.037325
5 0.452111 0.162099 0.047972 0.058573
5 0.498160 0.366599 0.046320 0.045698
3 0.420802 0.381971 0.063478 0.063942
3 0.446046 0.470082 0.067092 0.074539
3 0.510188 0.460629 0.061000 0.055633
3 0.538562 0.412549 0.070873 0.075098
3 0.527690 0.291804 0.071005 0.067983
3 0.554898 0.270034 0.031670 0.043194
3 0.698744 0.242173 0.059988 0.065595
3 0.606526 0.210523 0.056802 0.058545
3 0.522074 0.232675 0.056648 0.055975
3 0.502348 0.162366 0.054695 0.059108
3 0.522826 0.114886 0.067527 0.061022
3 0.498718 0.082738 0.044311 0.031102
3 0.406335 0.130003 0.068920 0.063131
3 0.423513 0.179784 0.056402 0.050192
3 0.425631 0.231258 0.063762 0.065641
3 0.415663 0.296897 0.068827 0.068794
3 0.380422 0.297791 0.026469 0.054956
3 0.473546 0.257372 0.068967 0.067869
3 0.398445 0.349847 0.025016 0.040319
3 0.432133 0.341048 0.048641 0.038347