5 0.662442 0.036156 0.071759 0.072313
5 0.696002 0.076159 0.060753 0.049194
5 0.590352 0.193935 0.093205 0.103495
5 0.654996 0.221405 0.047492 0.061559
5 0.471344 0.121170 0.070813 0.079839
5 0.458741 0.194775 0.054983 0.048925
3 0.602931 0.046640 0.099613 0.093280
4 0.648692 0.128763 0.088009 0.082527
4 0.518034 0.187551 0.070442 0.078227
4 0.544450 0.110971 0.098275 0.093817
4 0.488147 0.040188 0.098169 0.080377
4 0.468142 0.076176 0.036284 0.033602
4 0.447707 0.140238 0.051664 0.058602
4 0.432065 0.182560 0.045380 0.058870