0 0.116801 0.846152 0.208602 0.145430
4 0.156166 0.933585 0.127956 0.132795
4 0.320632 0.910584 0.253764 0.177419
4 0.181334 0.736358 0.272044 0.235216
4 0.441751 0.747329 0.255377 0.254033
4 0.623370 0.795783 0.212366 0.238441
4 0.513995 0.963877 0.137366 0.071505
4 0.676697 0.943195 0.225269 0.114516
4 0.720514 0.845279 0.062903 0.106183
4 0.593531 0.038844 0.177687 0.077687
4 0.384173 0.191012 0.187097 0.216398
4 0.490457 0.106973 0.155914 0.129570
4 0.263088 0.350705 0.204302 0.220161
3 0.340827 0.523303 0.162903 0.199731
3 0.529419 0.442893 0.199463 0.220161
3 0.678814 0.474714 0.110753 0.140053
3 0.802066 0.209039 0.182258 0.186828
5 0.546421 0.649916 0.120967 0.102956
5 0.598084 0.584610 0.177419 0.181720
5 0.655527 0.336105 0.170430 0.169086
5 0.491583 0.261374 0.161291 0.169623
5 0.708316 0.109745 0.132258 0.156989
5 0.840390 0.071623 0.118280 0.108870
4 0.457258 0.023656 0.114516 0.047313