4 0.687602 0.355156 0.075203 0.079063
4 0.617430 0.368735 0.072361 0.090595
4 0.597967 0.509813 0.108434 0.110252
5 0.472770 0.525151 0.073666 0.072177
3 0.561493 0.352997 0.088611 0.096619
3 0.497696 0.425949 0.064142 0.073773
3 0.735025 0.409977 0.076300 0.085578
3 0.666216 0.428416 0.094933 0.072456
3 0.542777 0.460127 0.113680 0.104630
3 0.568181 0.411416 0.067612 0.044708
3 0.697735 0.503731 0.101720 0.104337
3 0.403993 0.564254 0.089236 0.106633
3 0.438213 0.601473 0.051425 0.040447
3 0.352528 0.729138 0.117556 0.130152
3 0.409690 0.836298 0.156880 0.156972
3 0.349044 0.927167 0.144962 0.088709
3 0.256312 0.908619 0.159498 0.142237
3 0.493524 0.911777 0.146423 0.095430
3 0.626216 0.899916 0.139931 0.093581
3 0.552191 0.813005 0.132508 0.135386
3 0.705905 0.788420 0.105559 0.117466
3 0.641750 0.763521 0.117875 0.123917
3 0.513655 0.745348 0.130436 0.096945
3 0.451470 0.677638 0.137316 0.130275
3 0.404804 0.757071 0.087733 0.036017
3 0.537248 0.583832 0.133870 0.133289
3 0.493789 0.560878 0.081328 0.093631
3 0.658132 0.571770 0.103764 0.056039
3 0.660071 0.637380 0.113892 0.124761
4 0.581120 0.669111 0.118489 0.122597