0 0.648421 0.649220 0.078092 0.104689
0 0.569748 0.467507 0.117622 0.160014
0 0.529760 0.607525 0.168895 0.149425
0 0.676577 0.831323 0.071903 0.084522
0 0.581882 0.886399 0.120014 0.141548
0 0.453095 0.737392 0.153064 0.137284
0 0.377218 0.649070 0.104436 0.113766
0 0.286634 0.716841 0.163894 0.124306
5 0.323711 0.580488 0.150547 0.154727
5 0.358104 0.812578 0.116208 0.125156
5 0.404853 0.877885 0.056581 0.083895
5 0.630739 0.775746 0.152103 0.113992
5 0.547655 0.958265 0.148434 0.063405
5 0.655900 0.924212 0.077425 0.092173
4 0.329580 0.948087 0.177909 0.093048
4 0.307433 0.848430 0.158616 0.146861