4 0.257241 0.194652 0.183233 0.220553
4 0.548145 0.918869 0.233789 0.162738
4 0.274259 0.965749 0.214142 0.068998
4 0.368835 0.847634 0.212670 0.232769
4 0.314659 0.386717 0.176194 0.170309
4 0.448767 0.402758 0.122534 0.149266
4 0.498225 0.370585 0.168325 0.163045
4 0.388620 0.255829 0.117864 0.146033
4 0.324157 0.167348 0.104564 0.162822
5 0.110049 0.187827 0.135723 0.125653
5 0.145355 0.322272 0.184461 0.157044
5 0.083885 0.392950 0.130270 0.132775
5 0.197364 0.484274 0.160353 0.162298
5 0.399478 0.529302 0.086456 0.149228
5 0.555969 0.827497 0.168187 0.086244
5 0.710602 0.974187 0.089953 0.051500