5 0.490198 0.906365 0.099145 0.084605
5 0.396172 0.550655 0.101719 0.104434
5 0.556148 0.514537 0.084172 0.085323
5 0.471458 0.497155 0.071041 0.063061
5 0.491698 0.551347 0.095895 0.096444
5 0.561920 0.677820 0.070716 0.049391
4 0.568144 0.605522 0.117538 0.111044
4 0.434792 0.628796 0.088334 0.098217
4 0.490201 0.674279 0.089777 0.098558
4 0.491769 0.961838 0.083538 0.058050
4 0.405947 0.950345 0.086894 0.085066
4 0.422481 0.853903 0.082463 0.104681
4 0.356323 0.908598 0.090770 0.082822
4 0.507670 0.842430 0.084091 0.066111
4 0.553517 0.917316 0.069534 0.087758