0 0.433080 0.821304 0.200536 0.255108
0 0.825755 0.517373 0.176511 0.178495
0 0.732592 0.665088 0.174559 0.173925
2 0.180979 0.885098 0.249458 0.229570
4 0.341791 0.930292 0.217956 0.138709
4 0.610659 0.915659 0.215069 0.168817
4 0.769771 0.959829 0.123917 0.079033
4 0.789105 0.879637 0.193834 0.221773
4 0.324335 0.808804 0.051795 0.105108
4 0.068455 0.965171 0.080659 0.070967
4 0.937413 0.838508 0.124827 0.189516
4 0.877988 0.719187 0.174727 0.194623
4 0.939827 0.529148 0.120278 0.227045
4 0.868767 0.329570 0.215659 0.259139
4 0.668620 0.434341 0.224741 0.256183
4 0.797198 0.121959 0.200647 0.172044
5 0.943692 0.169876 0.112384 0.130377
5 0.570120 0.726613 0.202739 0.178227
5 0.495558 0.525638 0.234866 0.232527
2 0.460104 0.640205 0.117083 0.114784
2 0.529771 0.386710 0.097042 0.107795
2 0.681170 0.267389 0.168591 0.137903
3 0.888826 0.061694 0.165152 0.123388
4 0.981455 0.312685 0.037911 0.153495
3 0.981140 0.694706 0.037280 0.114413