5 0.527203 0.889565 0.098156 0.085380
5 0.418728 0.538041 0.103081 0.104206
5 0.578232 0.497439 0.084589 0.085503
5 0.493169 0.483449 0.070712 0.063773
5 0.514938 0.535671 0.095500 0.096342
5 0.589244 0.659909 0.069112 0.051067
4 0.593199 0.587015 0.117648 0.111530
4 0.461311 0.614816 0.088247 0.098381
4 0.518183 0.658572 0.089491 0.098394
4 0.532338 0.945534 0.083427 0.059819
4 0.444658 0.935268 0.086191 0.086161
4 0.458363 0.839537 0.082352 0.104075
4 0.393702 0.896568 0.090530 0.083761
4 0.543114 0.825005 0.083103 0.065634
4 0.592097 0.900067 0.068569 0.087634