3 0.368011 0.083636 0.136022 0.111022
3 0.210602 0.236089 0.111828 0.084678
3 0.556872 0.091314 0.123119 0.135753
3 0.629570 0.064835 0.109139 0.107795
3 0.550941 0.164920 0.076881 0.054839
3 0.560837 0.011694 0.093548 0.023387
2 0.174546 0.891767 0.120967 0.139784
2 0.382762 0.434509 0.096773 0.100269
2 0.641180 0.329133 0.135484 0.139516
2 0.975000 0.518733 0.050000 0.090591
2 0.971707 0.227873 0.055914 0.058870
2 0.954049 0.160652 0.092473 0.090053
2 0.897748 0.260013 0.089247 0.082527
2 0.872681 0.213205 0.101612 0.095161
2 0.836795 0.184812 0.079839 0.069623
4 0.505830 0.154956 0.014784 0.075538
4 0.436559 0.163777 0.073119 0.140053