5 0.810437 0.371459 0.136498 0.117917
5 0.663334 0.810709 0.217294 0.174544
5 0.486881 0.756948 0.186262 0.182647
5 0.642844 0.595286 0.120063 0.140572
5 0.694665 0.467471 0.154955 0.166192
5 0.472462 0.166737 0.157425 0.152223
3 0.529190 0.912988 0.230255 0.150977
3 0.207710 0.835952 0.240420 0.218780
3 0.293189 0.944557 0.186378 0.098489
3 0.569484 0.339912 0.207719 0.201700
3 0.684438 0.179986 0.212625 0.234972
4 0.416815 0.290450 0.199255 0.199650
4 0.412498 0.450661 0.181247 0.145072
4 0.352057 0.650822 0.216614 0.229769
2 0.781702 0.549512 0.210280 0.195898
3 0.674800 0.925630 0.102725 0.088761