5 0.491848 0.843520 0.124320 0.112041
5 0.435416 0.846457 0.067708 0.108539
4 0.457204 0.579765 0.130033 0.065780
4 0.686751 0.626609 0.117252 0.121969
4 0.487900 0.380852 0.116425 0.108578
4 0.788686 0.912614 0.127372 0.115853
4 0.648095 0.261135 0.077439 0.078520
4 0.425470 0.941070 0.072816 0.116516
4 0.477786 0.294471 0.074322 0.070192
3 0.509055 0.948387 0.164986 0.103023
3 0.681538 0.927841 0.134952 0.143181
3 0.753995 0.795921 0.157991 0.166842
3 0.526774 0.739392 0.137923 0.135034
3 0.683209 0.493812 0.141419 0.146998
3 0.572957 0.309541 0.120914 0.131583
3 0.578108 0.180009 0.118716 0.119392
3 0.754442 0.596966 0.112009 0.131433
3 0.681588 0.730576 0.088175 0.058027
3 0.568827 0.440683 0.125155 0.109491
4 0.553841 0.525324 0.142056 0.144398
5 0.746533 0.983126 0.046191 0.035002