3 0.329721 0.512652 0.118817 0.134678
3 0.404940 0.494993 0.116130 0.121236
3 0.525773 0.438844 0.132795 0.127688
3 0.650891 0.440608 0.123656 0.090591
3 0.666314 0.537483 0.160753 0.165591
3 0.816902 0.661123 0.165053 0.153495
3 0.668969 0.690037 0.197313 0.170698
3 0.532208 0.592456 0.161291 0.175537
3 0.415305 0.705175 0.196236 0.172850
3 0.518212 0.795245 0.148925 0.162366
2 0.365844 0.921976 0.197313 0.156452
2 0.894926 0.968817 0.208602 0.062634
3 0.707863 0.977402 0.153227 0.045430
3 0.554251 0.912231 0.205377 0.174463
3 0.571673 0.832544 0.162097 0.124463
3 0.753125 0.873404 0.200000 0.206183