3 0.466034 0.060853 0.057067 0.084206
3 0.614769 0.163855 0.126412 0.121459
3 0.340034 0.326970 0.142567 0.138316
3 0.454203 0.391821 0.124031 0.158642
3 0.334682 0.462613 0.088114 0.097102
3 0.438010 0.748285 0.044770 0.096570
3 0.399084 0.810463 0.085667 0.086550
3 0.405393 0.901393 0.095161 0.096536
3 0.468095 0.939816 0.045564 0.095258
3 0.368991 0.832666 0.047358 0.059081
3 0.564164 0.785790 0.050203 0.093455
3 0.577154 0.853430 0.063683 0.053736
5 0.567564 0.875070 0.063253 0.072016
2 0.756177 0.581566 0.102980 0.135006
2 0.751361 0.502907 0.068347 0.065189
2 0.636497 0.499704 0.122994 0.121283
2 0.497196 0.548088 0.019392 0.080552
2 0.579484 0.551709 0.068342 0.134669
3 0.603998 0.388288 0.120497 0.139077
2 0.683659 0.353327 0.064192 0.109780
4 0.716055 0.236120 0.119611 0.125366
2 0.456216 0.194898 0.078056 0.114797
2 0.393192 0.039782 0.083259 0.070189
2 0.305439 0.049609 0.092128 0.092967
4 0.603577 0.270916 0.150903 0.144958