3 0.346050 0.537963 0.120225 0.135300
3 0.420612 0.523516 0.116223 0.122033
3 0.538489 0.474639 0.133228 0.130528
3 0.665028 0.484050 0.123806 0.086850
3 0.682423 0.582769 0.161722 0.162413
3 0.836348 0.717489 0.166445 0.153728
3 0.688984 0.736377 0.196717 0.169628
3 0.548576 0.631019 0.162777 0.177663
3 0.435618 0.735193 0.196236 0.173511
3 0.540930 0.830309 0.147486 0.157494
2 0.387915 0.934023 0.188330 0.130545
3 0.581241 0.931077 0.206233 0.137155
3 0.595717 0.875697 0.163309 0.129519
3 0.777619 0.911459 0.202113 0.176042