4 0.782241 0.852772 0.130108 0.152419
4 0.725437 0.907695 0.194623 0.184139
4 0.119825 0.720262 0.202150 0.221773
5 0.238592 0.063306 0.186559 0.126612
4 0.121237 0.913122 0.242473 0.173119
4 0.255191 0.760938 0.232258 0.225000
3 0.358652 0.910098 0.270430 0.179570
3 0.586055 0.878293 0.240861 0.244086
3 0.448773 0.709509 0.238172 0.250269
3 0.665524 0.683905 0.243548 0.261559
3 0.338055 0.027688 0.185484 0.055377
3 0.535904 0.071909 0.231183 0.143817
4 0.584711 0.197748 0.188172 0.214247
4 0.743380 0.076613 0.193011 0.153227
4 0.345733 0.101361 0.110216 0.112097