3 0.360993 0.108871 0.137611 0.111492
3 0.193114 0.248053 0.114353 0.083606
3 0.549970 0.129782 0.121816 0.137689
3 0.625284 0.107822 0.106817 0.109394
3 0.536498 0.201672 0.079245 0.056469
3 0.560959 0.049145 0.093792 0.026414
2 0.107080 0.904480 0.123534 0.140211
2 0.348796 0.461272 0.100717 0.097544
2 0.615550 0.374180 0.137350 0.138986
2 0.937465 0.587850 0.053055 0.091325
2 0.956266 0.295899 0.056281 0.057423
2 0.942303 0.228601 0.093981 0.091577
2 0.878291 0.324971 0.090958 0.081192
2 0.856305 0.273773 0.103234 0.094422
2 0.822273 0.244463 0.082047 0.067052
4 0.494612 0.191166 0.014223 0.076083
4 0.422180 0.195224 0.072484 0.140448