3 0.625843 0.393166 0.186061 0.201956
0 0.148888 0.849047 0.204025 0.185594
0 0.343161 0.575283 0.151947 0.153691
0 0.334100 0.420046 0.161950 0.152592
0 0.675668 0.877697 0.073211 0.111644
5 0.249930 0.698104 0.181111 0.171208
5 0.114136 0.592373 0.228272 0.178495
5 0.575538 0.115282 0.182327 0.180564
5 0.327637 0.063596 0.105273 0.127192
4 0.190730 0.112195 0.175209 0.168141
4 0.422952 0.143330 0.130280 0.133534
4 0.300425 0.240438 0.203975 0.240252
4 0.180607 0.435237 0.198714 0.201723
4 0.486231 0.325041 0.213088 0.243833
4 0.484195 0.533281 0.146514 0.182188
4 0.620420 0.570570 0.168964 0.166139
4 0.514950 0.701594 0.214275 0.178187
4 0.334477 0.844654 0.184580 0.189308
2 0.037179 0.963323 0.074358 0.070397
4 0.136442 0.956845 0.188509 0.079316
4 0.317339 0.959295 0.209678 0.052966
4 0.528255 0.879777 0.237761 0.187680
4 0.487495 0.806016 0.140614 0.121408
4 0.671119 0.943271 0.101612 0.039667