5 0.841169 0.414625 0.135462 0.116750
5 0.726815 0.848705 0.216130 0.175534
5 0.545911 0.785896 0.185572 0.181167
5 0.689873 0.630648 0.123497 0.142545
5 0.731256 0.506168 0.153137 0.165461
5 0.487001 0.193771 0.158377 0.156292
3 0.602961 0.933214 0.230922 0.132053
3 0.271653 0.848364 0.237056 0.218603
3 0.367022 0.957808 0.180919 0.084366
3 0.595510 0.371653 0.206645 0.202681
3 0.700661 0.215598 0.210697 0.234320
4 0.437346 0.312847 0.196567 0.200694
4 0.445029 0.472586 0.180683 0.148297
4 0.401443 0.672579 0.218511 0.232658
2 0.825127 0.593339 0.209628 0.196053
3 0.743530 0.960673 0.102684 0.077597