5 0.748704 0.195133 0.163033 0.159016
5 0.607034 0.303280 0.167192 0.175311
5 0.746931 0.333634 0.121987 0.111019
2 0.467987 0.712331 0.198473 0.196538
2 0.545095 0.858961 0.140191 0.202297
2 0.778890 0.459738 0.132780 0.163227
2 0.220109 0.334839 0.146467 0.147803
3 0.199059 0.194870 0.126242 0.124114
3 0.466702 0.510698 0.189653 0.215147
3 0.640360 0.472959 0.180720 0.195917
3 0.683650 0.662347 0.232925 0.202819
3 0.692256 0.777262 0.209512 0.145148
3 0.417698 0.930475 0.222897 0.117200
3 0.355870 0.616302 0.177364 0.154478
3 0.603419 0.166977 0.141213 0.121455
2 0.486455 0.293986 0.113534 0.156722