5 0.815390 0.798824 0.118280 0.091398
5 0.660114 0.891079 0.113978 0.104033
5 0.485148 0.872766 0.082795 0.098656
5 0.530713 0.777234 0.098925 0.101344
5 0.655612 0.741465 0.092473 0.095430
5 0.731586 0.776815 0.088172 0.091130
5 0.702352 0.688626 0.067205 0.080377
5 0.625605 0.657527 0.088709 0.090053
4 0.265188 0.977134 0.105377 0.044892
4 0.422228 0.951025 0.122581 0.098925
4 0.324512 0.884594 0.102150 0.122313
4 0.427033 0.817255 0.113441 0.112634
4 0.545127 0.939298 0.121505 0.106720
4 0.773891 0.673252 0.079033 0.096505
4 0.836945 0.737752 0.114516 0.066130
4 0.945094 0.773572 0.102688 0.100269
4 0.976512 0.742859 0.046773 0.126344
2 0.406216 0.884476 0.081183 0.081452
5 0.276815 0.924244 0.066130 0.076613
0 0.961341 0.880276 0.075806 0.129302
0 0.618448 0.959341 0.080645 0.081183
0 0.555091 0.990524 0.075806 0.018548