4 0.712838 0.830009 0.125675 0.150644
4 0.646650 0.888669 0.199550 0.186713
4 0.083960 0.717983 0.167920 0.223466
5 0.234699 0.059818 0.185023 0.119636
4 0.085282 0.910666 0.170564 0.174456
4 0.191616 0.753152 0.230108 0.225055
3 0.278658 0.901241 0.269816 0.183731
3 0.513912 0.862020 0.243450 0.245916
3 0.390231 0.696466 0.236713 0.249181
3 0.611741 0.664502 0.242231 0.260253
3 0.336639 0.022660 0.173278 0.045320
3 0.533015 0.063578 0.231655 0.127156
4 0.568089 0.179949 0.192428 0.216148
4 0.739404 0.066136 0.197558 0.132272
4 0.338541 0.089319 0.114581 0.113013