0 0.629334 0.664651 0.077419 0.104302
0 0.554452 0.481805 0.118280 0.160484
0 0.512534 0.619775 0.168817 0.148925
0 0.652453 0.846220 0.073656 0.083064
0 0.555796 0.900521 0.120967 0.141667
0 0.431031 0.746808 0.152688 0.137366
0 0.358132 0.657123 0.103764 0.114247
0 0.266095 0.723169 0.163441 0.124463
5 0.307812 0.586929 0.150000 0.155108
5 0.334627 0.820312 0.116130 0.125000
5 0.379251 0.887382 0.055377 0.084139
5 0.607325 0.790961 0.152150 0.113172
5 0.519506 0.968683 0.148388 0.062366
5 0.628041 0.938290 0.077956 0.092205
4 0.301478 0.952890 0.177956 0.093280
4 0.281620 0.855578 0.156989 0.148656