5 0.559594 0.915507 0.097312 0.084139
5 0.438088 0.558535 0.104302 0.104570
5 0.595598 0.525420 0.084947 0.085216
5 0.510215 0.506317 0.070430 0.062634
5 0.533518 0.560752 0.095161 0.096505
5 0.613559 0.688256 0.067742 0.048387
4 0.615121 0.616314 0.117742 0.110753
4 0.483148 0.636559 0.088172 0.098119
4 0.541498 0.683703 0.089247 0.098656
4 0.566666 0.972245 0.083333 0.056989
4 0.478948 0.957830 0.086022 0.084409
4 0.488004 0.861929 0.082258 0.105108
4 0.424848 0.916263 0.090322 0.082527
4 0.572379 0.853512 0.082258 0.066398
4 0.624496 0.928327 0.067742 0.087903