3 0.366509 0.091527 0.136144 0.111178
3 0.209136 0.239035 0.112022 0.084320
3 0.556781 0.104136 0.122938 0.136397
3 0.629480 0.079164 0.108961 0.108328
3 0.549469 0.176038 0.077063 0.055202
3 0.560846 0.024697 0.093567 0.024394
2 0.169957 0.896461 0.121164 0.139797
2 0.379763 0.443430 0.097025 0.099361
2 0.639645 0.344586 0.135541 0.139172
2 0.971992 0.542293 0.050234 0.090836
2 0.970159 0.249507 0.055942 0.058389
2 0.952545 0.182780 0.092589 0.090561
2 0.896252 0.281666 0.089378 0.082083
2 0.871138 0.233337 0.101650 0.094798
2 0.835286 0.204690 0.079947 0.068755
4 0.505751 0.167547 0.014627 0.075719
4 0.434959 0.174780 0.073044 0.140184