0 0.132628 0.851045 0.209006 0.148966
4 0.172279 0.938838 0.125808 0.121427
4 0.337970 0.919679 0.254064 0.161233
4 0.194430 0.746966 0.273234 0.237681
4 0.455888 0.771377 0.255527 0.255253
4 0.638329 0.829038 0.211033 0.236202
4 0.524282 0.976290 0.120439 0.046330
4 0.685963 0.961093 0.212550 0.078436
4 0.735811 0.884024 0.062247 0.105548
4 0.593529 0.067991 0.177683 0.082858
4 0.387495 0.211037 0.187491 0.218948
4 0.492052 0.130073 0.155980 0.132022
4 0.269282 0.363959 0.204189 0.221669
3 0.349463 0.541708 0.161427 0.199041
3 0.537391 0.471305 0.199781 0.220736
3 0.686959 0.511517 0.111419 0.138659
3 0.806754 0.250697 0.182258 0.185769
5 0.557692 0.678752 0.121634 0.104380
5 0.607774 0.616999 0.178048 0.180873
5 0.662120 0.370079 0.171116 0.168283
5 0.496172 0.287070 0.161094 0.167889
5 0.711127 0.146680 0.131630 0.155859
5 0.842055 0.117492 0.118486 0.109984
4 0.457596 0.047530 0.115192 0.051311