3 0.679150 0.953024 0.148925 0.093548
3 0.479251 0.939147 0.255377 0.122044
3 0.247396 0.957426 0.216667 0.083602
3 0.152234 0.909577 0.126344 0.112903
3 0.233988 0.800689 0.258602 0.235753
3 0.469372 0.743481 0.223119 0.224463
2 0.574261 0.867691 0.186022 0.157258
2 0.786593 0.647446 0.191936 0.194892
2 0.867305 0.528848 0.090861 0.104570
2 0.500655 0.589684 0.141936 0.098119
2 0.574781 0.306334 0.152688 0.172044
2 0.578058 0.280930 0.162366 0.221236
2 0.082325 0.533384 0.152150 0.144892
2 0.936609 0.235955 0.126344 0.159409
2 0.638777 0.660937 0.115053 0.175000
5 0.550739 0.478848 0.213978 0.204570
5 0.735030 0.506771 0.141936 0.141667
5 0.725387 0.336324 0.191398 0.191398
0 0.837012 0.487786 0.152150 0.184947
4 0.045161 0.269355 0.090322 0.163709
3 0.058602 0.423404 0.117205 0.156183
3 0.211895 0.475739 0.161291 0.163978
3 0.096287 0.154721 0.145698 0.168817
2 0.178411 0.327520 0.134947 0.136291