5 0.760587 0.265373 0.161800 0.161997
5 0.625832 0.360159 0.167289 0.176567
5 0.767342 0.403750 0.122184 0.113750
2 0.510907 0.760977 0.196814 0.193828
2 0.596752 0.905994 0.140378 0.186988
2 0.808292 0.534348 0.129084 0.162445
2 0.240641 0.356558 0.146906 0.150616
3 0.210480 0.215580 0.124084 0.121784
3 0.496483 0.556080 0.189841 0.215284
3 0.668305 0.535755 0.180361 0.193386
3 0.723677 0.729905 0.231730 0.203559
3 0.737500 0.850362 0.209375 0.138225
3 0.474733 0.957929 0.215091 0.084608
3 0.393189 0.653249 0.177003 0.153373
3 0.613310 0.226752 0.142245 0.128503
2 0.502427 0.341559 0.111105 0.154994