4 0.758249 0.188474 0.194623 0.170698
4 0.425705 0.272513 0.195161 0.182527
5 0.547278 0.413592 0.125806 0.161559
5 0.708031 0.337920 0.097312 0.160216
5 0.605191 0.318817 0.182258 0.212634
5 0.636945 0.151008 0.114516 0.139516
5 0.624580 0.062147 0.139784 0.102419
5 0.532426 0.145363 0.158602 0.153227
5 0.357426 0.098370 0.208602 0.187366
5 0.268632 0.061694 0.134139 0.123388
5 0.458350 0.043011 0.176075 0.086022
5 0.252050 0.213525 0.197850 0.173925
5 0.350336 0.363559 0.138172 0.142742
5 0.233552 0.312012 0.113978 0.077150