4 0.618914 0.284682 0.059703 0.059989
4 0.367614 0.473570 0.053978 0.059639
4 0.430828 0.455191 0.074156 0.072883
4 0.441063 0.366939 0.063377 0.065128
4 0.615918 0.235621 0.053711 0.036867
4 0.452095 0.156160 0.051064 0.049820
4 0.430257 0.113593 0.054264 0.064686
5 0.394454 0.117949 0.029533 0.035898
5 0.434988 0.203238 0.048102 0.059602
5 0.462012 0.412091 0.045898 0.046056
3 0.385278 0.421221 0.064306 0.064317
3 0.401598 0.509759 0.068820 0.075767
3 0.465603 0.507842 0.062456 0.056309
3 0.498330 0.462549 0.071659 0.075098
3 0.499471 0.340602 0.070817 0.068703
3 0.528928 0.322325 0.029731 0.044650
3 0.673345 0.306398 0.059189 0.065922
3 0.583558 0.267709 0.057741 0.057292
3 0.498144 0.280620 0.055663 0.054991
3 0.485070 0.208030 0.054516 0.059809
3 0.507741 0.163132 0.068606 0.060639
3 0.488780 0.128101 0.043184 0.031202
3 0.392022 0.166702 0.068419 0.061528
3 0.404256 0.218232 0.055387 0.048964
3 0.402734 0.271527 0.064844 0.064930
3 0.387759 0.335250 0.069269 0.067375
3 0.353330 0.333491 0.028536 0.054481
3 0.446965 0.301209 0.068930 0.068044
3 0.366267 0.385621 0.026284 0.039992
3 0.398686 0.382062 0.047372 0.039123