4 0.704822 0.418045 0.075269 0.079839
4 0.634728 0.424714 0.072581 0.090053
4 0.619388 0.565911 0.107527 0.109947
5 0.495934 0.568027 0.073119 0.070430
3 0.576898 0.400705 0.088172 0.095161
3 0.516095 0.471824 0.063441 0.071773
3 0.753797 0.475689 0.076344 0.085753
3 0.686912 0.487449 0.095698 0.071773
3 0.563995 0.507241 0.112366 0.105108
3 0.587534 0.464684 0.068817 0.048119
3 0.720850 0.567641 0.101075 0.104033
3 0.428730 0.601260 0.088709 0.105645
3 0.464600 0.642120 0.051075 0.037366
3 0.384140 0.762820 0.118280 0.128764
3 0.445682 0.875773 0.156989 0.157795
3 0.388205 0.959341 0.145161 0.081183
3 0.295951 0.933098 0.157527 0.134947
3 0.534324 0.955830 0.146773 0.089784
3 0.666549 0.956586 0.142473 0.088172
3 0.586441 0.865507 0.132258 0.134139
3 0.740945 0.852487 0.103764 0.117473
3 0.673471 0.820934 0.118817 0.123119
3 0.546304 0.792490 0.130108 0.094355
3 0.481586 0.719473 0.138172 0.129570
3 0.437298 0.795145 0.087097 0.030914
3 0.563810 0.632645 0.133870 0.130914
3 0.519338 0.605695 0.079302 0.089516
3 0.684695 0.633367 0.103764 0.060484
3 0.687214 0.697144 0.115053 0.125537
4 0.609409 0.724949 0.118817 0.121773