5 0.668254 0.030380 0.058383 0.060759
5 0.692877 0.063484 0.060753 0.048842
5 0.583737 0.184694 0.092473 0.103763
5 0.647363 0.210657 0.047850 0.061939
5 0.466196 0.111848 0.069892 0.079947
5 0.451126 0.187141 0.055377 0.049281
3 0.601294 0.041620 0.099462 0.083241
4 0.645380 0.117725 0.087634 0.082325
4 0.512046 0.178018 0.070967 0.077911
4 0.541381 0.101477 0.098388 0.093578
4 0.487988 0.035815 0.097850 0.071630
4 0.464886 0.068361 0.036022 0.033597
4 0.442456 0.132191 0.050537 0.058133
4 0.425974 0.176308 0.045698 0.058866