4 0.638945 0.273723 0.059139 0.059947
4 0.400051 0.465642 0.053227 0.059409
4 0.462097 0.447362 0.074194 0.072850
4 0.466364 0.358955 0.063978 0.064784
4 0.630545 0.224395 0.054839 0.036291
4 0.462769 0.148303 0.050537 0.049731
4 0.438357 0.105830 0.054839 0.064784
5 0.402285 0.111761 0.029570 0.036022
5 0.448925 0.195330 0.047850 0.059409
5 0.490305 0.404234 0.046236 0.045967
3 0.414533 0.413373 0.063441 0.064247
3 0.436727 0.501831 0.067205 0.075538
3 0.500958 0.498404 0.061291 0.056183
3 0.530796 0.453125 0.070967 0.075000
3 0.522984 0.332712 0.070967 0.068548
3 0.549966 0.311240 0.031183 0.044355
3 0.693902 0.295430 0.059678 0.065861
3 0.601932 0.256888 0.056989 0.057527
3 0.517288 0.272866 0.056452 0.055108
3 0.499026 0.200152 0.054302 0.059678
3 0.519809 0.153680 0.067742 0.060484
3 0.497043 0.118716 0.044086 0.031183
3 0.403159 0.160602 0.068817 0.061828
3 0.418582 0.210534 0.055914 0.049194
3 0.421052 0.263642 0.063978 0.064784
3 0.409409 0.327487 0.068817 0.067473
3 0.375941 0.327285 0.026881 0.054570
3 0.468784 0.293380 0.068817 0.068011
3 0.392322 0.379402 0.025269 0.040053
3 0.425756 0.374177 0.048387 0.038978