5 0.838055 0.389852 0.135484 0.117205
5 0.722127 0.827856 0.216130 0.174463
5 0.541180 0.769120 0.185484 0.181989
5 0.684997 0.611324 0.123119 0.141398
5 0.728176 0.484493 0.153227 0.165861
5 0.485282 0.178579 0.158064 0.154033
3 0.597110 0.926025 0.231720 0.148925
3 0.266986 0.842087 0.237097 0.218548
3 0.360416 0.952537 0.183333 0.095698
3 0.593851 0.353931 0.206452 0.201613
3 0.699127 0.195464 0.210753 0.234678
4 0.435887 0.300000 0.196773 0.200000
4 0.443448 0.459190 0.180645 0.146505
4 0.396640 0.660770 0.218280 0.230914
2 0.822027 0.568296 0.209678 0.195967
3 0.738844 0.943548 0.102688 0.087097