5 0.390648 0.595172 0.140672 0.115344
5 0.480268 0.641148 0.104286 0.141670
5 0.436207 0.470764 0.128664 0.135278
5 0.535228 0.401490 0.111081 0.121730
5 0.571815 0.455577 0.131130 0.145528
5 0.614869 0.230850 0.098487 0.108575
5 0.517763 0.243004 0.113650 0.101633
5 0.594895 0.128422 0.102291 0.119344
5 0.691201 0.115510 0.091777 0.087270
5 0.709589 0.180373 0.112928 0.126370
5 0.775631 0.230524 0.126262 0.086048
5 0.664139 0.394861 0.072028 0.114722
5 0.555568 0.331110 0.108011 0.077845
5 0.682973 0.498648 0.131570 0.128547
5 0.756852 0.498830 0.082455 0.119534
5 0.582691 0.593717 0.121631 0.121809
5 0.303919 0.150841 0.098462 0.098558