3 0.462870 0.056132 0.056989 0.084139
3 0.604066 0.155930 0.126881 0.121236
3 0.321505 0.322480 0.143011 0.138709
3 0.431116 0.387248 0.124731 0.158870
3 0.308686 0.459728 0.089247 0.097581
3 0.393649 0.743565 0.043548 0.096505
3 0.353411 0.805645 0.084947 0.086291
3 0.352268 0.898387 0.095161 0.096773
3 0.414819 0.935215 0.048387 0.095430
3 0.321287 0.829435 0.045698 0.058870
3 0.518262 0.779587 0.052150 0.093548
3 0.528192 0.847060 0.062634 0.053495
5 0.516095 0.868699 0.063441 0.071773
2 0.722144 0.572027 0.100537 0.134678
2 0.721858 0.494892 0.065591 0.064784
2 0.608434 0.493430 0.123119 0.121236
2 0.466196 0.541885 0.019892 0.080645
2 0.546690 0.545464 0.071505 0.134678
3 0.583115 0.381720 0.119355 0.138441
2 0.664533 0.345598 0.063441 0.109947
4 0.703696 0.228394 0.119892 0.125537
2 0.445010 0.190339 0.080645 0.115053
2 0.392691 0.034812 0.082258 0.069623
2 0.302487 0.046505 0.092473 0.093011
4 0.587231 0.264365 0.149462 0.144355