0 0.610323 0.692698 0.076897 0.104145
0 0.540718 0.507274 0.118936 0.161423
0 0.493745 0.642972 0.168739 0.148444
0 0.626766 0.876011 0.075408 0.080147
0 0.528148 0.925640 0.121922 0.141905
0 0.409220 0.768764 0.152814 0.137528
0 0.340676 0.673230 0.103227 0.115211
0 0.245556 0.736258 0.162988 0.125641
5 0.290352 0.599811 0.149453 0.155872
5 0.311370 0.835781 0.116489 0.124687
5 0.352179 0.904814 0.054358 0.084628
5 0.583911 0.820291 0.152197 0.112458
5 0.489416 0.980695 0.147583 0.039516
5 0.600182 0.959990 0.078489 0.079355
4 0.273377 0.958472 0.178005 0.082569
4 0.255806 0.868313 0.155363 0.152250