0 0.156402 0.846152 0.209678 0.145430
4 0.198612 0.933585 0.122223 0.132795
4 0.366345 0.910584 0.254564 0.177419
4 0.215737 0.736358 0.275223 0.235216
4 0.476326 0.747329 0.255777 0.254033
4 0.662650 0.795783 0.209675 0.238441
4 0.560864 0.963877 0.137353 0.071505
4 0.721812 0.943195 0.227998 0.114516
4 0.761825 0.845279 0.061150 0.106183
4 0.593525 0.038844 0.177675 0.077687
4 0.392512 0.191012 0.188148 0.216398
4 0.493670 0.106973 0.156089 0.129570
4 0.280125 0.350705 0.204000 0.220161
3 0.364305 0.523303 0.159861 0.199731
3 0.551738 0.442893 0.200352 0.220161
3 0.700016 0.474714 0.112531 0.140053
3 0.811441 0.209039 0.182258 0.186828
5 0.576998 0.649916 0.122745 0.102956
5 0.625486 0.584610 0.179097 0.181720
5 0.670504 0.336105 0.172258 0.169086
5 0.503908 0.261374 0.160941 0.169623
5 0.713841 0.109745 0.130808 0.156989
5 0.843790 0.071623 0.118830 0.108870
4 0.458159 0.023656 0.116319 0.047313