3 0.630477 0.976726 0.139080 0.047202
3 0.433396 0.955277 0.244917 0.088678
3 0.205788 0.968200 0.211575 0.064525
3 0.109859 0.918542 0.125969 0.115209
3 0.196533 0.817666 0.258691 0.238458
3 0.434205 0.775552 0.224659 0.222978
2 0.533749 0.908916 0.186248 0.158458
2 0.756831 0.703405 0.191787 0.194309
2 0.843031 0.590718 0.092312 0.103311
2 0.473031 0.623475 0.142937 0.100075
2 0.560895 0.346585 0.153039 0.177545
2 0.566422 0.322706 0.164094 0.223538
2 0.067144 0.541189 0.134288 0.141753
2 0.927662 0.303905 0.130325 0.157811
2 0.606140 0.706712 0.115405 0.172800
5 0.529121 0.516902 0.214492 0.205680
5 0.711780 0.558322 0.142311 0.144769
5 0.710300 0.386538 0.192475 0.191825
0 0.814584 0.546034 0.147919 0.188944
4 0.038595 0.270914 0.077189 0.160578
3 0.049356 0.425730 0.098713 0.154584
3 0.189582 0.491199 0.160414 0.166773
3 0.089569 0.160727 0.144762 0.168330
2 0.163249 0.339868 0.135873 0.135986