0 0.814080 0.922463 0.284409 0.154302
0 0.499277 0.587298 0.170430 0.187097
0 0.436945 0.418498 0.214516 0.158870
4 0.288642 0.912231 0.189784 0.174463
4 0.411795 0.926025 0.304839 0.148925
4 0.591180 0.887988 0.185484 0.222850
4 0.788256 0.701730 0.248387 0.269086
4 0.657157 0.491180 0.208064 0.235484
4 0.428814 0.223370 0.160753 0.237366
4 0.597094 0.050134 0.147313 0.100269
4 0.882073 0.481922 0.236022 0.226344
4 0.947732 0.689298 0.104839 0.206720
4 0.599832 0.240323 0.255914 0.305645
3 0.854906 0.227252 0.247312 0.310753
3 0.683233 0.080780 0.160216 0.111559
5 0.523723 0.757510 0.184947 0.155645
5 0.405427 0.650437 0.113978 0.169623
5 0.388559 0.496858 0.167742 0.140591