5 0.661912 0.036156 0.070698 0.072313
5 0.692877 0.076159 0.060753 0.049194
5 0.583737 0.193935 0.092473 0.103495
5 0.647363 0.221405 0.047850 0.061559
5 0.466196 0.121170 0.069892 0.079839
5 0.451126 0.194775 0.055377 0.048925
3 0.601294 0.046640 0.099462 0.093280
4 0.645380 0.128763 0.087634 0.082527
4 0.512046 0.187551 0.070967 0.078227
4 0.541381 0.110971 0.098388 0.093817
4 0.487988 0.040188 0.097850 0.080377
4 0.464886 0.076176 0.036022 0.033602
4 0.442456 0.140238 0.050537 0.058602
4 0.425974 0.182560 0.045698 0.058870