4 0.764011 0.136531 0.193647 0.173063
4 0.435230 0.241329 0.195461 0.182658
5 0.561200 0.376367 0.125525 0.158984
5 0.721342 0.290782 0.095809 0.159689
5 0.616045 0.274902 0.182089 0.212303
5 0.643679 0.106929 0.112358 0.138858
5 0.628202 0.032563 0.140780 0.065125
5 0.537189 0.108464 0.158753 0.154428
5 0.361133 0.083359 0.209766 0.166717
5 0.245561 0.052746 0.084872 0.105492
5 0.478915 0.026816 0.114080 0.053633
5 0.258450 0.195759 0.198150 0.172769
5 0.363165 0.341073 0.138830 0.141520
5 0.243341 0.298866 0.114808 0.072733