4 0.248135 0.186374 0.180645 0.219623
4 0.498723 0.909341 0.234947 0.181183
4 0.222177 0.960450 0.219355 0.077150
4 0.325958 0.836307 0.211291 0.231989
4 0.296472 0.377134 0.174194 0.169892
4 0.428209 0.388391 0.122044 0.148656
4 0.479670 0.354620 0.165591 0.162366
4 0.375571 0.241734 0.119892 0.145967
4 0.317188 0.155511 0.100000 0.161022
5 0.100504 0.184106 0.132258 0.124463
5 0.127873 0.316885 0.183870 0.155645
5 0.064248 0.392423 0.128495 0.131720
5 0.171270 0.476898 0.161291 0.163172
5 0.373941 0.516650 0.082258 0.148925
5 0.513021 0.808854 0.166667 0.083333
5 0.665978 0.963122 0.097581 0.073119