5 0.745762 0.794251 0.119650 0.091627
5 0.581273 0.886300 0.115672 0.103850
5 0.408656 0.869624 0.082937 0.098623
5 0.462779 0.772626 0.100558 0.101502
5 0.589613 0.738350 0.094852 0.095450
5 0.663673 0.772167 0.089845 0.091209
5 0.642779 0.683953 0.069933 0.080406
5 0.567348 0.654438 0.087822 0.090127
4 0.177665 0.975497 0.105330 0.044744
4 0.337715 0.948097 0.125430 0.099319
4 0.247645 0.883018 0.101539 0.122286
4 0.355558 0.814096 0.114241 0.112567
4 0.462023 0.936284 0.124045 0.106944
4 0.715470 0.668581 0.080941 0.096537
4 0.771132 0.732956 0.114139 0.065912
4 0.877392 0.768941 0.104784 0.100383
4 0.915776 0.736630 0.050302 0.126384
2 0.328145 0.881361 0.081291 0.081472
5 0.194812 0.922590 0.064623 0.076430
0 0.887106 0.874002 0.080463 0.129253
0 0.532887 0.956249 0.081398 0.081248
0 0.467591 0.987533 0.075806 0.018816