4 0.712648 0.418045 0.075297 0.079839
4 0.642630 0.424714 0.072759 0.090053
4 0.630438 0.565911 0.107752 0.109947
5 0.505192 0.568027 0.072884 0.070430
3 0.583055 0.400705 0.087984 0.095161
3 0.525320 0.471824 0.063141 0.071773
3 0.761619 0.475689 0.076362 0.085753
3 0.694889 0.487449 0.096028 0.071773
3 0.573234 0.507241 0.112094 0.105108
3 0.595604 0.464684 0.069333 0.048119
3 0.730507 0.567641 0.101639 0.104033
3 0.439630 0.601260 0.088634 0.105645
3 0.475463 0.642120 0.050925 0.037366
3 0.396795 0.762820 0.118589 0.128764
3 0.461330 0.875773 0.157036 0.157795
3 0.405534 0.959341 0.145442 0.081183
3 0.311154 0.933098 0.156683 0.134947
3 0.551588 0.955830 0.146925 0.089784
3 0.682718 0.956586 0.143561 0.088172
3 0.602226 0.865507 0.132577 0.134139
3 0.756184 0.852487 0.102994 0.117473
3 0.687735 0.820934 0.119220 0.123119
3 0.560296 0.792490 0.129967 0.094355
3 0.492829 0.719473 0.138783 0.129570
3 0.451225 0.795145 0.086825 0.030914
3 0.574748 0.632645 0.133870 0.130914
3 0.528279 0.605695 0.078433 0.089516
3 0.695632 0.633367 0.103764 0.060484
3 0.698401 0.697144 0.115552 0.125537
4 0.621979 0.724949 0.118958 0.121773