3 0.349316 0.520442 0.120506 0.134634
3 0.422184 0.504466 0.116242 0.121431
3 0.541711 0.449985 0.133422 0.128095
3 0.666659 0.454048 0.123944 0.089347
3 0.685646 0.552445 0.161917 0.164266
3 0.839612 0.679763 0.166725 0.153275
3 0.693612 0.705484 0.196598 0.170342
3 0.551849 0.605310 0.163073 0.176245
3 0.440305 0.716178 0.196236 0.172981
3 0.547036 0.806857 0.147197 0.160589
2 0.397750 0.925393 0.195500 0.147661
2 0.919753 0.978637 0.161381 0.041650
3 0.743167 0.984838 0.130084 0.029050
3 0.587758 0.918612 0.206766 0.162223
3 0.600526 0.847448 0.163552 0.126145
3 0.782517 0.892695 0.202534 0.207266