3 0.119462 0.961062 0.142048 0.075248
3 0.237628 0.960313 0.209631 0.076877
3 0.567638 0.934591 0.219652 0.125431
3 0.675918 0.938538 0.076836 0.114577
3 0.628623 0.492483 0.154122 0.181841
3 0.487338 0.461970 0.130925 0.148939
3 0.464492 0.358344 0.169609 0.176063
3 0.634768 0.290342 0.178911 0.180684
3 0.753898 0.364807 0.176547 0.176489
3 0.770167 0.458461 0.134084 0.104422
5 0.283570 0.882396 0.151516 0.174167
5 0.335450 0.852241 0.095900 0.145106
5 0.759091 0.246948 0.080683 0.068897
4 0.473945 0.206844 0.122889 0.141813