4 0.260979 0.183017 0.184458 0.219159
4 0.563666 0.901106 0.233581 0.183463
4 0.290927 0.958454 0.219355 0.079408
4 0.383129 0.831425 0.213133 0.231600
4 0.321244 0.372479 0.176862 0.169958
4 0.455728 0.380426 0.123956 0.148352
4 0.503369 0.346658 0.169237 0.162066
4 0.392968 0.235566 0.117186 0.146131
4 0.326483 0.150455 0.106091 0.160284
5 0.113766 0.182762 0.136908 0.124898
5 0.150231 0.314973 0.184838 0.154945
5 0.090431 0.390743 0.130862 0.131486
5 0.205290 0.473991 0.160580 0.163608
5 0.407992 0.510334 0.087859 0.148794
5 0.570286 0.799848 0.168697 0.084072
5 0.733950 0.951626 0.102275 0.072002