0 0.571543 0.922402 0.136836 0.141680
0 0.239753 0.573613 0.126381 0.094102
0 0.286868 0.351082 0.098736 0.095914
0 0.315500 0.444713 0.096625 0.095677
0 0.503570 0.854313 0.072766 0.061750
2 0.201419 0.720214 0.149712 0.124803
2 0.357376 0.984470 0.105377 0.022066
2 0.330242 0.935720 0.091734 0.115189
4 0.225566 0.827540 0.123006 0.108205
4 0.289258 0.880771 0.050391 0.108417
4 0.634862 0.978639 0.097850 0.026028
4 0.345482 0.528427 0.109714 0.100603
4 0.205467 0.398795 0.139059 0.119464
4 0.394737 0.408378 0.095723 0.110506
4 0.490127 0.411816 0.111505 0.092383
4 0.418777 0.483454 0.081303 0.066908
4 0.466286 0.535503 0.132572 0.161631
4 0.549574 0.607681 0.133523 0.137237
4 0.587309 0.743445 0.133994 0.146264
2 0.606705 0.881236 0.097784 0.103097
5 0.673719 0.968365 0.106813 0.046105
5 0.269914 0.517694 0.055453 0.060388
5 0.181906 0.509307 0.145063 0.106114
4 0.240910 0.280580 0.125570 0.123659
4 0.146807 0.277278 0.096739 0.113931
4 0.392440 0.193374 0.116130 0.108623
4 0.302359 0.235020 0.073469 0.066914
3 0.463183 0.316307 0.104491 0.132614
4 0.362278 0.289830 0.121431 0.154661
2 0.247898 0.154793 0.083297 0.084586
5 0.229377 0.200017 0.071255 0.053159
5 0.350719 0.069693 0.104563 0.105011
5 0.371568 0.027596 0.093136 0.055192
5 0.284996 0.026934 0.082492 0.053867
3 0.203962 0.054658 0.098548 0.103066
5 0.149195 0.188081 0.107766 0.085538
5 0.190529 0.136184 0.074808 0.072367
5 0.127349 0.100911 0.089073 0.098697
4 0.279636 0.106507 0.090522 0.097389
0 0.445682 0.232999 0.050739 0.078498
4 0.437055 0.908927 0.145986 0.170980
3 0.470449 0.753448 0.137773 0.144395
3 0.345733 0.855466 0.097716 0.082806
3 0.332031 0.757604 0.142187 0.146458
3 0.362325 0.619100 0.146525 0.135075
3 0.259231 0.651845 0.115338 0.119314