0 0.408838 0.821304 0.198925 0.255108
0 0.810047 0.517373 0.176344 0.178495
0 0.712366 0.665088 0.174731 0.173925
2 0.154956 0.885098 0.250537 0.229570
4 0.312534 0.930292 0.218817 0.138709
4 0.584089 0.915659 0.215053 0.168817
4 0.740088 0.959829 0.123925 0.079033
4 0.763424 0.879637 0.192473 0.221773
4 0.298975 0.808804 0.051075 0.105108
4 0.039651 0.965171 0.079302 0.070967
4 0.926025 0.838508 0.148925 0.189516
4 0.856653 0.719187 0.175806 0.194623
4 0.931317 0.528176 0.137634 0.228227
4 0.858334 0.329570 0.216667 0.259139
4 0.655847 0.434341 0.224194 0.256183
4 0.792456 0.121959 0.200537 0.172044
5 0.941684 0.169876 0.117742 0.130377
5 0.549244 0.726613 0.201613 0.178227
5 0.480729 0.525638 0.233333 0.232527
2 0.442440 0.640205 0.116130 0.114784
2 0.519506 0.386710 0.098388 0.107795
2 0.674546 0.267389 0.170967 0.137903
3 0.888239 0.061694 0.163978 0.123388
4 0.977268 0.312685 0.045161 0.153495
3 0.971976 0.695581 0.056452 0.125537