3 0.701520 0.937699 0.149914 0.094148
3 0.502776 0.929805 0.255552 0.125234
3 0.270408 0.952975 0.215816 0.087200
3 0.174203 0.906095 0.126531 0.112191
3 0.253014 0.794286 0.259153 0.235447
3 0.486441 0.731228 0.222881 0.224956
2 0.594617 0.853676 0.186109 0.157352
2 0.800812 0.628793 0.192248 0.195086
2 0.881005 0.508745 0.090134 0.104989
2 0.514467 0.580400 0.141434 0.098300
2 0.580944 0.293127 0.152512 0.170630
2 0.585438 0.266496 0.161502 0.220492
2 0.095132 0.530781 0.152764 0.145937
2 0.939966 0.214402 0.120556 0.160053
2 0.654314 0.645679 0.114878 0.175733
5 0.561789 0.466162 0.214203 0.204200
5 0.746625 0.490698 0.143250 0.140772
5 0.733143 0.319274 0.191286 0.191673
0 0.849008 0.468385 0.154266 0.183645
4 0.050806 0.269214 0.092238 0.163428
3 0.068678 0.422277 0.118606 0.157053
3 0.223289 0.470702 0.162203 0.163278
3 0.101562 0.153302 0.146875 0.169105
2 0.185991 0.322923 0.134483 0.136472