5 0.401305 0.574344 0.140109 0.117438
5 0.491182 0.616556 0.104239 0.142487
5 0.444273 0.448179 0.129170 0.133858
5 0.542814 0.374282 0.110628 0.123564
5 0.579548 0.426037 0.130970 0.145825
5 0.619706 0.199156 0.098788 0.107688
5 0.522765 0.214505 0.114280 0.100886
5 0.598232 0.097585 0.102714 0.120170
5 0.694086 0.079484 0.091297 0.090219
5 0.712752 0.141949 0.113003 0.127648
5 0.780197 0.190576 0.126019 0.087402
5 0.671927 0.360797 0.071980 0.115344
5 0.561738 0.300852 0.107852 0.076703
5 0.692123 0.462709 0.131120 0.131667
5 0.765716 0.461291 0.081431 0.119456
5 0.593816 0.563275 0.122006 0.120300
5 0.307156 0.135206 0.098687 0.098538