4 0.765492 0.215155 0.193484 0.170934
4 0.436819 0.286543 0.195513 0.182461
5 0.564371 0.431423 0.125617 0.162845
5 0.722780 0.361594 0.095559 0.160688
5 0.619193 0.339322 0.182136 0.213019
5 0.645098 0.174610 0.112072 0.139845
5 0.628285 0.085351 0.140945 0.105077
5 0.538764 0.164352 0.158778 0.153705
5 0.362793 0.111448 0.209961 0.188520
5 0.269719 0.070299 0.133187 0.124973
5 0.458345 0.057007 0.176064 0.089014
5 0.260038 0.223337 0.198200 0.174798
5 0.364782 0.374876 0.138939 0.143502
5 0.244995 0.319366 0.114991 0.079356