3 0.148152 0.962500 0.140053 0.075000
3 0.267339 0.961609 0.209678 0.076344
3 0.596774 0.937366 0.218548 0.124731
3 0.703579 0.941767 0.079033 0.114784
3 0.643262 0.495682 0.152150 0.181989
3 0.500454 0.464953 0.129033 0.148656
3 0.474765 0.359778 0.168280 0.175806
3 0.642103 0.293313 0.177956 0.180377
3 0.764734 0.369556 0.176344 0.176613
3 0.782291 0.462954 0.133333 0.104033
5 0.309426 0.884106 0.153227 0.174463
5 0.360131 0.855527 0.098388 0.145430
5 0.767154 0.251730 0.081183 0.069086
4 0.480578 0.208334 0.123656 0.141667