5 0.468120 0.803998 0.123739 0.111120
5 0.410996 0.810106 0.065742 0.107713
4 0.441052 0.541163 0.128980 0.063577
4 0.668997 0.568409 0.116119 0.121192
4 0.476796 0.339231 0.116092 0.106587
4 0.763182 0.845505 0.126364 0.119136
4 0.639740 0.202734 0.076355 0.077342
4 0.397935 0.908853 0.073995 0.117706
4 0.470311 0.252812 0.074997 0.074375
3 0.480852 0.914942 0.164830 0.120509
3 0.654166 0.877794 0.133333 0.152463
3 0.731594 0.732538 0.156938 0.168200
3 0.506862 0.695486 0.138725 0.134722
3 0.669252 0.433612 0.141628 0.151598
3 0.563771 0.257936 0.121292 0.131497
3 0.572988 0.127886 0.117852 0.121397
3 0.738337 0.531917 0.111050 0.132584
3 0.661499 0.673377 0.088623 0.059255
3 0.556293 0.389442 0.125086 0.107009
4 0.537831 0.477284 0.141288 0.142069
5 0.688330 0.931608 0.111034 0.056966