0 0.800388 0.948930 0.269527 0.100984
0 0.485516 0.620876 0.171031 0.185502
0 0.427602 0.447293 0.214578 0.160211
4 0.269093 0.922995 0.191311 0.155366
4 0.389170 0.939498 0.300216 0.119622
4 0.570310 0.906929 0.184370 0.185733
4 0.772368 0.750814 0.247861 0.270378
4 0.646820 0.533345 0.209266 0.235439
4 0.425441 0.253285 0.163381 0.240945
4 0.596019 0.085184 0.148287 0.098494
4 0.871730 0.538615 0.237211 0.227230
4 0.933976 0.751742 0.105452 0.209734
4 0.595295 0.278623 0.256214 0.307247
3 0.850662 0.281412 0.248200 0.306573
3 0.680070 0.124710 0.160141 0.111920
5 0.505611 0.789216 0.186222 0.156558
5 0.389658 0.678007 0.113691 0.171639
5 0.378727 0.518798 0.166828 0.143847