5 0.773397 0.812694 0.118669 0.091012
5 0.612184 0.902291 0.114992 0.104581
5 0.439877 0.882190 0.082880 0.098755
5 0.490253 0.786373 0.099256 0.100870
5 0.615591 0.752372 0.093683 0.095369
5 0.691355 0.789195 0.088959 0.090889
5 0.665670 0.701198 0.068839 0.080522
5 0.589329 0.668354 0.088033 0.089833
4 0.213820 0.979513 0.102639 0.040277
4 0.371411 0.953519 0.124072 0.091412
4 0.277455 0.890884 0.101784 0.122392
4 0.383523 0.823605 0.113920 0.112836
4 0.495888 0.947852 0.123027 0.105080
4 0.738417 0.687355 0.079959 0.096584
4 0.796208 0.753701 0.114291 0.066777
4 0.903427 0.790588 0.103728 0.099927
4 0.940069 0.759986 0.048888 0.126222
2 0.360505 0.890695 0.080384 0.081391
5 0.227927 0.929206 0.065228 0.077162
0 0.917423 0.897536 0.078595 0.129447
0 0.567110 0.964993 0.081095 0.070611
0 0.505793 0.995114 0.052211 0.008978