0 0.780496 0.865992 0.285992 0.166359
0 0.479416 0.548759 0.171331 0.191269
0 0.422930 0.385219 0.214609 0.161062
4 0.258607 0.892102 0.192214 0.181078
4 0.377330 0.899126 0.304661 0.163877
4 0.559110 0.843745 0.183845 0.224989
4 0.764534 0.642563 0.247819 0.269502
4 0.640871 0.439663 0.209867 0.238702
4 0.422973 0.186523 0.164695 0.235545
4 0.574896 0.029887 0.106042 0.059773
4 0.865916 0.415321 0.238081 0.227517
4 0.926317 0.614188 0.105759 0.203377
4 0.592245 0.196133 0.256364 0.304766
3 0.847838 0.164234 0.248802 0.315967
3 0.680052 0.041522 0.160103 0.083044
5 0.498118 0.719294 0.186861 0.157337
5 0.381773 0.619558 0.113547 0.167241
5 0.372383 0.470177 0.166641 0.137230