4 0.753168 0.908388 0.128211 0.157400
4 0.719436 0.932762 0.141997 0.134275
4 0.098983 0.727805 0.197966 0.218109
5 0.236701 0.076780 0.185902 0.131684
4 0.105855 0.917920 0.211711 0.163964
4 0.228169 0.777418 0.231338 0.226711
3 0.320738 0.922633 0.263352 0.154641
3 0.555359 0.898212 0.241967 0.202675
3 0.423308 0.742084 0.237241 0.252919
3 0.641805 0.730787 0.242984 0.264698
3 0.338055 0.048710 0.185484 0.063045
3 0.534288 0.106512 0.231077 0.153648
4 0.577266 0.240777 0.188906 0.209680
4 0.741212 0.126109 0.194925 0.158467
4 0.341684 0.126823 0.111492 0.109897