3 0.645773 0.421697 0.182172 0.196519
0 0.189752 0.858841 0.207630 0.189556
0 0.370712 0.592162 0.153923 0.153073
0 0.354250 0.435602 0.161625 0.152453
0 0.718320 0.910419 0.077266 0.114587
5 0.284573 0.710077 0.178522 0.170155
5 0.138430 0.597337 0.239361 0.179048
5 0.580852 0.142687 0.183578 0.179123
5 0.330899 0.075106 0.105548 0.137712
4 0.196409 0.121088 0.174069 0.167177
4 0.431252 0.162537 0.131255 0.134448
4 0.312514 0.254206 0.206278 0.239662
4 0.201072 0.443650 0.202144 0.202925
4 0.502455 0.348745 0.211161 0.241239
4 0.510259 0.556424 0.148642 0.181598
4 0.649363 0.600684 0.167477 0.166992
4 0.550363 0.729785 0.216352 0.181445
4 0.374028 0.863000 0.185556 0.191625
2 0.073612 0.965810 0.090975 0.069120
4 0.182867 0.962070 0.187609 0.074141
4 0.364214 0.973683 0.209678 0.047366
4 0.572112 0.904658 0.234848 0.181191
4 0.526255 0.828095 0.140009 0.118689
4 0.716431 0.973600 0.101612 0.037825