5 0.387618 0.602705 0.140861 0.114784
5 0.475588 0.648824 0.104302 0.141398
5 0.432998 0.477252 0.128495 0.135753
5 0.533770 0.410618 0.111291 0.121236
5 0.568716 0.466465 0.131183 0.145430
5 0.613256 0.241935 0.098388 0.108870
5 0.517658 0.252503 0.113441 0.101881
5 0.594825 0.139230 0.102150 0.119086
5 0.691280 0.127520 0.091936 0.086291
5 0.708014 0.192725 0.112903 0.126075
5 0.774109 0.244439 0.126344 0.085753
5 0.662584 0.405695 0.072044 0.114516
5 0.554032 0.342238 0.108064 0.078227
5 0.679923 0.510719 0.131720 0.127688
5 0.753898 0.511374 0.082795 0.119623
5 0.579502 0.604906 0.121505 0.122313
5 0.303881 0.155578 0.098388 0.098656