0 0.616180 0.930074 0.135484 0.141398
0 0.266566 0.576596 0.126881 0.093817
0 0.302856 0.354234 0.099462 0.095967
0 0.335618 0.449277 0.096236 0.095430
0 0.543347 0.860736 0.074194 0.062097
2 0.235669 0.723437 0.149462 0.125000
2 0.402688 0.988743 0.105377 0.021236
2 0.374630 0.940205 0.093011 0.114784
4 0.264416 0.832023 0.122581 0.107795
4 0.328881 0.885416 0.048387 0.108333
4 0.680175 0.986206 0.097850 0.025538
4 0.370733 0.532947 0.110216 0.100269
4 0.224580 0.401999 0.139784 0.119623
4 0.413743 0.413055 0.096236 0.110484
4 0.511627 0.418246 0.110753 0.092742
4 0.441482 0.489449 0.079839 0.066398
4 0.490860 0.541717 0.131720 0.161559
4 0.578629 0.615289 0.132258 0.136828
4 0.621136 0.751377 0.136022 0.146505
2 0.648169 0.889248 0.099462 0.103495
5 0.719657 0.976243 0.108064 0.046236
5 0.294338 0.520867 0.054302 0.060484
5 0.206418 0.512332 0.144086 0.105914
4 0.253528 0.283838 0.125806 0.123925
4 0.158518 0.278730 0.095161 0.113709
4 0.401815 0.199748 0.116130 0.108870
4 0.313122 0.239718 0.073119 0.066936
3 0.479469 0.320816 0.102688 0.132258
4 0.375840 0.294473 0.120430 0.154570
2 0.255460 0.157964 0.082795 0.084678
5 0.240440 0.203310 0.071505 0.053495
5 0.353982 0.072866 0.104839 0.105108
5 0.373337 0.029705 0.093548 0.059409
5 0.285282 0.028629 0.083064 0.057258
3 0.205713 0.056435 0.098925 0.103495
5 0.156620 0.189483 0.106989 0.085216
5 0.196203 0.137853 0.073656 0.072581
5 0.132123 0.102453 0.089247 0.098656
4 0.284762 0.111291 0.091398 0.097581
0 0.457544 0.239113 0.049462 0.078227
4 0.479368 0.915171 0.146236 0.170967
3 0.506317 0.759677 0.137634 0.144355
3 0.386643 0.859745 0.095161 0.081989
3 0.367305 0.762315 0.140861 0.146505
3 0.391599 0.622295 0.145698 0.135216
3 0.290121 0.655124 0.117742 0.119623