3 0.632830 0.428830 0.184409 0.195161
0 0.163626 0.860920 0.205377 0.190591
0 0.352906 0.596791 0.152688 0.152956
0 0.341852 0.438709 0.161828 0.152419
0 0.690491 0.918598 0.074731 0.115322
5 0.263491 0.713205 0.180108 0.170161
5 0.120648 0.599026 0.238172 0.179302
5 0.577335 0.150320 0.182795 0.178764
5 0.329251 0.078327 0.105377 0.137903
4 0.192053 0.122530 0.174731 0.166936
4 0.426260 0.167339 0.130645 0.134678
4 0.303982 0.257258 0.204839 0.239516
4 0.187500 0.445363 0.200000 0.203227
4 0.492120 0.354670 0.212366 0.240591
4 0.493969 0.562601 0.147313 0.181452
4 0.632577 0.607040 0.168280 0.167205
4 0.527839 0.736441 0.215053 0.182258
4 0.348723 0.866415 0.184947 0.192205
2 0.045430 0.965524 0.090861 0.068548
4 0.153461 0.962987 0.188172 0.072850
4 0.334527 0.976109 0.209678 0.045967
4 0.544842 0.910098 0.236559 0.179570
4 0.502973 0.832443 0.140322 0.118011
4 0.688306 0.981183 0.101612 0.037366