5 0.586523 0.909766 0.076172 0.066406
5 0.617578 0.791602 0.066406 0.064453
5 0.597266 0.747656 0.066406 0.070312
5 0.552148 0.838672 0.076172 0.074219
5 0.497461 0.784180 0.044922 0.037109
5 0.438477 0.798633 0.064453 0.087891
5 0.390430 0.863867 0.083984 0.068359
5 0.382422 0.823633 0.074219 0.041016
5 0.365820 0.741797 0.072266 0.058594
5 0.789648 0.431250 0.076172 0.078125
5 0.726562 0.463281 0.062500 0.070312
5 0.683984 0.450000 0.042969 0.046875
5 0.797266 0.495117 0.082031 0.052734
5 0.809570 0.534766 0.056641 0.050781
5 0.758398 0.535547 0.060547 0.058594
5 0.600977 0.522070 0.064453 0.072266
5 0.521094 0.466602 0.070312 0.064453
5 0.553711 0.498047 0.060547 0.058594
5 0.493164 0.510547 0.064453 0.058594
5 0.507422 0.562891 0.042969 0.050781
5 0.499414 0.626563 0.048828 0.046875
5 0.437305 0.555078 0.052734 0.066406
5 0.329492 0.737695 0.052734 0.056641
5 0.359961 0.696289 0.044922 0.033203
5 0.360156 0.656641 0.070312 0.066406
5 0.384766 0.633594 0.035156 0.039062
5 0.422852 0.623047 0.048828 0.058594
5 0.579102 0.579492 0.033203 0.037109
5 0.371484 0.567187 0.074219 0.062500
5 0.372070 0.531055 0.056641 0.037109
5 0.405078 0.487305 0.050781 0.052734
5 0.371875 0.471289 0.062500 0.064453
5 0.426758 0.454883 0.056641 0.056641
5 0.493555 0.423828 0.052734 0.066406
5 0.510742 0.359961 0.068359 0.060547
5 0.528320 0.328125 0.056641 0.046875
5 0.471484 0.309180 0.074219 0.083984
5 0.444141 0.384570 0.066406 0.056641
5 0.340234 0.387109 0.074219 0.058594
5 0.375781 0.355078 0.070312 0.050781
5 0.342383 0.324219 0.041016 0.054688
5 0.384766 0.312305 0.050781 0.052734
5 0.402734 0.296289 0.058594 0.080078
5 0.625781 0.404687 0.054688 0.062500
5 0.709570 0.402148 0.056641 0.060547
5 0.863867 0.396484 0.068359 0.074219
5 0.922656 0.354883 0.085938 0.056641
5 0.867578 0.331641 0.050781 0.050781
5 0.904102 0.295703 0.064453 0.066406
5 0.874805 0.257422 0.068359 0.074219
5 0.842187 0.224414 0.062500 0.080078
5 0.783203 0.259375 0.066406 0.062500
5 0.773242 0.299414 0.021484 0.033203
5 0.733984 0.294531 0.058594 0.054688
5 0.682227 0.311523 0.080078 0.060547
5 0.992188 0.191797 0.015625 0.042969
5 0.968164 0.146289 0.064453 0.064453
5 0.988867 0.088477 0.021484 0.064453
5 0.953711 0.099414 0.060547 0.064453
5 0.974414 0.054102 0.048828 0.033203
5 0.928320 0.062500 0.056641 0.031250
5 0.907813 0.098242 0.046875 0.068359
5 0.873437 0.136719 0.062500 0.054688
5 0.845508 0.132812 0.041016 0.046875
5 0.522852 0.151367 0.080078 0.068359
5 0.469336 0.108398 0.060547 0.091797
5 0.447852 0.178516 0.048828 0.050781
5 0.349219 0.192383 0.054688 0.056641
5 0.327148 0.196680 0.060547 0.052734
5 0.356836 0.132617 0.060547 0.083984
5 0.412109 0.119531 0.058594 0.070312
5 0.399023 0.159961 0.060547 0.060547
5 0.401172 0.019531 0.042969 0.039062