5 0.648015 0.845933 0.161655 0.107491
5 0.777990 0.748422 0.137230 0.106219
5 0.785604 0.635070 0.074333 0.120139
5 0.851595 0.558299 0.131314 0.085348
5 0.904446 0.435516 0.118267 0.114781
5 0.862259 0.340560 0.118267 0.118620
5 0.852585 0.215663 0.095795 0.134450
5 0.804393 0.149157 0.143161 0.198314
5 0.735305 0.054166 0.114361 0.077083
5 0.696474 0.155955 0.121073 0.140036
5 0.775483 0.320902 0.094716 0.101178
5 0.778182 0.437829 0.125114 0.110033
5 0.730384 0.513330 0.101392 0.089161
5 0.687983 0.646615 0.110341 0.108855
5 0.627056 0.733448 0.141613 0.110645
5 0.521648 0.770166 0.124545 0.118458
5 0.380099 0.718731 0.116448 0.128087
5 0.141406 0.819795 0.101562 0.080214
5 0.145980 0.677495 0.116961 0.104991
5 0.272298 0.651113 0.103970 0.142852
5 0.432337 0.617271 0.136548 0.112667
5 0.573132 0.610897 0.136889 0.096794
5 0.511613 0.532723 0.145100 0.093570
5 0.634929 0.517789 0.101108 0.110578
5 0.592916 0.420449 0.138956 0.094023
5 0.686332 0.294320 0.103914 0.135516
5 0.595809 0.226265 0.085369 0.115030
5 0.527450 0.290269 0.120525 0.136788
5 0.473527 0.135488 0.147053 0.111602
5 0.363136 0.176563 0.095022 0.093750
5 0.285167 0.143846 0.089084 0.112692
5 0.196563 0.218536 0.108750 0.118322
5 0.249269 0.354576 0.104787 0.102902
5 0.378584 0.363700 0.100917 0.093025
5 0.416463 0.285698 0.101677 0.077647
5 0.453853 0.436294 0.076456 0.113213
5 0.364194 0.452545 0.106513 0.092591
5 0.315426 0.535665 0.093352 0.124455
5 0.239659 0.463706 0.094944 0.121162
5 0.181037 0.564549 0.133948 0.100973
5 0.106627 0.503875 0.107003 0.126500
5 0.145057 0.299473 0.108864 0.105195
5 0.127284 0.392228 0.095192 0.106331