5 0.554576 0.903925 0.074777 0.067225
5 0.525434 0.872666 0.025869 0.029706
5 0.550546 0.750461 0.060467 0.063422
5 0.572349 0.728153 0.072823 0.050056
5 0.515155 0.691797 0.058434 0.058594
5 0.527662 0.664379 0.039698 0.038133
5 0.468045 0.681631 0.048589 0.044512
5 0.456286 0.668648 0.040697 0.046670
5 0.414688 0.702055 0.060627 0.050986
5 0.416920 0.575061 0.049464 0.053247
5 0.421333 0.524661 0.039541 0.043072
5 0.449729 0.554985 0.058833 0.056845
5 0.446607 0.495024 0.049464 0.058798
5 0.498755 0.527939 0.047511 0.043378
5 0.512037 0.478813 0.055323 0.076377
5 0.546879 0.518112 0.053133 0.064350
5 0.582411 0.515183 0.039822 0.058491
5 0.553678 0.392258 0.057356 0.043891
5 0.456991 0.391662 0.054608 0.055200
5 0.414775 0.395034 0.042050 0.049442
5 0.415784 0.420034 0.047194 0.033817
5 0.411212 0.362584 0.056800 0.034542
5 0.505671 0.416159 0.030092 0.044819
5 0.484339 0.344141 0.053053 0.050781
5 0.534028 0.330376 0.049306 0.060752
5 0.557216 0.336905 0.045681 0.058184
5 0.486607 0.292504 0.051339 0.053758
5 0.539222 0.293234 0.031569 0.030219
5 0.509263 0.271987 0.043527 0.053348
5 0.540397 0.243420 0.049544 0.049341
5 0.557541 0.279831 0.043208 0.025288
5 0.572277 0.244499 0.038303 0.051498
5 0.532147 0.198860 0.048669 0.053970
5 0.512077 0.170908 0.024153 0.035566
5 0.485789 0.174833 0.049703 0.055916
5 0.482191 0.219778 0.039381 0.048931
5 0.444651 0.195536 0.054927 0.044197
5 0.404774 0.214049 0.059548 0.056223
5 0.401566 0.269006 0.053133 0.047387
5 0.397505 0.233952 0.035634 0.024155
5 0.443638 0.249084 0.043527 0.051294
5 0.530436 0.072954 0.051497 0.049033
5 0.507111 0.100595 0.039222 0.035566
5 0.560123 0.070169 0.020247 0.037212
5 0.509766 0.037538 0.050781 0.025075
5 0.536292 0.045373 0.025709 0.021997
5 0.483991 0.060268 0.039858 0.045536
5 0.441490 0.089402 0.045480 0.050678
5 0.436918 0.043973 0.055086 0.044197
5 0.409726 0.067476 0.035077 0.034952
5 0.410431 0.075595 0.033363 0.051191