5 0.852539 0.740039 0.064453 0.095703
5 0.792773 0.725195 0.060547 0.087891
5 0.700195 0.814258 0.103516 0.087891
5 0.551172 0.911133 0.105469 0.087891
5 0.436328 0.905664 0.097656 0.111328
5 0.374805 0.825000 0.068359 0.093750
5 0.454883 0.799805 0.072266 0.083984
5 0.535742 0.825195 0.099609 0.087891
5 0.709961 0.713867 0.091797 0.099609
5 0.617773 0.704102 0.076172 0.126953
5 0.887305 0.533594 0.083984 0.101562
5 0.799219 0.543750 0.085938 0.093750
5 0.723633 0.590234 0.087891 0.089844
5 0.627344 0.587305 0.101562 0.083984
5 0.667773 0.514062 0.107422 0.078125
5 0.620117 0.436523 0.099609 0.091797
5 0.715625 0.421289 0.093750 0.095703
5 0.855273 0.384180 0.091797 0.115234
5 0.796875 0.466211 0.093750 0.060547
5 0.762305 0.350977 0.115234 0.080078
5 0.768359 0.261328 0.089844 0.097656
5 0.670508 0.271094 0.103516 0.085938
5 0.342383 0.126367 0.103516 0.099609
5 0.547656 0.223633 0.085938 0.103516
5 0.521289 0.319141 0.095703 0.113281
5 0.381445 0.252930 0.103516 0.083984
5 0.288086 0.272266 0.091797 0.097656
5 0.196094 0.247852 0.070312 0.111328
5 0.215820 0.328125 0.103516 0.093750
5 0.176563 0.409766 0.109375 0.082031
5 0.206445 0.487109 0.103516 0.074219
5 0.108008 0.564844 0.103516 0.101562
5 0.163672 0.639258 0.105469 0.072266
5 0.250977 0.730078 0.095703 0.113281
5 0.326758 0.708008 0.087891 0.103516
5 0.412891 0.718164 0.082031 0.095703
5 0.506250 0.685937 0.062500 0.093750
5 0.520312 0.522852 0.078125 0.111328
5 0.513281 0.418750 0.101562 0.093750
5 0.413672 0.334570 0.105469 0.087891
5 0.434961 0.452734 0.091797 0.105469
5 0.451562 0.555664 0.078125 0.095703
5 0.408203 0.620508 0.097656 0.072266
5 0.273047 0.583398 0.105469 0.107422
5 0.336523 0.504687 0.107422 0.078125
5 0.335938 0.420312 0.093750 0.093750