5 0.259180 0.873828 0.099609 0.082031
5 0.303125 0.819336 0.093750 0.091797
5 0.388477 0.855078 0.080078 0.066406
5 0.560156 0.862891 0.085938 0.097656
5 0.636328 0.847070 0.082031 0.087891
5 0.713477 0.780273 0.064453 0.091797
5 0.799414 0.695703 0.080078 0.113281
5 0.859961 0.615039 0.091797 0.064453
5 0.902148 0.470508 0.107422 0.087891
5 0.836523 0.367773 0.076172 0.091797
5 0.774414 0.309180 0.095703 0.083984
5 0.689258 0.273438 0.087891 0.062500
5 0.668750 0.221094 0.062500 0.101562
5 0.610742 0.219141 0.068359 0.128906
5 0.541797 0.221094 0.074219 0.101562
5 0.729492 0.427539 0.068359 0.095703
5 0.797266 0.425586 0.066406 0.060547
5 0.809180 0.520117 0.083984 0.099609
5 0.758789 0.598437 0.080078 0.093750
5 0.699805 0.698047 0.099609 0.089844
5 0.642969 0.772070 0.085938 0.087891
5 0.564063 0.778125 0.078125 0.062500
5 0.482031 0.817383 0.085938 0.087891
5 0.403125 0.786523 0.093750 0.091797
5 0.330078 0.736914 0.066406 0.080078
5 0.255469 0.725391 0.085938 0.066406
5 0.220703 0.677148 0.082031 0.060547
5 0.278906 0.623437 0.101562 0.078125
5 0.373437 0.638672 0.093750 0.074219
5 0.425586 0.690039 0.076172 0.095703
5 0.509375 0.731836 0.109375 0.076172
5 0.609375 0.707422 0.093750 0.058594
5 0.645508 0.645312 0.072266 0.078125
5 0.513672 0.658594 0.105469 0.070312
5 0.581641 0.612695 0.082031 0.087891
5 0.651367 0.557422 0.068359 0.089844
5 0.722266 0.520508 0.082031 0.087891
5 0.668945 0.463477 0.056641 0.111328
5 0.657813 0.399414 0.078125 0.064453
5 0.605859 0.447656 0.058594 0.085938
5 0.594531 0.535937 0.054688 0.078125
5 0.535547 0.476562 0.105469 0.093750
5 0.509375 0.565234 0.078125 0.105469
5 0.422852 0.584766 0.080078 0.066406
5 0.441797 0.514062 0.089844 0.078125
5 0.372070 0.542773 0.056641 0.076172
5 0.291406 0.539062 0.101562 0.093750
5 0.172461 0.565039 0.076172 0.080078
5 0.184375 0.456055 0.093750 0.099609
5 0.336523 0.447266 0.076172 0.113281
5 0.419336 0.440039 0.091797 0.080078
5 0.491602 0.366992 0.095703 0.099609
5 0.570703 0.373437 0.066406 0.062500
5 0.545508 0.313086 0.087891 0.060547
5 0.463477 0.297266 0.080078 0.082031
5 0.384766 0.363867 0.097656 0.083984
5 0.385742 0.290625 0.083984 0.062500
5 0.495508 0.154102 0.072266 0.064453
5 0.428125 0.159766 0.062500 0.082031
5 0.435156 0.208398 0.085938 0.060547
5 0.369531 0.201563 0.054688 0.078125
5 0.323633 0.103125 0.072266 0.078125
5 0.264648 0.192383 0.091797 0.072266
5 0.183984 0.237695 0.105469 0.072266
5 0.308398 0.256836 0.091797 0.091797
5 0.299805 0.338477 0.052734 0.080078
5 0.262500 0.400391 0.078125 0.097656
5 0.235352 0.301563 0.080078 0.093750
5 0.185547 0.361914 0.074219 0.111328
5 0.125977 0.326172 0.064453 0.089844
5 0.114258 0.409961 0.087891 0.076172
5 0.156641 0.491016 0.128906 0.082031