5 0.356284 0.068783 0.093819 0.071941
5 0.381411 0.174730 0.103447 0.083836
5 0.504492 0.130649 0.083984 0.080048
5 0.593399 0.092409 0.074298 0.078569
5 0.731974 0.119895 0.085823 0.099166
5 0.813902 0.142267 0.084053 0.097034
5 0.875362 0.098027 0.081975 0.086678
5 0.541905 0.196564 0.074434 0.093128
5 0.590762 0.248888 0.062773 0.082150
5 0.708789 0.216548 0.095703 0.098722
5 0.212562 0.270609 0.078250 0.094342
5 0.289728 0.243318 0.076331 0.099136
5 0.439969 0.271840 0.086188 0.106180
5 0.274426 0.321221 0.080102 0.051817
5 0.178343 0.344727 0.056686 0.080078
5 0.121380 0.404835 0.080259 0.109670
5 0.205732 0.450740 0.064589 0.063980
5 0.281944 0.382212 0.060762 0.080048
5 0.354136 0.336328 0.080147 0.097656
5 0.432807 0.395319 0.078114 0.096888
5 0.368359 0.451852 0.089844 0.075580
5 0.276262 0.463562 0.090025 0.086500
5 0.232317 0.572278 0.095884 0.088306
5 0.159995 0.538086 0.060616 0.076172
5 0.088809 0.597701 0.074492 0.070402
5 0.137678 0.653590 0.087856 0.097805
5 0.253377 0.701252 0.088005 0.077503
5 0.330180 0.602963 0.082236 0.109050
5 0.186552 0.853353 0.076228 0.097331
5 0.269421 0.814903 0.107592 0.086056
5 0.322402 0.744623 0.082305 0.095497
5 0.340682 0.861577 0.078239 0.104403
5 0.390141 0.663947 0.080283 0.102894
5 0.483345 0.512006 0.097941 0.089638
5 0.585151 0.391548 0.085927 0.098722
5 0.645881 0.357564 0.076137 0.071378
5 0.694330 0.305543 0.091786 0.086086
5 0.824224 0.338915 0.101573 0.093455
5 0.899932 0.331351 0.062364 0.084577
5 0.799213 0.418312 0.101552 0.080373
5 0.687879 0.424071 0.097633 0.070017
5 0.856255 0.516480 0.093761 0.086086
5 0.769279 0.533150 0.091683 0.100675
5 0.671077 0.504365 0.101528 0.086855
5 0.711684 0.596943 0.101494 0.090761
5 0.563545 0.530670 0.080214 0.098841
5 0.484966 0.589770 0.107433 0.070164
5 0.596071 0.619505 0.085892 0.064009
5 0.538706 0.675672 0.105537 0.082594
5 0.613998 0.721955 0.084245 0.097034
5 0.592295 0.837855 0.078341 0.078836
5 0.485632 0.767247 0.090014 0.093869
5 0.418645 0.753037 0.068541 0.077948