5 0.730859 0.499023 0.058594 0.076172
5 0.691406 0.619922 0.054688 0.074219
5 0.653125 0.590234 0.046875 0.074219
5 0.661914 0.508789 0.080078 0.048828
5 0.677148 0.445117 0.060547 0.052734
5 0.688281 0.388672 0.054688 0.058594
5 0.653711 0.349219 0.044922 0.054688
5 0.623047 0.389258 0.058594 0.041016
5 0.620117 0.430469 0.052734 0.039062
5 0.595313 0.472656 0.062500 0.054688
5 0.611719 0.543945 0.070312 0.056641
5 0.577539 0.627539 0.064453 0.048828
5 0.535547 0.657617 0.058594 0.052734
5 0.507422 0.691016 0.074219 0.050781
5 0.418750 0.642578 0.062500 0.050781
5 0.333398 0.614062 0.060547 0.062500
5 0.376563 0.597656 0.046875 0.054688
5 0.457617 0.608984 0.068359 0.058594
5 0.517188 0.592187 0.062500 0.062500
5 0.498633 0.548242 0.056641 0.052734
5 0.551758 0.524414 0.056641 0.048828
5 0.535547 0.479883 0.058594 0.056641
5 0.569336 0.432617 0.044922 0.052734
5 0.577930 0.349414 0.052734 0.064453
5 0.561914 0.290430 0.064453 0.052734
5 0.602930 0.247656 0.037109 0.054688
5 0.575781 0.213477 0.070312 0.048828
5 0.486719 0.269922 0.054688 0.074219
5 0.415039 0.284180 0.064453 0.052734
5 0.366602 0.267383 0.064453 0.056641
5 0.303711 0.298633 0.060547 0.056641
5 0.336523 0.344531 0.076172 0.054688
5 0.330859 0.395313 0.074219 0.046875
5 0.361328 0.443164 0.066406 0.048828
5 0.331445 0.485352 0.056641 0.064453
5 0.280664 0.500781 0.048828 0.085938
5 0.304688 0.558984 0.046875 0.058594
5 0.367773 0.543555 0.060547 0.052734
5 0.391211 0.505469 0.044922 0.070312
5 0.421484 0.462305 0.058594 0.052734
5 0.418945 0.405859 0.056641 0.058594
5 0.397461 0.350000 0.060547 0.078125
5 0.521484 0.366602 0.074219 0.048828
5 0.523828 0.415039 0.066406 0.048828
5 0.477148 0.430078 0.044922 0.050781
5 0.463477 0.515234 0.048828 0.058594
5 0.428711 0.559961 0.044922 0.060547