5 0.055469 0.737399 0.070312 0.077923
5 0.113281 0.977590 0.054688 0.036430
5 0.199805 0.902434 0.052734 0.057994
5 0.148828 0.903913 0.066406 0.082827
5 0.049414 0.968486 0.080078 0.055722
5 0.079687 0.918240 0.078125 0.073980
5 0.658789 0.957643 0.080078 0.034036
5 0.641992 0.921730 0.083984 0.087211
5 0.565430 0.925044 0.068359 0.084462
5 0.575586 0.871047 0.060547 0.073344
5 0.503906 0.898402 0.054688 0.084303
5 0.438477 0.948948 0.048828 0.066645
5 0.605469 0.813867 0.070312 0.083984
5 0.626367 0.720248 0.083984 0.071745
5 0.558594 0.761958 0.054688 0.055166
5 0.574023 0.674732 0.060547 0.080714
5 0.503711 0.714063 0.060547 0.078125
5 0.445898 0.760359 0.076172 0.061342
5 0.454688 0.798130 0.046875 0.033761
5 0.474414 0.673709 0.064453 0.081792
5 0.623633 0.490581 0.072266 0.056163
5 0.612305 0.514109 0.052734 0.059469
5 0.562500 0.540397 0.062500 0.065169
5 0.491797 0.550952 0.074219 0.073778
5 0.436133 0.561049 0.041016 0.034598
5 0.421875 0.522891 0.031250 0.048908
5 0.451953 0.522584 0.050781 0.051417
5 0.451562 0.488470 0.062500 0.051939
5 0.515430 0.482426 0.068359 0.064852
5 0.571094 0.473209 0.054688 0.049544
5 0.594727 0.439963 0.064453 0.070552
5 0.554688 0.440987 0.031250 0.038223
5 0.499609 0.452239 0.058594 0.063853
5 0.484180 0.438603 0.037109 0.045956
5 0.546289 0.377623 0.048828 0.070870
5 0.600000 0.337113 0.046875 0.064852
5 0.477539 0.377586 0.064453 0.077047
5 0.450586 0.342155 0.044922 0.059309
5 0.457031 0.271090 0.054688 0.064055
5 0.619531 0.303169 0.039062 0.037588
5 0.602930 0.272002 0.068359 0.059628
5 0.562500 0.230755 0.062500 0.083384
5 0.574219 0.175774 0.054688 0.042173
5 0.588281 0.110793 0.070312 0.055961
5 0.601172 0.082180 0.058594 0.051859
5 0.616992 0.022920 0.068359 0.045841
5 0.501367 0.105982 0.052734 0.065089
5 0.472070 0.120667 0.041016 0.056959
5 0.433594 0.164815 0.070312 0.057755
5 0.447070 0.177579 0.056641 0.048908
5 0.452930 0.222461 0.037109 0.044922
5 0.489648 0.216016 0.044922 0.066406