5 0.062773 0.470043 0.047420 0.052586
5 0.112259 0.462607 0.052644 0.056464
5 0.143991 0.446458 0.041106 0.036666
5 0.119127 0.414945 0.057005 0.045514
5 0.139590 0.390302 0.035430 0.024355
5 0.132867 0.365941 0.053234 0.050633
5 0.119527 0.339912 0.051555 0.051698
5 0.041370 0.424838 0.060866 0.046550
5 0.076585 0.381013 0.046920 0.046402
5 0.044622 0.350175 0.054869 0.053475
5 0.081754 0.339702 0.035383 0.041903
5 0.193600 0.467658 0.052825 0.054066
5 0.241166 0.473053 0.044831 0.046106
5 0.240325 0.440524 0.043150 0.024798
5 0.229720 0.416891 0.053189 0.046283
5 0.254515 0.399515 0.052780 0.039655
5 0.192015 0.395709 0.037155 0.038294
5 0.342496 0.531013 0.041242 0.046402
5 0.348941 0.503125 0.035383 0.031250
5 0.327802 0.472683 0.043105 0.045366
5 0.375045 0.481520 0.046966 0.041164
5 0.380260 0.511302 0.035520 0.028853
5 0.410166 0.491036 0.029706 0.022697
5 0.402689 0.473384 0.042878 0.034269
5 0.398370 0.438382 0.046739 0.045514
5 0.360143 0.439506 0.045286 0.047762
5 0.396725 0.411240 0.037200 0.019355
5 0.360488 0.406916 0.033477 0.032581
5 0.369541 0.381620 0.045331 0.047616
5 0.337991 0.390773 0.025981 0.047170
5 0.473287 0.540557 0.037200 0.049864
5 0.483798 0.510769 0.039472 0.043412
5 0.513522 0.526130 0.033294 0.036636
5 0.532490 0.506884 0.058730 0.038767
5 0.522516 0.481075 0.051281 0.040275
5 0.539085 0.461503 0.031295 0.026131
5 0.515543 0.443702 0.037336 0.037405
5 0.482812 0.435991 0.031250 0.043856
5 0.506077 0.426563 0.021530 0.015625
5 0.635134 0.547736 0.039017 0.042347
5 0.659180 0.531579 0.052734 0.041283
5 0.673152 0.519928 0.036928 0.030481
5 0.684488 0.500829 0.015852 0.017283
5 0.668555 0.486280 0.037109 0.041311
5 0.645367 0.492652 0.037609 0.035305
5 0.676540 0.465019 0.015580 0.014412
5 0.656409 0.447509 0.047194 0.038767
5 0.629733 0.463920 0.031341 0.034091
5 0.617278 0.438477 0.031431 0.033203
5 0.639566 0.422044 0.035383 0.034713
5 0.969218 0.502397 0.041561 0.036044
5 0.932386 0.437870 0.033522 0.031991
5 0.904043 0.419288 0.039336 0.051077
5 0.864889 0.527302 0.039153 0.032730
5 0.883526 0.497461 0.023302 0.029297
5 0.861419 0.497272 0.035338 0.038294
5 0.871988 0.458102 0.047102 0.044330
5 0.887600 0.467666 0.037700 0.035333
5 0.839485 0.451953 0.025845 0.035156
5 0.948770 0.482570 0.025664 0.027639