5 0.550668 0.654035 0.070086 0.079945
5 0.486921 0.657649 0.045717 0.074673
5 0.513590 0.518563 0.064680 0.049625
5 0.431730 0.559513 0.041584 0.056527
5 0.400255 0.568562 0.031761 0.049625
5 0.448302 0.501733 0.043480 0.047216
5 0.478495 0.467294 0.047614 0.050213
5 0.510444 0.458512 0.045887 0.060775
5 0.553927 0.467731 0.057855 0.069837
5 0.542220 0.386279 0.053189 0.047558
5 0.504745 0.331738 0.046989 0.054100
5 0.449169 0.348754 0.067087 0.053758
5 0.434826 0.402571 0.057152 0.039517
5 0.452348 0.302312 0.045320 0.048373
5 0.452180 0.260426 0.051236 0.045852
5 0.493082 0.247045 0.039289 0.047216
5 0.537777 0.241975 0.050555 0.055825
5 0.569283 0.283048 0.066691 0.059845