5 0.802539 0.850195 0.080078 0.072266
5 0.887695 0.756445 0.056641 0.072266
5 0.855859 0.766211 0.074219 0.060547
5 0.786523 0.779102 0.076172 0.080078
5 0.831445 0.726953 0.056641 0.082031
5 0.869727 0.609766 0.064453 0.066406
5 0.920703 0.578125 0.066406 0.062500
5 0.891211 0.543359 0.060547 0.074219
5 0.933594 0.488086 0.070312 0.060547
5 0.918945 0.430078 0.072266 0.066406
5 0.936328 0.358008 0.066406 0.072266
5 0.860352 0.347461 0.064453 0.091797
5 0.845313 0.426367 0.078125 0.068359
5 0.857422 0.485352 0.058594 0.048828
5 0.828125 0.551172 0.078125 0.074219
5 0.818164 0.644141 0.080078 0.066406
5 0.763477 0.703711 0.095703 0.060547
5 0.729102 0.813477 0.080078 0.064453
5 0.707031 0.745508 0.054688 0.072266
5 0.657617 0.833789 0.068359 0.080078
5 0.651172 0.771289 0.074219 0.048828
5 0.600000 0.795312 0.062500 0.078125
5 0.559375 0.853516 0.093750 0.066406
5 0.540430 0.785937 0.052734 0.078125
5 0.481250 0.795508 0.078125 0.072266
5 0.476172 0.860938 0.058594 0.062500
5 0.382422 0.886719 0.058594 0.085938
5 0.309570 0.869922 0.087891 0.074219
5 0.416406 0.811328 0.054688 0.082031
5 0.439258 0.742578 0.072266 0.066406
5 0.367188 0.787695 0.062500 0.056641
5 0.264258 0.795898 0.056641 0.091797
5 0.207031 0.767188 0.070312 0.093750
5 0.150391 0.728906 0.082031 0.070312
5 0.221094 0.694141 0.070312 0.050781
5 0.301758 0.707617 0.072266 0.068359
5 0.351562 0.734766 0.078125 0.082031
5 0.495508 0.703125 0.072266 0.062500
5 0.554688 0.707031 0.062500 0.070312
5 0.618555 0.716211 0.068359 0.076172
5 0.618555 0.716211 0.068359 0.076172
5 0.584375 0.658984 0.078125 0.058594
5 0.677539 0.620117 0.064453 0.068359
5 0.668555 0.684961 0.052734 0.060547
5 0.750000 0.648047 0.062500 0.058594
5 0.769141 0.595313 0.066406 0.046875
5 0.732227 0.551562 0.064453 0.078125
5 0.757812 0.500977 0.062500 0.048828
5 0.795312 0.461328 0.078125 0.066406
5 0.799609 0.355859 0.058594 0.074219
5 0.746875 0.398438 0.062500 0.078125
5 0.810547 0.251953 0.074219 0.066406
5 0.795312 0.174609 0.062500 0.074219
5 0.726172 0.164844 0.074219 0.070312
5 0.756250 0.307617 0.062500 0.068359
5 0.701953 0.295312 0.066406 0.078125
5 0.709766 0.361328 0.066406 0.066406
5 0.659570 0.520508 0.056641 0.087891
5 0.592383 0.530859 0.072266 0.074219
5 0.607031 0.595313 0.085938 0.062500
5 0.517383 0.639453 0.056641 0.066406
5 0.413867 0.679297 0.052734 0.058594
5 0.352930 0.663867 0.068359 0.083984
5 0.241992 0.635352 0.099609 0.064453
5 0.112305 0.619531 0.083984 0.070312
5 0.052148 0.523047 0.076172 0.089844
5 0.155078 0.580859 0.066406 0.058594
5 0.216797 0.566797 0.089844 0.074219
5 0.294922 0.557031 0.074219 0.070312
5 0.361719 0.584375 0.070312 0.046875
5 0.395117 0.624414 0.052734 0.048828
5 0.439453 0.595703 0.050781 0.066406
5 0.488086 0.583984 0.044922 0.074219
5 0.539062 0.568359 0.046875 0.074219
5 0.542969 0.494141 0.070312 0.050781
5 0.605078 0.435156 0.066406 0.054688
5 0.655859 0.387109 0.058594 0.058594
5 0.638672 0.323828 0.058594 0.082031
5 0.508594 0.344531 0.070312 0.070312
5 0.666016 0.242188 0.066406 0.078125
5 0.648047 0.159766 0.058594 0.097656
5 0.607031 0.220312 0.070312 0.078125
5 0.591602 0.289062 0.048828 0.062500
5 0.594531 0.356836 0.070312 0.076172
5 0.538477 0.394141 0.080078 0.050781
5 0.509375 0.458398 0.062500 0.076172
5 0.327734 0.151953 0.058594 0.066406
5 0.388086 0.136523 0.076172 0.060547
5 0.459375 0.122656 0.062500 0.085938
5 0.577734 0.149219 0.058594 0.085938
5 0.533203 0.215234 0.082031 0.074219
5 0.518945 0.275781 0.072266 0.070312
5 0.452539 0.241797 0.080078 0.058594
5 0.436133 0.183984 0.072266 0.058594
5 0.388672 0.223438 0.058594 0.062500
5 0.325195 0.226562 0.056641 0.093750
5 0.281836 0.244141 0.076172 0.066406
5 0.219141 0.274805 0.066406 0.068359
5 0.174219 0.203516 0.085938 0.066406
5 0.171875 0.392188 0.062500 0.078125
5 0.173437 0.476562 0.078125 0.062500
5 0.234766 0.511523 0.082031 0.076172
5 0.306445 0.490234 0.072266 0.074219
5 0.368555 0.518555 0.052734 0.083984
5 0.417969 0.505273 0.070312 0.060547
5 0.484375 0.518164 0.062500 0.048828
5 0.442773 0.443750 0.076172 0.062500
5 0.457617 0.394336 0.068359 0.044922
5 0.437109 0.323828 0.058594 0.097656
5 0.387109 0.283008 0.089844 0.056641
5 0.346289 0.328516 0.064453 0.097656
5 0.284961 0.304492 0.076172 0.052734
5 0.393945 0.387695 0.056641 0.072266
5 0.338672 0.436914 0.089844 0.048828
5 0.270508 0.430664 0.119141 0.080078
5 0.293945 0.361914 0.072266 0.064453
5 0.229297 0.366992 0.058594 0.083984
5 0.096094 0.272070 0.070312 0.103516
5 0.134766 0.331836 0.082031 0.060547