5 0.748054 0.947747 0.086733 0.070494
5 0.820034 0.819842 0.077567 0.089684
5 0.844759 0.736914 0.098894 0.080078
5 0.736816 0.799848 0.101758 0.074695
5 0.721333 0.880330 0.086416 0.076286
5 0.620421 0.881897 0.090842 0.063794
5 0.665484 0.818151 0.077844 0.086302
5 0.531923 0.854824 0.073220 0.094023
5 0.457046 0.817070 0.079717 0.074764
5 0.352579 0.833364 0.080158 0.060478
5 0.275166 0.802273 0.075333 0.092047
5 0.216251 0.735236 0.107502 0.070472
5 0.337030 0.768600 0.058434 0.084075
5 0.397725 0.726208 0.067325 0.083666
5 0.460981 0.738797 0.068837 0.090094
5 0.520288 0.733891 0.056200 0.080283
5 0.587272 0.814301 0.080794 0.062977
5 0.585938 0.756698 0.078125 0.066520
5 0.766841 0.720105 0.064931 0.083961
5 0.697396 0.719048 0.069792 0.088095
5 0.635598 0.719541 0.061820 0.076581
5 0.570009 0.681627 0.086892 0.072630
5 0.652384 0.649309 0.101642 0.070494
5 0.750890 0.649898 0.098655 0.077920
5 0.870905 0.588556 0.073061 0.095862
5 0.832418 0.497048 0.067961 0.087845
5 0.789699 0.418289 0.095023 0.080328
5 0.757357 0.470885 0.083464 0.082395
5 0.782784 0.551699 0.081192 0.078398
5 0.716562 0.593187 0.079998 0.080123
5 0.699616 0.510799 0.071108 0.084098
5 0.635775 0.586880 0.087175 0.064384
5 0.638448 0.508823 0.051895 0.080147
5 0.585482 0.521666 0.067839 0.074583
5 0.555520 0.581123 0.073539 0.084120
5 0.884162 0.328806 0.099573 0.095113
5 0.904448 0.404517 0.077647 0.093409
5 0.910543 0.505664 0.099211 0.080078
5 0.269195 0.680684 0.075891 0.086369
5 0.169372 0.662557 0.101244 0.062614
5 0.220121 0.605285 0.074617 0.091820
5 0.303512 0.608582 0.075773 0.085914
5 0.336343 0.686408 0.060186 0.082191
5 0.380527 0.652389 0.054803 0.086028
5 0.455766 0.665253 0.102156 0.086756
5 0.493837 0.612993 0.075173 0.082236
5 0.484274 0.521414 0.077923 0.095953
5 0.435782 0.570991 0.052814 0.085733
5 0.580324 0.449630 0.095023 0.080509
5 0.655074 0.431411 0.060148 0.072197
5 0.730740 0.384616 0.073980 0.056731
5 0.798655 0.330741 0.078559 0.086483
5 0.726302 0.306420 0.077605 0.094091
5 0.663643 0.343462 0.077286 0.090048
5 0.587395 0.375182 0.087291 0.078489
5 0.539106 0.306823 0.100087 0.066770
5 0.468443 0.345610 0.096261 0.072470
5 0.504141 0.413477 0.080158 0.080078
5 0.432202 0.430110 0.073778 0.088345
5 0.394354 0.484073 0.076208 0.096272
5 0.373705 0.570646 0.075536 0.081917
5 0.150228 0.592982 0.075456 0.095339
5 0.098546 0.565820 0.059592 0.072266
5 0.184426 0.520978 0.065727 0.076331
5 0.269498 0.536326 0.082747 0.072652
5 0.325908 0.486707 0.067441 0.101539
5 0.218139 0.458395 0.105028 0.088664
5 0.125550 0.456066 0.082350 0.099633
5 0.293276 0.411145 0.083427 0.087914
5 0.270233 0.338479 0.077966 0.151958
5 0.373984 0.355446 0.091717 0.085892
5 0.347182 0.288559 0.075614 0.073992
5 0.448130 0.283582 0.080636 0.054664
5 0.899479 0.226873 0.055208 0.081872
5 0.825351 0.202273 0.097577 0.076422
5 0.773966 0.247641 0.097931 0.098406
5 0.704930 0.206030 0.069234 0.058934
5 0.657082 0.248953 0.073539 0.097906
5 0.585116 0.231618 0.070233 0.097611
5 0.514884 0.231182 0.070392 0.093614
5 0.405469 0.229699 0.085938 0.078148
5 0.327203 0.207352 0.070031 0.095953
5 0.168555 0.278504 0.083984 0.082008
5 0.178432 0.374666 0.122489 0.074333
5 0.257154 0.154617 0.076808 0.052984
5 0.324063 0.128366 0.076252 0.056731
5 0.404384 0.130239 0.071267 0.107353
5 0.476212 0.105101 0.089923 0.066452
5 0.479923 0.175161 0.056720 0.072197
5 0.543099 0.159155 0.058073 0.074559
5 0.608630 0.144324 0.079759 0.076148
5 0.680928 0.151885 0.071231 0.066270
5 0.791373 0.129778 0.067122 0.078306
5 0.594842 0.068073 0.074059 0.064272