5 0.461601 0.939290 0.051327 0.062955
5 0.552293 0.920553 0.054586 0.056731
5 0.581521 0.911719 0.050542 0.054688
5 0.571366 0.858934 0.055233 0.055369
5 0.559214 0.821380 0.052803 0.049009
5 0.525816 0.830927 0.039131 0.058730
5 0.453991 0.810729 0.054858 0.058958
5 0.421332 0.798629 0.055164 0.053508
5 0.444692 0.762845 0.033134 0.035066
5 0.583408 0.768437 0.051191 0.049373
5 0.547724 0.759925 0.054823 0.051100
5 0.565515 0.725150 0.037280 0.040925
5 0.528347 0.717370 0.047319 0.062864
5 0.478720 0.727834 0.051191 0.065044
5 0.453398 0.732662 0.016170 0.052825
5 0.559019 0.635006 0.058662 0.045012
5 0.526223 0.617152 0.043070 0.037428
5 0.415405 0.658008 0.058934 0.041016
5 0.428618 0.620840 0.066611 0.051055
5 0.455171 0.586341 0.029092 0.044558
0 0.472488 0.565612 0.035600 0.053098
0 0.523762 0.565371 0.031898 0.058867
0 0.546391 0.593059 0.049033 0.039244
0 0.572275 0.414703 0.057050 0.051281
0 0.538655 0.358825 0.042934 0.042650
5 0.442214 0.474169 0.053178 0.051463
5 0.511133 0.431550 0.041016 0.034975
5 0.470881 0.414385 0.044888 0.050645
5 0.438340 0.416143 0.048555 0.044786
5 0.508466 0.383353 0.045058 0.060456
5 0.572962 0.353457 0.042798 0.041289
5 0.462551 0.361428 0.062602 0.041606
5 0.501027 0.327285 0.048930 0.045195
5 0.465762 0.320621 0.031523 0.041242
5 0.556811 0.318655 0.051122 0.043559
5 0.510887 0.272506 0.046773 0.060637
5 0.539590 0.303375 0.035430 0.031750
5 0.472444 0.296285 0.060513 0.030070
5 0.479144 0.267015 0.027037 0.037155
5 0.570610 0.253606 0.041220 0.050963
5 0.608364 0.235406 0.060478 0.039563
5 0.597063 0.200295 0.062875 0.047466
5 0.533518 0.222057 0.045161 0.047239
5 0.472070 0.216061 0.041016 0.035247
5 0.447105 0.200977 0.025459 0.033203
5 0.460522 0.182835 0.017919 0.031295
5 0.490090 0.182295 0.048930 0.048964
5 0.501223 0.150795 0.043070 0.048464
5 0.540302 0.173220 0.043105 0.052689
5 0.570881 0.163831 0.044888 0.058912
5 0.606105 0.134212 0.052836 0.043423
5 0.622351 0.108594 0.019702 0.023438
5 0.614648 0.092174 0.029297 0.037473
5 0.585505 0.103066 0.049134 0.053008
5 0.555146 0.079560 0.035292 0.037245
5 0.597666 0.057985 0.014081 0.040970
5 0.572996 0.054537 0.042867 0.052825
5 0.528142 0.050977 0.046909 0.064453
5 0.493911 0.072152 0.040947 0.034930
5 0.501011 0.106191 0.048897 0.037383
5 0.466363 0.106949 0.048352 0.045148