5 0.444848 0.950982 0.045945 0.051964
5 0.494255 0.911901 0.066634 0.055052
5 0.501790 0.843964 0.062955 0.053553
5 0.467302 0.873652 0.062728 0.053553
5 0.416251 0.934680 0.063752 0.069359
5 0.387149 0.911093 0.046173 0.044061
5 0.367805 0.872298 0.035611 0.041470
5 0.399854 0.846003 0.040333 0.054506
5 0.443278 0.831764 0.049056 0.057278
5 0.469091 0.799459 0.047558 0.064544
5 0.374862 0.819323 0.052848 0.051145
5 0.367578 0.698496 0.050781 0.040742
5 0.361630 0.658607 0.063884 0.048464
5 0.400203 0.630169 0.037906 0.050963
5 0.437678 0.636679 0.044106 0.042108
5 0.478328 0.640026 0.037906 0.055052
5 0.485107 0.606791 0.051464 0.044831
5 0.521850 0.615344 0.037450 0.024438
5 0.518765 0.642706 0.056280 0.044788
5 0.541211 0.677421 0.044922 0.045467
5 0.506225 0.690625 0.053075 0.046875
5 0.504216 0.734244 0.049056 0.049738
5 0.523966 0.518528 0.060433 0.049556
5 0.480916 0.545808 0.058708 0.060366
5 0.425821 0.536724 0.057892 0.057823
5 0.504394 0.497662 0.046287 0.042198
5 0.479102 0.468196 0.033203 0.055142
5 0.503541 0.449491 0.028956 0.023983
5 0.473193 0.416497 0.049511 0.054869
5 0.547134 0.406314 0.053644 0.043878
5 0.530793 0.342088 0.058461 0.056052
5 0.497599 0.321875 0.038948 0.031250
5 0.479613 0.356945 0.049852 0.057641
5 0.457177 0.330110 0.045605 0.057095
5 0.427905 0.324101 0.027684 0.035702
5 0.400089 0.337441 0.037678 0.053008
5 0.423274 0.363105 0.043423 0.041834
5 0.383097 0.380878 0.047444 0.039881
5 0.374723 0.354420 0.027572 0.033841
5 0.358626 0.408340 0.029752 0.035430
5 0.379151 0.425650 0.052052 0.057550
5 0.381176 0.463495 0.034227 0.030116
5 0.420402 0.415312 0.053303 0.049373
5 0.444841 0.476549 0.049056 0.053098
5 0.417536 0.468678 0.044447 0.059231
5 0.389461 0.516757 0.063297 0.046014
5 0.373437 0.540743 0.046875 0.034611
5 0.386687 0.486737 0.032748 0.020350
5 0.356413 0.443568 0.019077 0.030886
5 0.542952 0.256868 0.026528 0.035611
5 0.513289 0.254811 0.051578 0.053372
5 0.452017 0.279316 0.047784 0.055506
5 0.417432 0.290371 0.028614 0.027617
5 0.409659 0.260774 0.047444 0.043423
5 0.381517 0.262727 0.034909 0.047330
5 0.436377 0.221289 0.054005 0.064453
5 0.487621 0.216256 0.043992 0.060637
5 0.511946 0.170585 0.039517 0.047420
5 0.551229 0.156991 0.058708 0.057733
5 0.551602 0.108554 0.050080 0.057733
5 0.518416 0.096212 0.027458 0.026798
5 0.501652 0.127030 0.053303 0.057186
5 0.457308 0.171608 0.058366 0.049466
5 0.483942 0.094687 0.052259 0.051873
5 0.490795 0.060560 0.047216 0.036745
5 0.445516 0.089844 0.037906 0.039062
5 0.420427 0.095885 0.015853 0.019895
5 0.387703 0.121966 0.053531 0.062681
5 0.367358 0.174192 0.062841 0.051509
5 0.429777 0.125559 0.053303 0.041744
5 0.408984 0.222852 0.011719 0.033203