5 0.319511 0.870760 0.101522 0.082145
5 0.360134 0.815949 0.098394 0.091273
5 0.447169 0.850516 0.078712 0.066656
5 0.621170 0.856561 0.089216 0.097497
5 0.695780 0.839076 0.085309 0.087527
5 0.768907 0.772574 0.062814 0.092023
5 0.849141 0.686590 0.079531 0.113805
5 0.903173 0.604079 0.093845 0.064408
5 0.934893 0.459695 0.107286 0.088141
5 0.862070 0.358466 0.077264 0.091933
5 0.795887 0.299873 0.098025 0.084120
5 0.707530 0.265887 0.086934 0.063023
5 0.683889 0.213509 0.058403 0.102017
5 0.626982 0.211408 0.069589 0.129066
5 0.555996 0.214934 0.074492 0.101744
5 0.758983 0.418209 0.071091 0.095794
5 0.826552 0.416052 0.068728 0.060228
5 0.845800 0.510822 0.085350 0.099769
5 0.800029 0.589176 0.081308 0.093977
5 0.749395 0.688910 0.098791 0.090320
5 0.696443 0.765661 0.089761 0.087572
5 0.619023 0.770403 0.078672 0.062681
5 0.539229 0.811348 0.084708 0.088322
5 0.457274 0.781779 0.095798 0.091683
5 0.381436 0.733971 0.065997 0.080442
5 0.306827 0.721010 0.085528 0.067020
5 0.267852 0.674126 0.082578 0.060752
5 0.323809 0.620551 0.100744 0.078602
5 0.416914 0.634177 0.093203 0.074605
5 0.473819 0.685534 0.075762 0.096067
5 0.561005 0.725734 0.109511 0.076467
5 0.659034 0.699757 0.093067 0.058889
5 0.690137 0.637693 0.070900 0.078511
5 0.560273 0.652503 0.104922 0.070631
5 0.625398 0.604815 0.085172 0.087755
5 0.690574 0.549587 0.071773 0.089798
5 0.759356 0.511371 0.081212 0.088367
5 0.702304 0.455721 0.057733 0.111442
5 0.685937 0.391829 0.078125 0.064908
5 0.636366 0.439878 0.060233 0.086006
5 0.630264 0.528193 0.054278 0.078261
5 0.568231 0.470188 0.108338 0.093500
5 0.548505 0.559030 0.078261 0.105559
5 0.463545 0.578731 0.080214 0.066838
5 0.477188 0.508063 0.088752 0.078625
5 0.408759 0.538086 0.058142 0.076172
5 0.328633 0.536199 0.101016 0.094273
5 0.212677 0.563681 0.075353 0.080488
5 0.215770 0.454412 0.097164 0.099450
5 0.368456 0.442555 0.077538 0.113236
5 0.449365 0.435317 0.092480 0.080009
5 0.516260 0.360970 0.095020 0.100064
5 0.596523 0.367165 0.068045 0.062455
5 0.568544 0.306711 0.090213 0.060297
5 0.485078 0.291254 0.079531 0.082508
5 0.409902 0.359384 0.097930 0.084394
5 0.405987 0.286142 0.083848 0.062909
5 0.505292 0.148034 0.073084 0.064817
5 0.438524 0.155203 0.064548 0.082281
5 0.448885 0.203461 0.088395 0.060047
5 0.382919 0.196898 0.056463 0.078170
5 0.330498 0.100113 0.073495 0.078352
5 0.277422 0.189405 0.092344 0.072561
5 0.200898 0.234718 0.104922 0.072561
5 0.325252 0.253654 0.094255 0.091683
5 0.323182 0.335352 0.055739 0.080078
5 0.290633 0.397266 0.081266 0.097656
5 0.257159 0.298585 0.079942 0.094045
5 0.210828 0.360147 0.077906 0.110919
5 0.149346 0.324757 0.064317 0.090139
5 0.143604 0.408626 0.087208 0.076627
5 0.191160 0.489373 0.132320 0.081872