5 0.436588 0.123426 0.057550 0.046852
5 0.470436 0.100252 0.053372 0.056755
5 0.452272 0.067451 0.051419 0.056777
5 0.431041 0.093634 0.027708 0.021644
5 0.503743 0.146725 0.051236 0.052825
5 0.533158 0.061498 0.050691 0.066747
5 0.555338 0.146484 0.057550 0.058594
5 0.578384 0.186764 0.053644 0.054778
5 0.602017 0.171680 0.032159 0.037109
5 0.597870 0.130721 0.061366 0.048942
5 0.583680 0.087269 0.051734 0.058912
5 0.547566 0.090187 0.054506 0.049123
5 0.567370 0.355709 0.047239 0.048919
5 0.563672 0.308926 0.058594 0.049102
5 0.583939 0.272702 0.042878 0.039153
5 0.545658 0.271782 0.035066 0.052939
5 0.507227 0.262488 0.048828 0.062477
5 0.518723 0.353573 0.043697 0.035270
5 0.502616 0.317049 0.055233 0.052848
5 0.460520 0.326851 0.039791 0.019327
5 0.454629 0.300000 0.053008 0.046875
5 0.465813 0.266924 0.050375 0.052598
0 0.429928 0.280559 0.025481 0.039244
5 0.549192 0.784616 0.051509 0.056731
5 0.549641 0.714510 0.049283 0.050895
5 0.521048 0.702044 0.038972 0.050963
5 0.524238 0.732996 0.020350 0.025367
5 0.574733 0.648403 0.049466 0.078056
5 0.524895 0.642083 0.052916 0.052916
5 0.509544 0.597518 0.053463 0.045036
5 0.533548 0.560052 0.038972 0.045103
5 0.568600 0.563774 0.037200 0.043173
5 0.479634 0.594118 0.040519 0.050736
5 0.497466 0.917199 0.048058 0.062523