5 0.826624 0.788022 0.065748 0.094794
5 0.766381 0.772525 0.060888 0.088800
5 0.672241 0.854401 0.103856 0.090052
5 0.519820 0.941958 0.105264 0.090166
5 0.404533 0.932086 0.096566 0.114172
5 0.345731 0.845313 0.069587 0.093750
5 0.425945 0.826140 0.073766 0.083530
5 0.507720 0.856362 0.099814 0.090848
5 0.685677 0.755770 0.093230 0.099041
5 0.594438 0.740835 0.076377 0.128545
5 0.869134 0.585099 0.085144 0.101448
5 0.780298 0.589745 0.085597 0.095116
5 0.702440 0.631201 0.089255 0.090527
5 0.606997 0.622760 0.101494 0.086145
5 0.649296 0.552898 0.107967 0.077670
5 0.604424 0.473257 0.099473 0.093389
5 0.699625 0.462937 0.093000 0.097750
5 0.840330 0.433838 0.093161 0.114552
5 0.779755 0.511865 0.093886 0.061230
5 0.749873 0.394245 0.115370 0.082239
5 0.758916 0.305988 0.089708 0.099477
5 0.661372 0.310839 0.103994 0.087303
5 0.338275 0.145231 0.104675 0.099837
5 0.538486 0.255679 0.086347 0.105108
5 0.508687 0.348630 0.095498 0.116011
5 0.373667 0.275146 0.103584 0.084667
5 0.278404 0.288148 0.091183 0.101297
5 0.187401 0.258448 0.071677 0.110645
5 0.203934 0.340170 0.104744 0.092841
5 0.161040 0.421272 0.109580 0.083169
5 0.189190 0.499127 0.103380 0.076380
5 0.089088 0.570726 0.103175 0.103952
5 0.142002 0.649202 0.105878 0.073403
5 0.225635 0.745505 0.095020 0.116011
5 0.301588 0.727725 0.087550 0.105450
5 0.386533 0.742284 0.082441 0.097069
5 0.482000 0.714233 0.064000 0.094091
5 0.501802 0.553222 0.078603 0.112694
5 0.499151 0.448013 0.101427 0.096025
5 0.402462 0.359202 0.104923 0.090280
5 0.419166 0.478587 0.091456 0.107175
5 0.430841 0.581403 0.077306 0.097181
5 0.386294 0.643463 0.097588 0.074427
5 0.253621 0.598739 0.107242 0.106853
5 0.320489 0.523070 0.106603 0.080514
5 0.321466 0.440086 0.092931 0.095797