5 0.071943 0.463907 0.047011 0.052814
5 0.120105 0.452304 0.052711 0.054608
5 0.150207 0.434197 0.041039 0.037144
5 0.125241 0.405319 0.056731 0.045012
5 0.145738 0.376798 0.035225 0.025470
5 0.138930 0.355146 0.052859 0.050917
5 0.125488 0.329589 0.050975 0.052928
5 0.049063 0.420973 0.060627 0.045070
5 0.084380 0.374052 0.046886 0.044978
5 0.050804 0.346662 0.054733 0.052700
5 0.087919 0.333013 0.035213 0.041027
5 0.201379 0.451424 0.052758 0.052848
5 0.249012 0.452131 0.044898 0.044888
5 0.248070 0.419002 0.043014 0.025505
5 0.237362 0.396920 0.052848 0.046966
5 0.260748 0.377366 0.052745 0.039108
5 0.198248 0.377952 0.037120 0.037155
5 0.351786 0.502126 0.041072 0.044877
5 0.356669 0.475012 0.035213 0.031273
5 0.335564 0.444381 0.043003 0.045012
5 0.382824 0.450218 0.046898 0.041061
5 0.387936 0.478762 0.035247 0.029398
5 0.417824 0.457099 0.029398 0.023573
5 0.408973 0.439487 0.042945 0.035225
5 0.406233 0.405313 0.046841 0.045002
5 0.367819 0.409403 0.045012 0.046931
5 0.402941 0.378578 0.037133 0.019656
5 0.368198 0.376523 0.033272 0.031170
5 0.375637 0.351574 0.045023 0.046898
5 0.344020 0.362517 0.025539 0.046909
5 0.482629 0.502499 0.037133 0.048748
5 0.491457 0.469973 0.039164 0.043070
5 0.521301 0.483186 0.033227 0.035122
5 0.540252 0.461787 0.058628 0.039198
5 0.530141 0.437752 0.050906 0.041130
5 0.546880 0.415815 0.031261 0.025380
5 0.521708 0.399845 0.037166 0.037189
5 0.490625 0.394922 0.031250 0.042969
5 0.512310 0.385977 0.021495 0.015705
5 0.642963 0.495502 0.039052 0.041005
5 0.668555 0.477355 0.052734 0.039086
5 0.682595 0.463063 0.037064 0.029252
5 0.692216 0.444744 0.015681 0.017612
5 0.676367 0.429928 0.037109 0.041106
5 0.652992 0.439510 0.037234 0.035270
5 0.682807 0.408381 0.015614 0.013638
5 0.664102 0.393037 0.046955 0.039198
5 0.635949 0.411931 0.031273 0.033237
5 0.625023 0.388511 0.031295 0.033272
5 0.645731 0.369163 0.035213 0.035202
5 0.976826 0.422334 0.041152 0.035292
5 0.938516 0.360977 0.033283 0.031330
5 0.910191 0.344152 0.039131 0.050805
5 0.872668 0.456193 0.039086 0.031136
5 0.889827 0.425614 0.023403 0.029353
5 0.869163 0.426367 0.035202 0.037109
5 0.878153 0.386586 0.046931 0.045047
5 0.895191 0.393623 0.037258 0.037245
5 0.847127 0.383243 0.025505 0.035236
5 0.954917 0.404314 0.025459 0.027378