5 0.357812 0.096094 0.093750 0.070312
5 0.381445 0.204492 0.103516 0.083984
5 0.504492 0.168750 0.083984 0.078125
5 0.593359 0.137500 0.074219 0.078125
5 0.732031 0.174805 0.085938 0.099609
5 0.815430 0.204102 0.083984 0.095703
5 0.876953 0.164844 0.082031 0.085938
5 0.543359 0.238086 0.074219 0.091797
5 0.592187 0.294727 0.062500 0.080078
5 0.710352 0.270117 0.095703 0.099609
5 0.215625 0.287500 0.078125 0.093750
5 0.292773 0.266016 0.076172 0.097656
5 0.441406 0.306445 0.085938 0.103516
5 0.275977 0.342578 0.080078 0.050781
5 0.181445 0.358789 0.056641 0.080078
5 0.124414 0.414062 0.080078 0.109375
5 0.208789 0.467187 0.064453 0.062500
5 0.284961 0.404687 0.060547 0.078125
5 0.357227 0.362891 0.080078 0.097656
5 0.435937 0.429102 0.078125 0.095703
5 0.371484 0.480273 0.089844 0.076172
5 0.279297 0.485742 0.089844 0.083984
5 0.235352 0.589844 0.095703 0.085938
5 0.163086 0.550586 0.060547 0.076172
5 0.091797 0.605078 0.074219 0.066406
5 0.142383 0.664453 0.087891 0.097656
5 0.256445 0.719336 0.087891 0.076172
5 0.334766 0.628711 0.082031 0.107422
5 0.192773 0.868164 0.076172 0.095703
5 0.274023 0.835742 0.107422 0.083984
5 0.326953 0.769336 0.082031 0.091797
5 0.345313 0.887695 0.078125 0.103516
5 0.393164 0.692969 0.080078 0.101562
5 0.486328 0.549219 0.097656 0.085938
5 0.588281 0.437305 0.085938 0.099609
5 0.647461 0.408008 0.076172 0.072266
5 0.695898 0.360156 0.091797 0.085938
5 0.825781 0.403125 0.101562 0.093750
5 0.903125 0.399805 0.062500 0.083984
5 0.802344 0.479102 0.101562 0.080078
5 0.691016 0.477344 0.097656 0.070312
5 0.859375 0.582031 0.093750 0.085938
5 0.772461 0.591406 0.091797 0.101562
5 0.674219 0.556445 0.101562 0.087891
5 0.714844 0.652148 0.101562 0.091797
5 0.568164 0.573828 0.080078 0.097656
5 0.489648 0.627344 0.107422 0.070312
5 0.599219 0.665039 0.085938 0.064453
5 0.543359 0.718164 0.105469 0.080078
5 0.618555 0.768164 0.083984 0.095703
5 0.598437 0.883398 0.078125 0.076172
5 0.490234 0.803711 0.089844 0.091797
5 0.423242 0.784961 0.068359 0.076172