5 0.709352 0.905741 0.065580 0.055233
5 0.762445 0.808238 0.056141 0.066475
5 0.778383 0.746450 0.072391 0.058525
5 0.697736 0.790594 0.076722 0.056188
5 0.683023 0.852666 0.075420 0.058458
5 0.614280 0.850518 0.069186 0.044786
5 0.644884 0.803652 0.058519 0.066680
5 0.586298 0.799671 0.060095 0.046217
5 0.548282 0.829248 0.055939 0.070995
5 0.491236 0.798354 0.060597 0.059208
5 0.413086 0.808398 0.060547 0.044922
5 0.356282 0.782890 0.056314 0.068905
5 0.312625 0.732152 0.078375 0.051805
5 0.401898 0.757915 0.044422 0.062705
5 0.445866 0.728727 0.051108 0.063703
5 0.493016 0.739658 0.051658 0.066816
5 0.536884 0.737280 0.042517 0.058934
5 0.584758 0.754238 0.057016 0.049102
5 0.623212 0.729536 0.046423 0.059072
5 0.667541 0.729374 0.050706 0.064998
5 0.718227 0.732022 0.048953 0.064044
5 0.706070 0.678150 0.071514 0.056300
5 0.792618 0.636923 0.053986 0.070722
5 0.817320 0.576944 0.072141 0.060137
5 0.761852 0.569659 0.048703 0.064317
5 0.726149 0.607695 0.061673 0.059139
5 0.677797 0.635615 0.058719 0.058730
5 0.633195 0.677226 0.072641 0.051327
5 0.572626 0.697811 0.064002 0.051872
5 0.481861 0.679349 0.060597 0.055573
5 0.433158 0.673608 0.041316 0.062841
5 0.402111 0.698456 0.044847 0.059413
5 0.515470 0.645229 0.055939 0.059208
5 0.561618 0.623677 0.054486 0.062978
5 0.618687 0.629722 0.062375 0.046944
5 0.665492 0.575791 0.052859 0.060956
5 0.705899 0.547870 0.061798 0.061366
5 0.728555 0.510888 0.069611 0.059277
5 0.811719 0.503497 0.054688 0.069494
5 0.795092 0.447867 0.068309 0.067609
5 0.733283 0.448143 0.057191 0.061911
5 0.680930 0.484707 0.052484 0.041289
5 0.620868 0.573081 0.038611 0.058662
5 0.581540 0.580844 0.050580 0.055437
5 0.577907 0.528109 0.071439 0.059344
5 0.582189 0.476259 0.064378 0.055642
5 0.635970 0.459189 0.056314 0.074628
5 0.679908 0.429867 0.056691 0.069109
5 0.630180 0.388486 0.054111 0.070722
5 0.577680 0.372554 0.052234 0.070108
5 0.544907 0.427005 0.071064 0.047761
5 0.480273 0.408095 0.060547 0.038064
5 0.493993 0.452328 0.069236 0.051531
5 0.521484 0.501035 0.058594 0.058320
5 0.508095 0.579902 0.056816 0.069178
5 0.473383 0.615386 0.040516 0.062022
5 0.427820 0.612916 0.055639 0.060206
5 0.442408 0.549798 0.056691 0.071472
5 0.427016 0.457676 0.066531 0.062227
5 0.407570 0.408907 0.055764 0.052189
5 0.350931 0.692885 0.054988 0.067020
5 0.280211 0.676699 0.076047 0.047148
5 0.314969 0.634936 0.054937 0.066747
5 0.375844 0.639869 0.054813 0.064112
5 0.263632 0.624600 0.055389 0.067950
5 0.226047 0.603872 0.042719 0.054619
5 0.289025 0.572070 0.046800 0.056641
5 0.248234 0.522105 0.058969 0.072334
5 0.351735 0.586152 0.059720 0.053553
5 0.393602 0.549507 0.049705 0.074014
5 0.315322 0.527601 0.074394 0.067702
5 0.367586 0.494727 0.060172 0.064453
5 0.468642 0.511449 0.052909 0.063523
5 0.294656 0.466474 0.070563 0.054823
5 0.277148 0.393945 0.060547 0.056641
5 0.351695 0.441778 0.056516 0.108556
5 0.393266 0.350044 0.052158 0.068837
5 0.341720 0.311049 0.055314 0.037723
5 0.388406 0.292417 0.054937 0.041084
5 0.446680 0.297393 0.052734 0.076036
5 0.449148 0.367348 0.060797 0.056572
5 0.527016 0.369761 0.050906 0.064522
5 0.501820 0.330630 0.041141 0.048759
5 0.510555 0.282041 0.083609 0.045331
5 0.546321 0.321401 0.042642 0.055302
5 0.593945 0.313247 0.056641 0.054619
5 0.581844 0.257422 0.054312 0.042969
5 0.664328 0.356820 0.050531 0.041766
5 0.644664 0.318648 0.048703 0.046670
5 0.713744 0.388157 0.071237 0.070064
5 0.804070 0.375161 0.039389 0.056572
5 0.748242 0.356430 0.068359 0.053484
5 0.723938 0.304951 0.047877 0.056777
5 0.630148 0.519004 0.044672 0.050508