5 0.532031 0.685937 0.070312 0.078125
5 0.467773 0.685547 0.044922 0.074219
5 0.497852 0.547852 0.064453 0.048828
5 0.415820 0.583008 0.041016 0.056641
5 0.382812 0.591602 0.031250 0.048828
5 0.433984 0.528125 0.042969 0.046875
5 0.465625 0.494141 0.046875 0.050781
5 0.497461 0.488086 0.044922 0.060547
5 0.538672 0.499805 0.058594 0.068359
5 0.531055 0.418750 0.052734 0.046875
5 0.493750 0.360742 0.046875 0.052734
5 0.437891 0.374805 0.066406 0.052734
5 0.423633 0.427344 0.056641 0.039062
5 0.442773 0.329102 0.044922 0.048828
5 0.444141 0.287500 0.050781 0.046875
5 0.485156 0.275000 0.039062 0.046875
5 0.530078 0.274219 0.050781 0.054688
5 0.561328 0.316797 0.066406 0.058594