5 0.519209 0.160894 0.035292 0.024913
5 0.496841 0.187225 0.031181 0.036950
5 0.511465 0.210930 0.035430 0.049984
5 0.523159 0.270863 0.049442 0.051100
5 0.556141 0.240864 0.049783 0.062978
5 0.596884 0.278675 0.037519 0.035475
5 0.623555 0.278623 0.034611 0.047872
5 0.592206 0.247613 0.028163 0.032725
5 0.604018 0.213413 0.045536 0.058075
5 0.634688 0.217159 0.028752 0.049944
5 0.617613 0.173561 0.050850 0.037747
5 0.563272 0.121441 0.032794 0.052256
5 0.592222 0.124219 0.046944 0.054688
5 0.596143 0.153057 0.042286 0.034239
5 0.653922 0.425606 0.026594 0.029337
5 0.648837 0.392275 0.041425 0.043925
5 0.634673 0.416602 0.041220 0.048828
5 0.605741 0.431764 0.039608 0.041653
5 0.567129 0.468172 0.053008 0.045719
5 0.511558 0.456888 0.060616 0.048150
5 0.556557 0.421695 0.047489 0.046516
5 0.505410 0.404934 0.060820 0.059869
5 0.489140 0.424458 0.022030 0.023916
5 0.557909 0.383582 0.050192 0.051539
5 0.573887 0.354341 0.044648 0.049306
5 0.605766 0.381589 0.049033 0.063178
5 0.675112 0.565445 0.053348 0.046516
5 0.668350 0.531605 0.021075 0.025709
5 0.640166 0.518288 0.058458 0.055325
5 0.606259 0.494033 0.037519 0.038066
5 0.641084 0.488145 0.035292 0.013791
5 0.629638 0.562819 0.043652 0.047512
5 0.583696 0.594105 0.054892 0.056959
5 0.585624 0.517781 0.049373 0.057437
5 0.550459 0.542311 0.050917 0.037747
5 0.518973 0.539238 0.044197 0.056600
5 0.531591 0.505644 0.031933 0.033162
5 0.547343 0.493419 0.041561 0.058713
5 0.610029 0.977688 0.060683 0.046000
5 0.563442 0.944061 0.064384 0.066247
5 0.531198 0.929289 0.049895 0.061703
5 0.556166 0.880628 0.043583 0.055006
5 0.526928 0.887803 0.025731 0.038106
5 0.543887 0.844914 0.047148 0.046078
5 0.662748 0.938138 0.053620 0.063775
5 0.624687 0.885012 0.049373 0.063775
5 0.674600 0.884889 0.052325 0.057278
5 0.669361 0.849478 0.054347 0.039581
5 0.621782 0.828213 0.052939 0.059550
5 0.583247 0.828089 0.025869 0.037428
5 0.615194 0.760092 0.061637 0.063934
5 0.627691 0.703994 0.052256 0.051738
5 0.637246 0.670169 0.043242 0.040337
5 0.555258 0.698337 0.057391 0.062300
5 0.521596 0.696875 0.018192 0.031250