5 0.558434 0.707573 0.069994 0.077647
5 0.494893 0.704297 0.046036 0.074219
5 0.519886 0.568164 0.064772 0.048828
5 0.439655 0.600235 0.041811 0.056720
5 0.406608 0.607266 0.031966 0.048908
5 0.454655 0.545552 0.043684 0.047353
5 0.484892 0.513090 0.047909 0.051180
5 0.516887 0.507154 0.046275 0.061183
5 0.560030 0.521600 0.057559 0.068200
5 0.546998 0.439580 0.053370 0.047909
5 0.509455 0.381095 0.047034 0.052814
5 0.452430 0.392589 0.067361 0.053928
5 0.439616 0.445048 0.057356 0.040097
5 0.455552 0.348051 0.045480 0.049227
5 0.455396 0.305045 0.051417 0.047591
5 0.496253 0.295352 0.039381 0.046955
5 0.540856 0.294332 0.050463 0.054289
5 0.574027 0.338831 0.066805 0.058912