5 0.733996 0.520898 0.058617 0.076172
5 0.694605 0.639012 0.054836 0.074900
5 0.656295 0.608984 0.046966 0.074219
5 0.663545 0.527937 0.080214 0.049623
5 0.678699 0.463839 0.060523 0.052678
5 0.689918 0.409297 0.054836 0.059219
5 0.655239 0.367997 0.044853 0.054744
5 0.624649 0.408320 0.058673 0.041641
5 0.623265 0.447798 0.052780 0.039347
5 0.598443 0.489816 0.062511 0.054631
5 0.614901 0.561360 0.070427 0.057095
5 0.580692 0.645039 0.064509 0.049453
5 0.538729 0.672106 0.058708 0.053587
5 0.512200 0.705505 0.074400 0.051634
5 0.421932 0.655391 0.062614 0.051406
5 0.336603 0.622302 0.060706 0.063353
5 0.379755 0.608849 0.047011 0.055198
5 0.462305 0.623019 0.068359 0.058537
5 0.521801 0.605795 0.062352 0.061591
5 0.501741 0.562220 0.056606 0.052564
5 0.554895 0.540152 0.056664 0.049055
5 0.538649 0.495252 0.058548 0.056130
5 0.572393 0.449464 0.044786 0.052053
5 0.579555 0.365124 0.052859 0.064623
5 0.563522 0.306367 0.064544 0.053359
5 0.604509 0.264872 0.037144 0.054744
5 0.577338 0.230749 0.070302 0.048998
5 0.488276 0.283757 0.054677 0.073764
5 0.416624 0.296879 0.064498 0.053133
5 0.368113 0.276673 0.064352 0.056470
5 0.305273 0.306161 0.060547 0.056072
5 0.339666 0.352599 0.076206 0.055198
5 0.332456 0.403438 0.074287 0.047500
5 0.364504 0.452823 0.066508 0.049397
5 0.334650 0.495096 0.056800 0.065192
5 0.283829 0.508594 0.048908 0.085938
5 0.307812 0.568274 0.046875 0.058423
5 0.371001 0.555089 0.060752 0.053928
5 0.394478 0.516776 0.045206 0.071052
5 0.424660 0.473527 0.058695 0.053303
5 0.422076 0.418359 0.056652 0.058594
5 0.398893 0.362102 0.060286 0.077330
5 0.523047 0.381091 0.074219 0.049681
5 0.525459 0.429528 0.066542 0.049681
5 0.480336 0.442834 0.045047 0.051292
5 0.466613 0.529382 0.048852 0.058764
5 0.431881 0.572546 0.045012 0.060717