5 0.526367 0.295739 0.052734 0.060228
5 0.466503 0.268681 0.054881 0.065488
5 0.415699 0.292198 0.078273 0.065647
5 0.570652 0.759838 0.066305 0.069677
5 0.539441 0.695041 0.035133 0.027583
5 0.528400 0.732541 0.041175 0.058833
5 0.460655 0.729890 0.074434 0.084780
5 0.542773 0.571138 0.044922 0.045400
5 0.589660 0.549740 0.060570 0.030730
5 0.603348 0.513954 0.087947 0.065408
5 0.603895 0.470779 0.039039 0.029058
5 0.552712 0.468041 0.074173 0.073583
5 0.516746 0.438241 0.074117 0.070233
5 0.490291 0.488488 0.058708 0.067600
5 0.440888 0.446926 0.072402 0.081352
5 0.467020 0.568128 0.052791 0.055006
5 0.421082 0.559994 0.070289 0.048113
5 0.401585 0.514373 0.093795 0.066247