5 0.611870 0.563867 0.058116 0.052734
5 0.587323 0.531282 0.049647 0.068814
5 0.548598 0.536120 0.056572 0.047239
5 0.520712 0.590026 0.057050 0.055052
5 0.480844 0.552226 0.071063 0.066952
5 0.498524 0.521067 0.043923 0.051509
5 0.528941 0.515293 0.039131 0.036836
5 0.638637 0.766120 0.074150 0.060366
5 0.586405 0.725859 0.057186 0.076717
5 0.570380 0.797897 0.047011 0.048919
5 0.531855 0.733117 0.057459 0.053734
5 0.521655 0.778743 0.058934 0.051236
5 0.481752 0.745527 0.057255 0.069178
5 0.477021 0.806341 0.050917 0.047056
5 0.462407 0.779070 0.052939 0.042514
5 0.481606 0.710838 0.050713 0.024802
5 0.626206 0.737214 0.027412 0.021303
5 0.626709 0.718365 0.037792 0.030480
5 0.535234 0.704361 0.045467 0.039972
5 0.542513 0.876431 0.044402 0.080988
5 0.495533 0.906686 0.050441 0.066497
5 0.519193 0.919545 0.047761 0.064089
5 0.515191 0.974921 0.067881 0.049842
5 0.477598 0.964921 0.058320 0.061092
5 0.470083 0.927852 0.037041 0.030705
5 0.616493 0.891874 0.051736 0.064998
5 0.596230 0.921562 0.070586 0.080623
5 0.649830 0.914316 0.030909 0.019258
5 0.656675 0.943678 0.066475 0.059231
5 0.650043 0.981398 0.068836 0.037797
5 0.582066 0.985575 0.061008 0.027400
5 0.856759 0.978816 0.057267 0.042008
5 0.770508 0.975635 0.056641 0.048145
5 0.877709 0.950201 0.064794 0.059777
5 0.831600 0.874016 0.069450 0.069906
5 0.991318 0.962729 0.017011 0.041083
5 0.990710 0.899866 0.018920 0.062233
5 0.971464 0.832903 0.058553 0.078306
5 0.920306 0.879062 0.065612 0.067498
5 0.989718 0.771960 0.020061 0.037670
5 0.991920 0.738424 0.015089 0.048723
5 0.961880 0.729016 0.064384 0.051781
5 0.984085 0.687558 0.030670 0.053241
0 0.368998 0.860852 0.053620 0.049828
5 0.617060 0.400332 0.068495 0.056914
5 0.622182 0.359003 0.047489 0.039881
5 0.575747 0.371035 0.054619 0.060820
5 0.571078 0.329597 0.051531 0.046694
5 0.529867 0.391530 0.053484 0.061184
5 0.518446 0.315371 0.055642 0.074492
5 0.494974 0.345254 0.055573 0.068633
5 0.475537 0.396685 0.057323 0.055870
5 0.448701 0.091842 0.041152 0.043059
5 0.456659 0.408163 0.063319 0.053827
5 0.452430 0.346770 0.051736 0.052916
5 0.611684 0.236478 0.070244 0.060456
5 0.589735 0.276705 0.057595 0.050284
5 0.569795 0.297902 0.048964 0.036430
5 0.606480 0.185006 0.041084 0.045012
5 0.630410 0.161197 0.060820 0.053644
5 0.615898 0.105273 0.047420 0.060547
5 0.594438 0.126908 0.045127 0.066316
5 0.560005 0.183040 0.051259 0.047330
5 0.552802 0.209961 0.043105 0.044922
5 0.531455 0.248124 0.047284 0.049373
5 0.464995 0.302325 0.058116 0.042150
5 0.431225 0.284512 0.021825 0.031523
5 0.552905 0.137727 0.043309 0.047330
5 0.564233 0.078366 0.062841 0.056731
5 0.530987 0.099733 0.052598 0.049466
5 0.505196 0.084792 0.054142 0.053959
5 0.461235 0.262851 0.072470 0.053827
5 0.493291 0.232155 0.042833 0.045559
5 0.448998 0.226863 0.019872 0.019350
5 0.502694 0.199538 0.046012 0.055325
5 0.467978 0.205969 0.060956 0.055688
5 0.442817 0.153007 0.051259 0.043514
5 0.467569 0.171816 0.044512 0.021758
5 0.473159 0.126236 0.065067 0.071222