5 0.467760 0.959324 0.051145 0.062398
5 0.556997 0.943996 0.054619 0.056742
5 0.586248 0.936889 0.050622 0.055028
5 0.575963 0.883372 0.055052 0.054244
5 0.563890 0.844982 0.052780 0.049339
5 0.530491 0.852837 0.039108 0.058798
5 0.458651 0.830910 0.054802 0.058695
5 0.425941 0.816992 0.055006 0.052734
5 0.449391 0.781691 0.033158 0.035258
5 0.588027 0.793249 0.051055 0.048998
5 0.550827 0.783305 0.054778 0.050986
5 0.570174 0.748786 0.037223 0.041322
5 0.532960 0.739028 0.047170 0.062431
5 0.483340 0.747852 0.051055 0.064453
5 0.457995 0.751333 0.015989 0.052666
5 0.562132 0.657023 0.058639 0.045297
5 0.529331 0.639004 0.043037 0.037383
5 0.420035 0.673786 0.058820 0.041322
5 0.431709 0.637925 0.066542 0.050850
5 0.458330 0.605410 0.029161 0.045195
0 0.475538 0.585691 0.035452 0.052633
0 0.526778 0.587092 0.031681 0.058559
0 0.551045 0.614946 0.048964 0.039267
0 0.573770 0.437771 0.056914 0.050542
0 0.540223 0.381064 0.042945 0.043378
5 0.445265 0.492544 0.053030 0.050713
5 0.512695 0.452123 0.041016 0.035497
5 0.472449 0.433493 0.044898 0.051361
5 0.441511 0.435166 0.048647 0.045331
5 0.510006 0.403864 0.045012 0.060853
5 0.576115 0.376860 0.042855 0.041220
5 0.464097 0.380002 0.062569 0.041255
5 0.502573 0.347546 0.048897 0.045092
5 0.467278 0.339411 0.031431 0.041322
5 0.558316 0.341831 0.051008 0.043037
5 0.512466 0.292961 0.046806 0.060922
5 0.541106 0.326495 0.035338 0.031114
5 0.474012 0.316074 0.060523 0.029023
5 0.480757 0.287390 0.027139 0.037280
5 0.572138 0.277073 0.041152 0.051020
5 0.609938 0.260191 0.060502 0.039131
5 0.598562 0.225102 0.062750 0.047080
5 0.535041 0.243835 0.045081 0.047045
5 0.473633 0.234919 0.041016 0.035463
5 0.447093 0.219727 0.025436 0.033203
5 0.462027 0.201613 0.017805 0.031352
5 0.491636 0.202744 0.048897 0.049238
5 0.501206 0.171494 0.043037 0.049238
5 0.540280 0.195288 0.043059 0.053075
5 0.570887 0.187144 0.044898 0.058662
5 0.606089 0.159070 0.052803 0.043139
5 0.623885 0.133594 0.019645 0.023438
5 0.614648 0.116992 0.029297 0.037109
5 0.585454 0.126384 0.049033 0.052769
5 0.555123 0.102980 0.035247 0.037211
5 0.597598 0.081462 0.013945 0.041050
5 0.573013 0.077980 0.042900 0.052836
5 0.528137 0.073005 0.046898 0.064759
5 0.493923 0.092851 0.040970 0.035702
5 0.500999 0.126640 0.048873 0.037655
5 0.466442 0.125824 0.048509 0.045398