5 0.434855 0.136142 0.057209 0.047284
5 0.468754 0.114292 0.053133 0.056709
5 0.450590 0.081395 0.051180 0.056539
5 0.429410 0.106123 0.027570 0.021620
5 0.500533 0.162407 0.051066 0.052939
5 0.531612 0.076834 0.050725 0.066167
5 0.552042 0.162246 0.057209 0.058867
5 0.575089 0.203872 0.053303 0.054619
5 0.598722 0.189020 0.031819 0.037416
5 0.594591 0.148022 0.061058 0.049169
5 0.582305 0.104127 0.052109 0.058253
5 0.546037 0.105596 0.054573 0.048692
5 0.561051 0.371272 0.047102 0.048794
5 0.557422 0.324482 0.058594 0.048964
5 0.579269 0.289929 0.042912 0.039233
5 0.540987 0.287185 0.035100 0.052495
5 0.502539 0.276630 0.048828 0.062636
5 0.512337 0.367646 0.043423 0.035292
5 0.497827 0.331105 0.055028 0.052836
5 0.455696 0.339743 0.039517 0.020111
5 0.449890 0.312738 0.052905 0.047352
5 0.460834 0.279765 0.049794 0.053280
0 0.425223 0.292934 0.025447 0.038994
5 0.534993 0.798752 0.051236 0.056880
5 0.537056 0.730231 0.049112 0.051087
5 0.508566 0.715981 0.039006 0.050713
5 0.511584 0.747138 0.020042 0.025527
5 0.563676 0.664165 0.049227 0.078330
5 0.513924 0.656105 0.052848 0.052836
5 0.498470 0.610063 0.053189 0.045127
5 0.524191 0.573973 0.039006 0.044820
5 0.559208 0.579348 0.037166 0.043070
5 0.468423 0.608340 0.039972 0.051055
5 0.481620 0.929875 0.047614 0.062875