5 0.357341 0.773168 0.080306 0.068211
5 0.406633 0.719511 0.069516 0.082772
5 0.477952 0.685163 0.027780 0.057825
5 0.448428 0.683087 0.031231 0.059925
5 0.416268 0.551152 0.076286 0.055428
5 0.549617 0.516587 0.071109 0.064423
5 0.466325 0.499441 0.060775 0.070756
5 0.547990 0.401347 0.042855 0.049569
5 0.498388 0.360917 0.059277 0.059334
5 0.512166 0.315228 0.058708 0.071081
5 0.559073 0.120810 0.065022 0.060370
5 0.527554 0.085310 0.058233 0.073745
5 0.473949 0.081694 0.063523 0.063387
5 0.489606 0.126495 0.054212 0.065489
5 0.435205 0.131957 0.057911 0.054539
5 0.406984 0.138154 0.038969 0.057558