5 0.503711 0.975391 0.044922 0.050781
5 0.548828 0.938281 0.066406 0.054688
5 0.553125 0.870117 0.062500 0.052734
5 0.520312 0.898242 0.062500 0.052734
5 0.473438 0.956055 0.062500 0.068359
5 0.441211 0.932422 0.044922 0.042969
5 0.420703 0.892383 0.035156 0.041016
5 0.450195 0.867969 0.041016 0.054688
5 0.493164 0.854883 0.048828 0.056641
5 0.517188 0.822852 0.046875 0.064453
5 0.423242 0.839453 0.052734 0.050781
5 0.409766 0.717383 0.050781 0.041016
5 0.400977 0.677539 0.064453 0.048828
5 0.438867 0.650391 0.037109 0.050781
5 0.476172 0.659570 0.042969 0.041016
5 0.516992 0.664844 0.037109 0.054688
5 0.522266 0.631836 0.050781 0.044922
5 0.559180 0.641406 0.037109 0.023438
5 0.558594 0.668359 0.054688 0.042969
5 0.581836 0.703711 0.044922 0.044922
5 0.548242 0.717187 0.052734 0.046875
5 0.547852 0.760352 0.048828 0.048828
5 0.555273 0.544727 0.060547 0.048828
5 0.513672 0.569336 0.058594 0.060547
5 0.458008 0.558008 0.056641 0.056641
5 0.534961 0.522070 0.044922 0.041016
5 0.507227 0.492969 0.033203 0.054688
5 0.530273 0.474219 0.029297 0.023438
5 0.499414 0.439844 0.048828 0.054688
5 0.573242 0.433984 0.052734 0.042969
5 0.551758 0.367969 0.056641 0.054688
5 0.517969 0.345313 0.039062 0.031250
5 0.500977 0.379883 0.048828 0.056641
5 0.477148 0.353320 0.044922 0.056641
5 0.448047 0.345703 0.027344 0.035156
5 0.421680 0.356055 0.037109 0.052734
5 0.444922 0.384570 0.042969 0.041016
5 0.406250 0.400781 0.046875 0.039062
5 0.396484 0.372852 0.027344 0.033203
5 0.383398 0.425391 0.029297 0.035156
5 0.406055 0.443945 0.052734 0.056641
5 0.408789 0.483398 0.033203 0.029297
5 0.446680 0.436914 0.052734 0.048828
5 0.474414 0.499805 0.048828 0.052734
5 0.444922 0.490234 0.042969 0.058594
5 0.420312 0.536523 0.062500 0.044922
5 0.406250 0.558203 0.046875 0.035156
5 0.416602 0.506641 0.033203 0.019531
5 0.383203 0.460938 0.019531 0.031250
5 0.559570 0.283203 0.025391 0.035156
5 0.530078 0.281055 0.050781 0.052734
5 0.468750 0.300781 0.046875 0.054688
5 0.436523 0.310547 0.029297 0.027344
5 0.426563 0.280859 0.046875 0.042969
5 0.397852 0.281250 0.033203 0.046875
5 0.450781 0.243164 0.054688 0.064453
5 0.502734 0.239648 0.042969 0.060547
5 0.524219 0.195312 0.039062 0.046875
5 0.560547 0.183008 0.058594 0.056641
5 0.560352 0.134570 0.048828 0.056641
5 0.526172 0.121484 0.027344 0.027344
5 0.510742 0.151758 0.052734 0.056641
5 0.468359 0.194727 0.058594 0.048828
5 0.491016 0.117578 0.050781 0.050781
5 0.496875 0.085742 0.046875 0.037109
5 0.452930 0.111719 0.037109 0.039062
5 0.428125 0.116016 0.015625 0.019531
5 0.395117 0.140625 0.052734 0.062500
5 0.379688 0.191016 0.062500 0.050781
5 0.438867 0.145508 0.052734 0.041016
5 0.424609 0.243164 0.011719 0.033203