5 0.478516 0.951562 0.050781 0.062500
5 0.567969 0.934570 0.054688 0.056641
5 0.597266 0.925781 0.050781 0.054688
5 0.586719 0.872656 0.054688 0.054688
5 0.573242 0.835352 0.052734 0.048828
5 0.541406 0.843359 0.039062 0.058594
5 0.469531 0.823047 0.054688 0.058594
5 0.435156 0.809180 0.054688 0.052734
5 0.458789 0.773828 0.033203 0.035156
5 0.597266 0.782227 0.050781 0.048828
5 0.560156 0.773828 0.054688 0.050781
5 0.579492 0.739258 0.037109 0.041016
5 0.540625 0.731250 0.046875 0.062500
5 0.492578 0.740039 0.050781 0.064453
5 0.467187 0.743555 0.015625 0.052734
5 0.569922 0.647461 0.058594 0.044922
5 0.537109 0.629492 0.042969 0.037109
5 0.427734 0.667383 0.058594 0.041016
5 0.439453 0.631641 0.066406 0.050781
5 0.466211 0.597461 0.029297 0.044922
0 0.483203 0.577930 0.035156 0.052734
0 0.532813 0.577734 0.031250 0.058594
0 0.557227 0.605469 0.048828 0.039062
0 0.579883 0.428516 0.056641 0.050781
0 0.544922 0.371484 0.042969 0.042969
5 0.449805 0.484766 0.052734 0.050781
5 0.518945 0.444141 0.041016 0.035156
5 0.477148 0.425391 0.044922 0.050781
5 0.446289 0.427148 0.048828 0.044922
5 0.514648 0.395898 0.044922 0.060547
5 0.580859 0.365820 0.042969 0.041016
5 0.468750 0.372070 0.062500 0.041016
5 0.507227 0.339648 0.048828 0.044922
5 0.470313 0.331445 0.031250 0.041016
5 0.562891 0.332422 0.050781 0.042969
5 0.515625 0.284961 0.046875 0.060547
5 0.545703 0.317188 0.035156 0.031250
5 0.477148 0.308398 0.060547 0.029297
5 0.483984 0.277930 0.027344 0.037109
5 0.575195 0.267578 0.041016 0.050781
5 0.613086 0.250781 0.060547 0.039062
5 0.601562 0.215625 0.062500 0.046875
5 0.538086 0.234375 0.044922 0.046875
5 0.475195 0.226953 0.041016 0.035156
5 0.450195 0.211914 0.025391 0.033203
5 0.463477 0.193750 0.017578 0.031250
5 0.493164 0.194727 0.048828 0.048828
5 0.504297 0.163477 0.042969 0.048828
5 0.543359 0.187305 0.042969 0.052734
5 0.574023 0.177734 0.044922 0.058594
5 0.609180 0.148047 0.052734 0.042969
5 0.625391 0.122656 0.019531 0.023438
5 0.616211 0.106055 0.029297 0.037109
5 0.586914 0.116992 0.048828 0.052734
5 0.556641 0.093555 0.035156 0.037109
5 0.599023 0.072070 0.013672 0.041016
5 0.574609 0.066992 0.042969 0.052734
5 0.529687 0.063477 0.046875 0.064453
5 0.495508 0.084766 0.041016 0.035156
5 0.502539 0.118555 0.048828 0.037109
5 0.468164 0.117773 0.048828 0.044922