5 0.593359 0.535742 0.058594 0.052734
5 0.569727 0.504492 0.048828 0.068359
5 0.529883 0.512500 0.056641 0.046875
5 0.501758 0.566406 0.056641 0.054688
5 0.463281 0.531641 0.070312 0.066406
5 0.480859 0.498828 0.042969 0.050781
5 0.511719 0.491992 0.039062 0.037109
5 0.613672 0.738086 0.074219 0.060547
5 0.561133 0.700586 0.056641 0.076172
5 0.543750 0.772852 0.046875 0.048828
5 0.506445 0.710742 0.056641 0.052734
5 0.496484 0.756641 0.058594 0.050781
5 0.456445 0.723242 0.056641 0.068359
5 0.448828 0.785937 0.050781 0.046875
5 0.437305 0.760547 0.052734 0.042969
5 0.456641 0.690820 0.050781 0.025391
5 0.601172 0.710742 0.027344 0.021484
5 0.602930 0.691211 0.037109 0.029297
5 0.511523 0.680469 0.044922 0.039062
5 0.512109 0.852539 0.042969 0.080078
5 0.464453 0.884766 0.050781 0.066406
5 0.489063 0.897852 0.046875 0.064453
5 0.481055 0.956445 0.068359 0.056641
5 0.444922 0.944336 0.058594 0.060547
5 0.438867 0.907813 0.037109 0.031250
5 0.586328 0.865039 0.050781 0.064453
5 0.564844 0.896289 0.070312 0.080078
5 0.618750 0.886328 0.031250 0.019531
5 0.625391 0.913672 0.066406 0.058594
5 0.616992 0.967578 0.068359 0.066406
5 0.511719 0.984375 0.023438 0.031250
5 0.549414 0.973242 0.064453 0.052734
5 0.596289 0.992188 0.033203 0.015625
5 0.972070 0.968750 0.056641 0.062500
5 0.901367 0.980469 0.068359 0.039062
5 0.823633 0.959375 0.056641 0.078125
5 0.737695 0.953906 0.056641 0.070312
5 0.846289 0.910547 0.064453 0.058594
5 0.801367 0.837305 0.068359 0.068359
5 0.975977 0.915039 0.048828 0.048828
5 0.975977 0.853906 0.048828 0.070312
5 0.945312 0.789062 0.062500 0.078125
5 0.891602 0.837891 0.064453 0.066406
5 0.977148 0.728906 0.044922 0.039062
5 0.980469 0.692969 0.039062 0.054688
5 0.938477 0.686328 0.064453 0.050781
5 0.973242 0.641992 0.052734 0.052734
0 0.338867 0.844727 0.052734 0.048828
5 0.604492 0.372070 0.068359 0.056641
5 0.610938 0.330469 0.046875 0.039062
5 0.564844 0.344336 0.054688 0.060547
5 0.561328 0.304688 0.050781 0.046875
5 0.516992 0.367773 0.052734 0.060547
5 0.508594 0.291797 0.054688 0.074219
5 0.485156 0.323242 0.054688 0.068359
5 0.462695 0.375781 0.056641 0.054688
5 0.447070 0.073047 0.041016 0.042969
5 0.443750 0.387305 0.062500 0.052734
5 0.441016 0.327930 0.050781 0.052734
5 0.603906 0.208398 0.070312 0.060547
5 0.581445 0.249414 0.056641 0.048828
5 0.560352 0.272266 0.048828 0.035156
5 0.600195 0.156836 0.041016 0.044922
5 0.625586 0.132617 0.060547 0.052734
5 0.614062 0.077148 0.046875 0.060547
5 0.591211 0.100391 0.044922 0.066406
5 0.555078 0.156250 0.050781 0.046875
5 0.546484 0.184961 0.042969 0.044922
5 0.523438 0.224414 0.046875 0.048828
5 0.455859 0.280859 0.058594 0.042969
5 0.423242 0.265625 0.021484 0.031250
5 0.549609 0.110937 0.042969 0.046875
5 0.562500 0.051758 0.062500 0.056641
5 0.527930 0.075977 0.052734 0.048828
5 0.503906 0.060156 0.054688 0.054688
5 0.451758 0.241992 0.072266 0.052734
5 0.487109 0.209961 0.042969 0.044922
5 0.441016 0.206641 0.019531 0.019531
5 0.497461 0.175781 0.044922 0.054688
5 0.461523 0.185156 0.060547 0.054688
5 0.437891 0.132422 0.050781 0.042969
5 0.461523 0.149805 0.044922 0.021484
5 0.469727 0.103906 0.064453 0.070312