5 0.647846 0.829225 0.064442 0.055325
5 0.708105 0.725024 0.056834 0.068798
5 0.726798 0.661503 0.072345 0.060506
5 0.643280 0.714366 0.074059 0.053731
5 0.625631 0.778611 0.076262 0.060347
5 0.555537 0.784595 0.070448 0.047314
5 0.590843 0.734766 0.056686 0.066406
5 0.532422 0.737528 0.058594 0.043806
5 0.491384 0.771333 0.054642 0.070791
5 0.437092 0.747489 0.058559 0.057478
5 0.358427 0.765684 0.060603 0.046994
5 0.302395 0.747317 0.054789 0.069634
5 0.260960 0.701347 0.078170 0.052694
5 0.350654 0.716581 0.045058 0.064412
5 0.396810 0.680616 0.052995 0.067483
5 0.442584 0.688209 0.050792 0.067044
5 0.487684 0.680780 0.040992 0.058434
5 0.533048 0.691155 0.056720 0.051061
5 0.572410 0.661791 0.044820 0.057956
5 0.618198 0.657466 0.048897 0.064931
5 0.668244 0.653097 0.048988 0.065569
5 0.659661 0.601551 0.072447 0.059352
5 0.749879 0.549856 0.052883 0.071587
5 0.778405 0.486077 0.072436 0.062780
5 0.724482 0.484506 0.048964 0.065888
5 0.684949 0.527495 0.060523 0.058116
5 0.635609 0.561423 0.058719 0.060347
5 0.587723 0.607677 0.072322 0.052853
5 0.525017 0.636806 0.062534 0.051738
5 0.435541 0.627264 0.058583 0.054528
5 0.386787 0.628523 0.039198 0.063297
5 0.352769 0.656098 0.043037 0.059072
5 0.471105 0.590633 0.054711 0.059391
5 0.518572 0.562500 0.052769 0.062500
5 0.576630 0.562213 0.062636 0.049427
5 0.626407 0.501303 0.052814 0.061981
5 0.669313 0.469177 0.060502 0.060228
5 0.695083 0.428580 0.068291 0.057159
5 0.779020 0.412995 0.054914 0.072864
5 0.764997 0.359530 0.070619 0.072186
5 0.705378 0.365334 0.054506 0.058794
5 0.648299 0.408805 0.052848 0.042609
5 0.581100 0.504536 0.037200 0.059072
5 0.543124 0.517331 0.048748 0.053412
5 0.541384 0.464836 0.070267 0.057797
5 0.550005 0.411639 0.062511 0.054528
5 0.605452 0.388512 0.054653 0.073900
5 0.652349 0.354492 0.054698 0.068359
5 0.604515 0.317889 0.052780 0.070153
5 0.553015 0.307828 0.052905 0.071906
5 0.516423 0.364780 0.070347 0.048309
5 0.452171 0.353966 0.060592 0.039181
5 0.463855 0.397903 0.068336 0.052056
5 0.487206 0.443917 0.058788 0.059709
5 0.469543 0.525044 0.054711 0.068837
5 0.431513 0.564620 0.041152 0.063616
5 0.386218 0.566004 0.056811 0.063258
5 0.405441 0.501945 0.054631 0.069516
5 0.395788 0.410411 0.066577 0.064572
5 0.379968 0.363501 0.056811 0.055127
5 0.302935 0.656402 0.052745 0.065928
5 0.233444 0.649634 0.076262 0.049267
5 0.271173 0.602750 0.054847 0.068000
5 0.332099 0.600131 0.054823 0.065888
5 0.220616 0.598035 0.056856 0.071070
5 0.184081 0.582987 0.043162 0.056600
5 0.249029 0.542383 0.044933 0.056641
5 0.212189 0.497787 0.058753 0.073700
5 0.310559 0.549964 0.058617 0.053053
5 0.355709 0.507741 0.048919 0.074856
5 0.279855 0.494986 0.072209 0.064972
5 0.333478 0.455298 0.060706 0.066845
5 0.434748 0.460778 0.050747 0.062181
5 0.263332 0.434790 0.070414 0.057080
5 0.250654 0.365534 0.060683 0.059192
5 0.321746 0.406282 0.059117 0.112564
5 0.369146 0.306214 0.050792 0.068678
5 0.321128 0.273880 0.054756 0.038384
5 0.369577 0.249430 0.054778 0.042609
5 0.426390 0.246536 0.052780 0.077447
5 0.424080 0.318180 0.060661 0.058234
5 0.502033 0.311148 0.050941 0.066047
5 0.479945 0.273569 0.041141 0.050263
5 0.492055 0.225140 0.084109 0.047155
5 0.525195 0.259917 0.041016 0.054209
5 0.573695 0.245089 0.056766 0.055803
5 0.564895 0.191670 0.054789 0.045839
5 0.641027 0.281764 0.050805 0.041653
5 0.624494 0.246509 0.048988 0.049267
5 0.688765 0.309387 0.068155 0.065648
5 0.778434 0.285527 0.041242 0.058553
5 0.726402 0.270914 0.068428 0.054328
5 0.703130 0.222070 0.046886 0.056641
5 0.595938 0.449466 0.045002 0.052056