5 0.613313 0.933800 0.076627 0.067600
5 0.639738 0.818164 0.066975 0.064453
5 0.619567 0.771770 0.067259 0.071666
5 0.575586 0.860308 0.076172 0.073741
5 0.520558 0.804095 0.044241 0.036314
5 0.460920 0.816258 0.065589 0.088766
5 0.414152 0.880009 0.084553 0.069394
5 0.406286 0.837793 0.075072 0.041211
5 0.387809 0.757701 0.072492 0.059152
5 0.802177 0.463943 0.076228 0.077886
5 0.740880 0.491844 0.063011 0.071188
5 0.696427 0.476722 0.042855 0.047194
5 0.811584 0.528686 0.082542 0.054247
5 0.825082 0.568215 0.056414 0.052055
5 0.774052 0.565354 0.060603 0.058833
5 0.615380 0.547627 0.065134 0.073380
5 0.535156 0.487034 0.070312 0.064692
5 0.567546 0.519842 0.060092 0.058434
5 0.507454 0.529695 0.064908 0.059389
5 0.524809 0.583163 0.043367 0.050702
5 0.516715 0.646517 0.049055 0.046159
5 0.452958 0.572385 0.052791 0.066645
5 0.350998 0.751280 0.051995 0.055686
5 0.380643 0.711108 0.045661 0.034716
5 0.377514 0.671340 0.070653 0.067680
5 0.403913 0.648014 0.035952 0.039778
5 0.441374 0.640195 0.048373 0.058514
5 0.596744 0.601964 0.034113 0.038303
5 0.386996 0.581170 0.073992 0.062341
5 0.387667 0.544520 0.056584 0.035916
5 0.417748 0.503089 0.051122 0.053053
5 0.384375 0.487232 0.062500 0.065089
5 0.439570 0.470945 0.057266 0.057516
5 0.506197 0.444021 0.053019 0.066167
5 0.521708 0.381836 0.068416 0.060547
5 0.537837 0.350358 0.056925 0.047591
5 0.479382 0.328169 0.074389 0.084462
5 0.455191 0.402116 0.066633 0.057356
5 0.351371 0.400127 0.074617 0.059628
5 0.385270 0.370902 0.070539 0.051180
5 0.351900 0.338122 0.041300 0.054369
5 0.394396 0.326964 0.051292 0.053928
5 0.411144 0.312312 0.059788 0.080873
5 0.637173 0.429648 0.055597 0.062420
5 0.722270 0.430234 0.057039 0.060467
5 0.875089 0.432302 0.068928 0.073980
5 0.932173 0.391457 0.086222 0.057914
5 0.877066 0.367817 0.051008 0.051259
5 0.911630 0.331441 0.063884 0.066008
5 0.880827 0.293240 0.067905 0.073980
5 0.848466 0.258510 0.062556 0.079520
5 0.791328 0.291222 0.067031 0.063694
5 0.781481 0.331022 0.022337 0.033919
5 0.743757 0.324498 0.059389 0.055245
5 0.691772 0.338842 0.080419 0.062059
5 0.994190 0.231531 0.010255 0.038062
5 0.969286 0.185670 0.060447 0.065089
5 0.990444 0.128923 0.018388 0.064095
5 0.956552 0.136556 0.059978 0.063738
5 0.976005 0.093284 0.048884 0.033442
5 0.929883 0.100239 0.056641 0.031728
5 0.910824 0.135981 0.046648 0.068837
5 0.876449 0.172497 0.062273 0.054369
5 0.848377 0.167068 0.040505 0.046636
5 0.527482 0.173162 0.079964 0.068200
5 0.472660 0.127308 0.060945 0.092116
5 0.452738 0.195942 0.049227 0.051259
5 0.355781 0.206803 0.055313 0.057356
5 0.332348 0.209976 0.061570 0.054327
5 0.360131 0.146919 0.060888 0.084462
5 0.415831 0.135673 0.059788 0.071347
5 0.403966 0.175984 0.061058 0.061342
5 0.401541 0.035713 0.043708 0.040177