5 0.513637 0.688273 0.058525 0.060922
5 0.405101 0.708840 0.050827 0.048930
5 0.479801 0.651045 0.047102 0.064589
5 0.461385 0.590923 0.050895 0.056845
5 0.427664 0.597580 0.033453 0.045161
5 0.390555 0.557847 0.052984 0.046944
5 0.434800 0.550527 0.050850 0.051055
5 0.412257 0.509553 0.043264 0.056606
5 0.447484 0.502395 0.044967 0.054789
5 0.478584 0.522453 0.050917 0.051156
5 0.500436 0.497902 0.050872 0.064555
5 0.511246 0.566602 0.056867 0.048828
5 0.539623 0.565217 0.035497 0.042934
5 0.523528 0.315515 0.047056 0.037280
5 0.499309 0.264793 0.039244 0.054586
5 0.414462 0.280384 0.057050 0.054517
0 0.490795 0.342510 0.047216 0.050645
0 0.444231 0.345313 0.035338 0.031250
5 0.522552 0.347817 0.029478 0.033134
5 0.526515 0.133186 0.053030 0.050747
5 0.472886 0.069489 0.048897 0.060853
5 0.517222 0.103100 0.046944 0.021825
5 0.499116 0.076452 0.023233 0.037280
5 0.492576 0.164598 0.041402 0.060445
5 0.438442 0.153779 0.048759 0.060683
5 0.405469 0.125544 0.054688 0.051087
5 0.417703 0.083313 0.051031 0.044752
5 0.435074 0.180562 0.045148 0.032998
5 0.497150 0.890745 0.041175 0.062739
5 0.475400 0.791619 0.010175 0.048862
5 0.442496 0.781233 0.025617 0.046841
5 0.396357 0.929985 0.064589 0.056845
5 0.426320 0.886396 0.043264 0.050917
5 0.397586 0.849465 0.060797 0.048930
5 0.434718 0.832973 0.056936 0.056572
5 0.429722 0.805707 0.046944 0.023914
5 0.500345 0.857941 0.050691 0.053383