5 0.708594 0.939844 0.085938 0.070312
5 0.787500 0.810547 0.078125 0.089844
5 0.815430 0.727539 0.099609 0.080078
5 0.704492 0.791797 0.099609 0.074219
5 0.685156 0.872461 0.085938 0.076172
5 0.584961 0.875977 0.091797 0.064453
5 0.631836 0.810156 0.076172 0.085938
5 0.497070 0.850000 0.072266 0.093750
5 0.423438 0.812109 0.078125 0.074219
5 0.319727 0.828711 0.080078 0.060547
5 0.241797 0.800586 0.074219 0.091797
5 0.186523 0.732031 0.107422 0.070312
5 0.307422 0.765430 0.058594 0.083984
5 0.368555 0.721680 0.068359 0.083984
5 0.431055 0.733984 0.068359 0.089844
5 0.489844 0.727539 0.054688 0.080078
5 0.554102 0.809375 0.080078 0.062500
5 0.554688 0.750391 0.078125 0.066406
5 0.736914 0.712305 0.064453 0.083984
5 0.668555 0.712695 0.068359 0.087891
5 0.606836 0.711523 0.060547 0.076172
5 0.542969 0.675195 0.085938 0.072266
5 0.627344 0.642969 0.101562 0.070312
5 0.726367 0.640625 0.099609 0.078125
5 0.847070 0.579102 0.072266 0.095703
5 0.813867 0.487695 0.068359 0.087891
5 0.773438 0.408789 0.093750 0.080078
5 0.737891 0.462891 0.082031 0.082031
5 0.760352 0.543750 0.080078 0.078125
5 0.693164 0.585352 0.080078 0.080078
5 0.680469 0.502930 0.070312 0.083984
5 0.612695 0.579102 0.087891 0.064453
5 0.617578 0.500977 0.050781 0.080078
5 0.564453 0.515234 0.066406 0.074219
5 0.533008 0.574805 0.072266 0.083984
5 0.871094 0.319727 0.101562 0.095703
5 0.889062 0.395313 0.078125 0.093750
5 0.890430 0.494727 0.099609 0.080078
5 0.241797 0.677344 0.074219 0.085938
5 0.142969 0.660937 0.101562 0.062500
5 0.194922 0.602148 0.074219 0.091797
5 0.278711 0.605469 0.076172 0.085938
5 0.308984 0.683203 0.058594 0.082031
5 0.354492 0.649219 0.052734 0.085938
5 0.429492 0.660156 0.099609 0.085938
5 0.468359 0.608203 0.074219 0.082031
5 0.464648 0.516602 0.076172 0.095703
5 0.413867 0.566406 0.052734 0.085938
5 0.562500 0.443164 0.093750 0.080078
5 0.638086 0.425195 0.060547 0.072266
5 0.715234 0.376758 0.074219 0.056641
5 0.786523 0.322656 0.076172 0.085938
5 0.714648 0.298438 0.076172 0.093750
5 0.649023 0.335547 0.076172 0.089844
5 0.572656 0.368750 0.085938 0.078125
5 0.526367 0.300391 0.099609 0.066406
5 0.454102 0.340820 0.095703 0.072266
5 0.486914 0.407227 0.080078 0.080078
5 0.415820 0.425195 0.072266 0.087891
5 0.374609 0.479102 0.074219 0.095703
5 0.350586 0.566016 0.076172 0.082031
5 0.125586 0.591602 0.076172 0.095703
5 0.075586 0.565820 0.060547 0.072266
5 0.163477 0.519336 0.064453 0.076172
5 0.248828 0.534570 0.082031 0.072266
5 0.306641 0.482031 0.066406 0.101562
5 0.200195 0.456445 0.103516 0.087891
5 0.108203 0.454492 0.082031 0.099609
5 0.276367 0.408008 0.083984 0.087891
5 0.257812 0.335547 0.078125 0.152344
5 0.359961 0.352344 0.091797 0.085938
5 0.334961 0.285547 0.076172 0.074219
5 0.436914 0.278906 0.080078 0.054688
5 0.889258 0.217578 0.056641 0.082031
5 0.819141 0.192773 0.097656 0.076172
5 0.765039 0.237891 0.095703 0.097656
5 0.696680 0.198047 0.068359 0.058594
5 0.647070 0.242578 0.072266 0.097656
5 0.575781 0.225391 0.070312 0.097656
5 0.505469 0.225000 0.070312 0.093750
5 0.396094 0.225000 0.085938 0.078125
5 0.320117 0.204102 0.068359 0.095703
5 0.157617 0.276953 0.083984 0.082031
5 0.163086 0.373047 0.123047 0.074219
5 0.250586 0.151367 0.076172 0.052734
5 0.319336 0.123633 0.076172 0.056641
5 0.399219 0.125586 0.070312 0.107422
5 0.473047 0.100391 0.089844 0.066406
5 0.473633 0.168945 0.056641 0.072266
5 0.536133 0.152734 0.056641 0.074219
5 0.602539 0.138086 0.080078 0.076172
5 0.675195 0.144141 0.072266 0.066406
5 0.787891 0.121875 0.066406 0.078125
5 0.591797 0.061914 0.074219 0.064453