5 0.916650 0.709334 0.064550 0.096794
5 0.856726 0.698667 0.063452 0.087959
5 0.771448 0.789190 0.105395 0.087755
5 0.630237 0.891905 0.107348 0.086936
5 0.514855 0.889391 0.101586 0.110033
5 0.446509 0.811177 0.068017 0.094228
5 0.524255 0.784521 0.070386 0.084667
5 0.609070 0.806445 0.102514 0.087891
5 0.772205 0.689584 0.091284 0.101042
5 0.678430 0.682056 0.078734 0.126612
5 0.933752 0.501395 0.083130 0.102791
5 0.845898 0.514233 0.088672 0.094091
5 0.774854 0.564252 0.087208 0.091003
5 0.677405 0.565327 0.104809 0.083780
5 0.711267 0.490864 0.106909 0.078603
5 0.659241 0.414376 0.102856 0.091252
5 0.750317 0.395914 0.097509 0.094953
5 0.888001 0.353544 0.091627 0.116462
5 0.837841 0.438052 0.094433 0.060478
5 0.792847 0.324721 0.116944 0.080692
5 0.790039 0.234868 0.092578 0.097861
5 0.695056 0.247622 0.105737 0.085869
5 0.353491 0.114652 0.103858 0.101178
5 0.566467 0.204917 0.089184 0.103584
5 0.548596 0.300220 0.100317 0.112941
5 0.403577 0.239379 0.104028 0.085008
5 0.312268 0.261089 0.096411 0.097178
5 0.216748 0.240516 0.070995 0.112283
5 0.244030 0.320892 0.103686 0.094909
5 0.212415 0.403857 0.109205 0.082714
5 0.248181 0.479331 0.105737 0.074287
5 0.158325 0.559986 0.107275 0.101222
5 0.221313 0.633485 0.105127 0.073220
5 0.314135 0.722334 0.100145 0.113417
5 0.389319 0.697105 0.091138 0.103584
5 0.475024 0.703016 0.084423 0.096658
5 0.565966 0.667630 0.063183 0.094636
5 0.565515 0.504238 0.081030 0.111602
5 0.550671 0.400034 0.104467 0.093819
5 0.443505 0.320371 0.108886 0.087617
5 0.474341 0.438433 0.095556 0.104991
5 0.500745 0.539664 0.082739 0.094953
5 0.462183 0.605122 0.099366 0.072744
5 0.323755 0.573177 0.103759 0.108855
5 0.380591 0.492153 0.111181 0.078056
5 0.371936 0.407608 0.096997 0.093341