5 0.846443 0.903007 0.080386 0.071639
5 0.927935 0.813759 0.058995 0.074394
5 0.895666 0.823022 0.072581 0.058544
5 0.826763 0.828541 0.078527 0.082081
5 0.869150 0.779577 0.057050 0.081030
5 0.902000 0.665266 0.066500 0.068033
5 0.950288 0.636999 0.066202 0.061498
5 0.919797 0.599422 0.061469 0.073844
5 0.958850 0.547336 0.070825 0.060297
5 0.941922 0.489077 0.071344 0.065655
5 0.954232 0.418009 0.067839 0.073517
5 0.877744 0.401460 0.064863 0.090420
5 0.867648 0.480556 0.079047 0.070488
5 0.882729 0.539478 0.059208 0.050831
5 0.857120 0.603798 0.079866 0.076347
5 0.851181 0.696765 0.080488 0.065405
5 0.799362 0.753398 0.095600 0.059920
5 0.771903 0.859540 0.081306 0.065955
5 0.745709 0.790009 0.057042 0.073767
5 0.701316 0.875727 0.068256 0.079578
5 0.690541 0.811040 0.074833 0.050205
5 0.641546 0.833814 0.064342 0.080128
5 0.603381 0.890016 0.094262 0.067533
5 0.580618 0.819313 0.054986 0.079252
5 0.522591 0.827571 0.079558 0.073892
5 0.521996 0.891313 0.059617 0.063877
5 0.430013 0.910720 0.060027 0.087064
5 0.355037 0.889233 0.088198 0.072216
5 0.459105 0.838016 0.055711 0.082281
5 0.477730 0.770142 0.074211 0.068409
5 0.409323 0.812382 0.062397 0.056014
5 0.305804 0.813524 0.058483 0.092673
5 0.247605 0.781125 0.070209 0.093500
5 0.189197 0.737342 0.081519 0.068434
5 0.257492 0.707580 0.071234 0.052659
5 0.339258 0.727680 0.072266 0.067859
5 0.391062 0.756388 0.075873 0.078402
5 0.531189 0.734187 0.071753 0.062125
5 0.592341 0.742408 0.062808 0.072316
5 0.655748 0.756398 0.067745 0.075295
5 0.655748 0.756398 0.067745 0.075295
5 0.617904 0.695673 0.079558 0.060095
5 0.708994 0.663992 0.064863 0.068609
5 0.705363 0.727712 0.054475 0.061673
5 0.783734 0.696048 0.064342 0.060847
5 0.800595 0.645626 0.066816 0.047502
5 0.759891 0.596374 0.063531 0.077123
5 0.783324 0.548791 0.063523 0.050706
5 0.819416 0.512392 0.079456 0.068534
5 0.817104 0.406298 0.059208 0.075095
5 0.767188 0.446562 0.062500 0.077498
5 0.824046 0.303453 0.073092 0.066281
5 0.804046 0.225360 0.064342 0.075720
5 0.734496 0.210907 0.075242 0.071814
5 0.771721 0.356305 0.062192 0.068859
5 0.717373 0.340375 0.065997 0.077625
5 0.728259 0.405702 0.065894 0.064528
5 0.686901 0.563196 0.058177 0.088892
5 0.620456 0.569546 0.072162 0.073467
5 0.638486 0.635063 0.086347 0.063877
5 0.550144 0.672391 0.056537 0.066656
5 0.449215 0.706798 0.054680 0.060472
5 0.386612 0.686305 0.070100 0.085111
5 0.275009 0.651540 0.100019 0.065580
5 0.144220 0.625095 0.085316 0.072064
5 0.079888 0.526610 0.078527 0.090720
5 0.184561 0.589984 0.065997 0.058094
5 0.246252 0.579863 0.092505 0.078475
5 0.323712 0.575095 0.075550 0.072064
5 0.391458 0.606876 0.070416 0.048127
5 0.428441 0.648665 0.053758 0.050455
5 0.471420 0.624329 0.052214 0.067408
5 0.518746 0.615548 0.046867 0.074845
5 0.569211 0.602922 0.047797 0.074594
5 0.569327 0.530328 0.069903 0.051281
5 0.628516 0.474031 0.066406 0.054312
5 0.676684 0.428235 0.059617 0.059595
5 0.655116 0.365580 0.060231 0.084284
5 0.525781 0.375656 0.070312 0.070062
5 0.678055 0.284187 0.065484 0.077750
5 0.656627 0.200704 0.060130 0.098283
5 0.618634 0.260001 0.071644 0.079377
5 0.605612 0.326438 0.048725 0.062250
5 0.612537 0.394212 0.071950 0.079050
5 0.558737 0.429204 0.079975 0.052158
5 0.534427 0.490087 0.062603 0.077048
5 0.336468 0.173016 0.060436 0.067908
5 0.394643 0.160462 0.076786 0.061548
5 0.464881 0.153032 0.064138 0.087314
5 0.585752 0.184655 0.059003 0.084936
5 0.544806 0.249173 0.083362 0.076472
5 0.532316 0.309595 0.074006 0.072316
5 0.464885 0.270360 0.079770 0.059470
5 0.446276 0.211923 0.073802 0.061347
5 0.399866 0.247438 0.059106 0.063627
5 0.335748 0.247688 0.058995 0.095377
5 0.294745 0.261954 0.076991 0.067658
5 0.232357 0.289430 0.067839 0.069486
5 0.183850 0.214330 0.086450 0.069284
5 0.192802 0.403563 0.063728 0.079002
5 0.198591 0.488126 0.078433 0.063752
5 0.260919 0.524960 0.081212 0.074920
5 0.330753 0.510361 0.074006 0.076972
5 0.396038 0.542180 0.054577 0.084359
5 0.443532 0.531275 0.071439 0.062550
5 0.511603 0.548916 0.063831 0.050956
5 0.465365 0.471564 0.077605 0.065003
5 0.478186 0.423149 0.068872 0.046298
5 0.454758 0.352203 0.059516 0.098156
5 0.401070 0.306946 0.089639 0.057642
5 0.364193 0.350080 0.065886 0.100159
5 0.300586 0.321116 0.076172 0.051608
5 0.414412 0.412633 0.056948 0.072141
5 0.361110 0.457977 0.090970 0.050330
5 0.293024 0.449099 0.117298 0.076323
5 0.313719 0.380228 0.074313 0.066706
5 0.247252 0.381618 0.060130 0.085111
5 0.108850 0.277882 0.070825 0.102639
5 0.152312 0.340149 0.082748 0.061548