5 0.673242 0.870898 0.162109 0.107422
5 0.801172 0.777734 0.136719 0.105469
5 0.804297 0.662109 0.074219 0.121094
5 0.868555 0.588867 0.130859 0.083984
5 0.917969 0.467578 0.117188 0.113281
5 0.872656 0.371094 0.117188 0.117188
5 0.859375 0.246094 0.093750 0.132812
5 0.809961 0.177344 0.138672 0.195312
5 0.737891 0.081836 0.113281 0.076172
5 0.701758 0.180273 0.119141 0.138672
5 0.785937 0.348242 0.093750 0.099609
5 0.790625 0.466602 0.125000 0.111328
5 0.746094 0.538672 0.101562 0.089844
5 0.707812 0.670898 0.109375 0.107422
5 0.649414 0.757227 0.142578 0.111328
5 0.545312 0.790820 0.125000 0.119141
5 0.402344 0.733203 0.117188 0.128906
5 0.166406 0.825977 0.101562 0.080078
5 0.166406 0.683984 0.117188 0.105469
5 0.292383 0.661914 0.103516 0.142578
5 0.451172 0.633203 0.136719 0.113281
5 0.591797 0.632227 0.136719 0.095703
5 0.526953 0.552148 0.144531 0.091797
5 0.650781 0.540039 0.101562 0.111328
5 0.606836 0.442188 0.138672 0.093750
5 0.697070 0.318945 0.103516 0.134766
5 0.603906 0.246680 0.085938 0.115234
5 0.537109 0.308984 0.121094 0.136719
5 0.477930 0.150977 0.146484 0.111328
5 0.368164 0.189062 0.095703 0.093750
5 0.290820 0.154102 0.087891 0.111328
5 0.203125 0.225195 0.109375 0.119141
5 0.260547 0.364258 0.105469 0.103516
5 0.390430 0.378711 0.099609 0.091797
5 0.425781 0.301563 0.101562 0.078125
5 0.467773 0.453516 0.076172 0.113281
5 0.378711 0.465625 0.107422 0.093750
5 0.332813 0.546875 0.093750 0.125000
5 0.254688 0.473047 0.093750 0.121094
5 0.197656 0.571680 0.132812 0.099609
5 0.121484 0.507812 0.105469 0.125000
5 0.154688 0.304297 0.109375 0.105469
5 0.140039 0.397461 0.095703 0.107422