5 0.448445 0.864748 0.075016 0.066997
5 0.423314 0.834984 0.024753 0.029342
5 0.462161 0.710983 0.061822 0.062591
5 0.487297 0.686914 0.071469 0.048828
5 0.433777 0.654637 0.061305 0.059275
5 0.449458 0.626299 0.039541 0.036973
5 0.387392 0.649114 0.049784 0.045103
5 0.377395 0.636142 0.042291 0.047284
5 0.332234 0.672402 0.061344 0.051055
5 0.348011 0.545208 0.049147 0.052916
5 0.359072 0.494990 0.040019 0.043105
5 0.384781 0.522116 0.060188 0.056731
5 0.388955 0.462132 0.049784 0.058639
5 0.437898 0.490280 0.047672 0.043059
5 0.457828 0.441256 0.056281 0.076262
5 0.486380 0.479329 0.054009 0.064908
5 0.520699 0.473274 0.044523 0.059048
5 0.508167 0.351240 0.056959 0.043105
5 0.410794 0.358684 0.055963 0.054869
5 0.369165 0.365244 0.041455 0.049238
5 0.367666 0.389902 0.047831 0.032930
5 0.369503 0.331959 0.057756 0.035792
5 0.456309 0.378938 0.031369 0.045377
5 0.445436 0.309925 0.053372 0.051100
5 0.498091 0.291370 0.049306 0.060866
5 0.518782 0.296734 0.050064 0.059094
5 0.455237 0.256237 0.051100 0.053098
5 0.504847 0.251989 0.031569 0.028978
5 0.480859 0.234157 0.042969 0.052689
5 0.515278 0.204192 0.049306 0.049009
5 0.526331 0.237945 0.043287 0.025891
5 0.546281 0.202044 0.036312 0.050963
5 0.510145 0.160497 0.051539 0.055369
5 0.494133 0.133113 0.022641 0.034975
5 0.466761 0.139753 0.049147 0.054506
5 0.459231 0.183948 0.040337 0.049147
5 0.424219 0.162155 0.054688 0.043059
5 0.381019 0.183503 0.058912 0.054506
5 0.371361 0.239335 0.052097 0.047420
5 0.371787 0.205332 0.034200 0.023164
5 0.415633 0.216106 0.043766 0.050963
5 0.525948 0.033880 0.051897 0.049009
5 0.498214 0.063027 0.040178 0.035430
5 0.554819 0.029538 0.019012 0.037200
5 0.507609 0.005843 0.040219 0.011686
5 0.534570 0.007341 0.025391 0.014683
5 0.479145 0.022484 0.039541 0.044967
5 0.432792 0.056868 0.046834 0.051236
5 0.433673 0.016473 0.054847 0.032945
5 0.405237 0.038004 0.035475 0.035383
5 0.404659 0.045658 0.034319 0.050691