5 0.021986 0.735780 0.043972 0.077809
5 0.049595 0.977772 0.055439 0.036794
5 0.141619 0.901066 0.055112 0.058381
5 0.090517 0.902465 0.068534 0.083055
5 0.014038 0.964204 0.028077 0.037783
5 0.029625 0.918205 0.059250 0.073911
5 0.595227 0.950229 0.081080 0.034833
5 0.581743 0.914100 0.085361 0.087575
5 0.505368 0.918862 0.070111 0.084598
5 0.516837 0.863109 0.061798 0.073092
5 0.444281 0.892197 0.054187 0.084394
5 0.375476 0.944295 0.047827 0.066714
5 0.552531 0.807617 0.070688 0.083984
5 0.578869 0.712640 0.085862 0.072155
5 0.509032 0.755776 0.055564 0.055302
5 0.528150 0.668573 0.062550 0.080897
5 0.455461 0.707812 0.060922 0.078125
5 0.396212 0.755785 0.076798 0.061570
5 0.403375 0.793523 0.047375 0.033920
5 0.429352 0.668987 0.064953 0.081723
5 0.591259 0.482701 0.073142 0.056027
5 0.578243 0.506423 0.053361 0.059720
5 0.525876 0.534250 0.064252 0.065375
5 0.455298 0.544918 0.076222 0.074211
5 0.400383 0.556282 0.041391 0.034439
5 0.387212 0.518216 0.030673 0.048931
5 0.416579 0.517988 0.051908 0.051600
5 0.418437 0.482105 0.061873 0.051711
5 0.482867 0.476233 0.068859 0.064966
5 0.539781 0.467063 0.054562 0.049750
5 0.565665 0.433748 0.065705 0.070620
5 0.524377 0.434896 0.033128 0.038542
5 0.469235 0.446183 0.060345 0.064241
5 0.455180 0.432502 0.038486 0.046253
5 0.520352 0.371452 0.050080 0.071030
5 0.576249 0.330920 0.046248 0.064966
5 0.452041 0.373024 0.066581 0.077298
5 0.426712 0.337570 0.047175 0.059516
5 0.437968 0.266345 0.054061 0.063941
5 0.597906 0.296987 0.039563 0.037723
5 0.582993 0.265900 0.069111 0.059925
5 0.546752 0.224698 0.065378 0.083772
5 0.560344 0.169410 0.055063 0.041945
5 0.579595 0.103163 0.071689 0.056325
5 0.595109 0.074241 0.058969 0.051608
5 0.614183 0.019419 0.068991 0.038838
5 0.492868 0.099823 0.054486 0.065272
5 0.462132 0.114462 0.039889 0.057050
5 0.421782 0.160287 0.071689 0.058073
5 0.434695 0.172903 0.056891 0.048931
5 0.435680 0.217773 0.036984 0.044922
5 0.474273 0.209766 0.045422 0.066406