5 0.359545 0.104270 0.094091 0.071041
5 0.384895 0.212941 0.104164 0.085258
5 0.507737 0.179847 0.084223 0.078444
5 0.596621 0.150113 0.074492 0.078352
5 0.735480 0.192492 0.086586 0.100609
5 0.818691 0.223216 0.084258 0.096431
5 0.880351 0.183912 0.082577 0.086573
5 0.546467 0.250654 0.074184 0.091933
5 0.596841 0.307045 0.062431 0.079714
5 0.715380 0.287645 0.096384 0.100291
5 0.220449 0.292415 0.078398 0.094205
5 0.297495 0.272402 0.076241 0.097930
5 0.445974 0.315798 0.085698 0.103470
5 0.282329 0.347356 0.080283 0.050963
5 0.186388 0.362073 0.057152 0.080397
5 0.130784 0.417301 0.080317 0.109602
5 0.216670 0.471830 0.064589 0.062409
5 0.291330 0.410892 0.060786 0.078034
5 0.362306 0.370862 0.080863 0.097975
5 0.442290 0.438567 0.078330 0.095884
5 0.379587 0.488631 0.090423 0.077262
5 0.287127 0.491992 0.089878 0.083984
5 0.246238 0.595776 0.095602 0.085302
5 0.172699 0.553916 0.061023 0.076581
5 0.102666 0.608066 0.074083 0.066133
5 0.153661 0.667965 0.088572 0.098430
5 0.269082 0.725768 0.088164 0.076536
5 0.344175 0.634938 0.082100 0.107377
5 0.207211 0.872965 0.076922 0.095930
5 0.289495 0.840498 0.107116 0.084120
5 0.339436 0.775222 0.081997 0.091069
5 0.361125 0.895576 0.078500 0.103652
5 0.405732 0.702366 0.080214 0.101608
5 0.495652 0.559974 0.097555 0.085573
5 0.594889 0.450237 0.086653 0.100473
5 0.653984 0.422480 0.076717 0.073084
5 0.702489 0.376281 0.092478 0.086938
5 0.832441 0.422352 0.102381 0.094705
5 0.909665 0.420345 0.063080 0.084439
5 0.810309 0.498442 0.101869 0.081259
5 0.699016 0.493355 0.098031 0.071086
5 0.868938 0.601281 0.094125 0.086938
5 0.782160 0.610566 0.092445 0.102381
5 0.683952 0.570985 0.102278 0.088845
5 0.726139 0.668205 0.102278 0.092661
5 0.577641 0.588095 0.080283 0.098066
5 0.500773 0.638691 0.107797 0.071131
5 0.611906 0.679647 0.086313 0.065544
5 0.555962 0.730823 0.105673 0.080397
5 0.631020 0.783607 0.083916 0.095339
5 0.612449 0.897393 0.078023 0.076036
5 0.504297 0.814694 0.089844 0.091887
5 0.437202 0.794131 0.068155 0.075762