5 0.520966 0.943391 0.045058 0.052408
5 0.564590 0.902594 0.066680 0.055188
5 0.567290 0.834743 0.062705 0.053861
5 0.535903 0.864430 0.062431 0.053861
5 0.489028 0.925493 0.062431 0.069736
5 0.456802 0.903485 0.044853 0.044470
5 0.434936 0.864571 0.035497 0.041642
5 0.466076 0.838156 0.041527 0.054438
5 0.507329 0.822509 0.049033 0.057517
5 0.531370 0.790102 0.047114 0.064578
5 0.437322 0.813141 0.052769 0.051281
5 0.422419 0.692195 0.051087 0.040641
5 0.413630 0.650727 0.064759 0.048328
5 0.449958 0.622391 0.037416 0.051031
5 0.488655 0.629071 0.042934 0.042517
5 0.528015 0.630719 0.037280 0.055188
5 0.533186 0.597398 0.050747 0.044797
5 0.571629 0.604595 0.037008 0.024814
5 0.570923 0.632111 0.054347 0.045472
5 0.592910 0.666587 0.045195 0.045673
5 0.560879 0.681250 0.053008 0.046875
5 0.560505 0.725040 0.049134 0.050080
5 0.564734 0.507727 0.060717 0.049830
5 0.523320 0.536398 0.059139 0.060297
5 0.467332 0.527571 0.056539 0.058267
5 0.542688 0.488509 0.044752 0.042642
5 0.515244 0.460470 0.033613 0.055314
5 0.538154 0.440220 0.029433 0.024189
5 0.507312 0.407156 0.048998 0.054937
5 0.581004 0.397110 0.052633 0.044220
5 0.558076 0.331408 0.056777 0.056566
5 0.524304 0.312500 0.039233 0.031250
5 0.507227 0.347759 0.048828 0.058017
5 0.483398 0.322384 0.044922 0.057267
5 0.452684 0.316391 0.027242 0.035908
5 0.426452 0.329680 0.037280 0.053109
5 0.452734 0.355446 0.042969 0.042142
5 0.412568 0.374782 0.047011 0.040189
5 0.402837 0.346727 0.027548 0.034080
5 0.391228 0.402141 0.029331 0.035531
5 0.413970 0.418009 0.052939 0.057892
5 0.418198 0.457399 0.033272 0.030423
5 0.454527 0.407602 0.052803 0.049580
5 0.482295 0.468805 0.048964 0.053234
5 0.454246 0.460985 0.042867 0.059470
5 0.429637 0.509149 0.062398 0.046423
5 0.415795 0.532827 0.047216 0.034405
5 0.426079 0.479079 0.033408 0.020658
5 0.391203 0.435687 0.019906 0.030750
5 0.564173 0.247579 0.025220 0.035783
5 0.534834 0.245555 0.050917 0.053611
5 0.473523 0.270095 0.047045 0.055814
5 0.441364 0.282609 0.029603 0.027719
5 0.431352 0.254610 0.047080 0.043595
5 0.402777 0.255001 0.033680 0.047502
5 0.455691 0.213477 0.055131 0.064453
5 0.506030 0.206898 0.043309 0.060672
5 0.527531 0.161313 0.039438 0.047627
5 0.563809 0.146259 0.058867 0.058142
5 0.561948 0.097821 0.048897 0.058142
5 0.527820 0.086734 0.027514 0.026592
5 0.514004 0.119321 0.053008 0.057392
5 0.471587 0.163915 0.058798 0.049705
5 0.492493 0.085516 0.050611 0.052283
5 0.496909 0.052680 0.046944 0.036609
5 0.454492 0.082031 0.037109 0.039062
5 0.429755 0.088141 0.015761 0.020031
5 0.398600 0.114187 0.053450 0.062750
5 0.382915 0.166516 0.062705 0.051783
5 0.440515 0.117884 0.052905 0.042017
5 0.427939 0.216602 0.012128 0.033203