5 0.755309 0.912528 0.069994 0.081306
5 0.811069 0.841527 0.065888 0.083055
5 0.861552 0.799628 0.088728 0.071131
5 0.943562 0.722643 0.080875 0.064036
5 0.921006 0.661170 0.088887 0.081716
5 0.863154 0.724539 0.088808 0.077203
5 0.948322 0.525428 0.068519 0.075856
5 0.908067 0.580366 0.072384 0.070108
5 0.863441 0.624484 0.055006 0.077094
5 0.811595 0.668211 0.063816 0.080172
5 0.779659 0.732659 0.081194 0.062192
5 0.759056 0.799205 0.077488 0.079661
5 0.714087 0.853702 0.084423 0.069903
5 0.660048 0.903298 0.088847 0.075345
5 0.556238 0.885970 0.074977 0.081314
5 0.482047 0.891067 0.079719 0.066509
5 0.400362 0.905311 0.085100 0.069997
5 0.400159 0.836027 0.094069 0.072053
5 0.507597 0.810659 0.068319 0.096317
5 0.569770 0.809166 0.055166 0.077708
5 0.603184 0.854134 0.062619 0.052017
5 0.641199 0.813499 0.073023 0.076998
5 0.687364 0.770498 0.084103 0.065997
5 0.698585 0.703023 0.075295 0.077920
5 0.741171 0.659747 0.076092 0.085119
5 0.797015 0.588806 0.062780 0.077613
5 0.836910 0.546280 0.073820 0.073809
5 0.895097 0.482287 0.068319 0.086450
5 0.938030 0.442773 0.051061 0.091797
5 0.814637 0.472000 0.088648 0.075250
5 0.829942 0.414792 0.056759 0.054584
5 0.855520 0.361049 0.057916 0.084598
5 0.846863 0.264700 0.074977 0.076275
5 0.764513 0.228618 0.082150 0.066611
5 0.683203 0.225326 0.082031 0.060027
5 0.715155 0.280013 0.074059 0.075652
5 0.802431 0.317351 0.067363 0.084702
5 0.770277 0.397838 0.068678 0.073802
5 0.769212 0.526075 0.069675 0.064650
5 0.724820 0.585454 0.077766 0.064658
5 0.663616 0.617969 0.080358 0.070312
5 0.629847 0.686635 0.062819 0.082645
5 0.609463 0.746628 0.075175 0.052631
5 0.543223 0.749814 0.064572 0.059003
5 0.469667 0.746573 0.095584 0.068147
5 0.380102 0.735938 0.088330 0.078125
5 0.312870 0.810291 0.050741 0.058081
5 0.309088 0.749856 0.065052 0.068463
5 0.373625 0.653605 0.059750 0.091584
5 0.314034 0.686398 0.065569 0.063422
5 0.262723 0.662320 0.069197 0.096514
5 0.487420 0.690091 0.077966 0.048931
5 0.562763 0.688602 0.069277 0.061578
5 0.577260 0.637141 0.063895 0.077408
5 0.514548 0.634394 0.075972 0.059413
5 0.446536 0.655795 0.077447 0.052214
5 0.434853 0.599782 0.079081 0.071439
5 0.522345 0.580971 0.097816 0.049442
5 0.613759 0.575359 0.055644 0.047592
5 0.618287 0.526614 0.070950 0.046978
5 0.694567 0.528544 0.079759 0.069587
5 0.714859 0.452014 0.064094 0.088403
5 0.712360 0.366384 0.062220 0.089017
5 0.650550 0.430404 0.066725 0.079558
5 0.605234 0.392221 0.091717 0.087567
5 0.613202 0.296890 0.070153 0.090655
5 0.554173 0.299228 0.052097 0.092206
5 0.576367 0.487487 0.083984 0.071848
5 0.501985 0.521341 0.069595 0.080181
5 0.520819 0.452628 0.076013 0.058381
5 0.492327 0.396289 0.078405 0.064453
5 0.441670 0.434416 0.077089 0.071958
5 0.429377 0.523620 0.074378 0.081614
5 0.366725 0.572787 0.086575 0.058073
5 0.322078 0.618411 0.069156 0.058697
5 0.342690 0.426985 0.069755 0.085220
5 0.388636 0.476438 0.049147 0.065375
5 0.299319 0.556562 0.070513 0.069375
5 0.253440 0.517973 0.088130 0.070320
5 0.272070 0.328707 0.087891 0.076164
5 0.291697 0.475391 0.089644 0.066406
5 0.342020 0.338052 0.112166 0.129230
5 0.393953 0.293634 0.084781 0.071644
5 0.456577 0.326777 0.060028 0.084803
5 0.499753 0.316605 0.080756 0.111336
5 0.636097 0.219509 0.047194 0.073392
5 0.553719 0.212756 0.073063 0.063012
5 0.482729 0.211436 0.071708 0.104122
5 0.404783 0.228279 0.087691 0.062808
5 0.318638 0.195117 0.059152 0.083984
5 0.412253 0.351786 0.033881 0.044197
5 0.241044 0.427238 0.078963 0.070100
5 0.207219 0.297364 0.083187 0.082228
5 0.192291 0.646545 0.068958 0.080591
5 0.215438 0.567639 0.065250 0.072778
5 0.679392 0.153073 0.083784 0.078022
5 0.557784 0.137333 0.065569 0.087166
5 0.542056 0.065746 0.059112 0.075242
5 0.483450 0.054809 0.063775 0.090867
5 0.472210 0.131189 0.056920 0.056128
5 0.381150 0.159148 0.093550 0.065170
5 0.183123 0.416053 0.050622 0.075856
5 0.131656 0.439072 0.060188 0.084394
5 0.155867 0.520238 0.071109 0.049852