5 0.519922 0.876953 0.074219 0.066406
5 0.490820 0.847461 0.025391 0.029297
5 0.520898 0.723437 0.060547 0.062500
5 0.543945 0.700977 0.072266 0.048828
5 0.488672 0.666797 0.058594 0.058594
5 0.502344 0.637305 0.039062 0.037109
5 0.440039 0.659961 0.048828 0.044922
5 0.431445 0.646875 0.041016 0.046875
5 0.388086 0.681641 0.060547 0.050781
5 0.393164 0.554492 0.048828 0.052734
5 0.400781 0.504297 0.039062 0.042969
5 0.427734 0.533008 0.058594 0.056641
5 0.427539 0.473047 0.048828 0.058594
5 0.478125 0.502734 0.046875 0.042969
5 0.494531 0.452148 0.054688 0.076172
5 0.526367 0.491602 0.052734 0.064453
5 0.561133 0.487109 0.041016 0.058594
5 0.537695 0.363672 0.056641 0.042969
5 0.441406 0.369531 0.054688 0.054688
5 0.400195 0.374414 0.041016 0.048828
5 0.400000 0.399414 0.046875 0.033203
5 0.397070 0.342578 0.056641 0.035156
5 0.489648 0.389648 0.029297 0.044922
5 0.471680 0.320703 0.052734 0.050781
5 0.522852 0.303711 0.048828 0.060547
5 0.545312 0.308984 0.046875 0.058594
5 0.476953 0.266992 0.050781 0.052734
5 0.528125 0.264648 0.031250 0.029297
5 0.499609 0.245117 0.042969 0.052734
5 0.532227 0.216602 0.048828 0.048828
5 0.546484 0.251758 0.042969 0.025391
5 0.563867 0.214453 0.037109 0.050781
5 0.524414 0.172656 0.048828 0.054688
5 0.505469 0.144141 0.023438 0.035156
5 0.479102 0.150781 0.048828 0.054688
5 0.474219 0.194727 0.039062 0.048828
5 0.438281 0.171484 0.054688 0.042969
5 0.396484 0.192969 0.058594 0.054688
5 0.391992 0.248438 0.052734 0.046875
5 0.389453 0.214844 0.035156 0.023438
5 0.433984 0.226953 0.042969 0.050781
5 0.530078 0.046289 0.050781 0.048828
5 0.503906 0.073828 0.039062 0.035156
5 0.558203 0.041992 0.019531 0.037109
5 0.509766 0.011719 0.050781 0.023438
5 0.536133 0.016992 0.025391 0.021484
5 0.482031 0.034961 0.039062 0.044922
5 0.438086 0.066016 0.044922 0.050781
5 0.435156 0.021484 0.054688 0.042969
5 0.408203 0.047266 0.035156 0.035156
5 0.408789 0.055078 0.033203 0.050781