5 0.511441 0.082037 0.035383 0.026575
5 0.487755 0.109550 0.031761 0.037850
5 0.500731 0.132159 0.035838 0.051817
5 0.507312 0.189453 0.048998 0.050781
5 0.544812 0.156398 0.048998 0.062795
5 0.582816 0.185062 0.037508 0.035748
5 0.608630 0.182670 0.036009 0.049716
5 0.580774 0.155960 0.027173 0.033795
5 0.594591 0.119167 0.045433 0.057084
5 0.622745 0.119948 0.029866 0.049272
5 0.609879 0.076738 0.051008 0.037850
5 0.559244 0.033135 0.034113 0.053770
5 0.587841 0.031209 0.047556 0.056167
5 0.589127 0.058949 0.043878 0.039773
5 0.629695 0.324326 0.028139 0.033027
5 0.628405 0.291501 0.041186 0.042377
5 0.611275 0.318682 0.041300 0.049864
5 0.580639 0.338139 0.039403 0.041903
5 0.539152 0.381088 0.053303 0.046550
5 0.485273 0.378643 0.061172 0.047911
5 0.531363 0.336745 0.047102 0.045366
5 0.483455 0.327438 0.060661 0.058002
5 0.463810 0.350707 0.021370 0.023289
5 0.536801 0.297186 0.048602 0.047497
5 0.553910 0.265187 0.045320 0.049123
5 0.585778 0.287802 0.049681 0.066230
5 0.642305 0.463974 0.053359 0.046698
5 0.637475 0.428764 0.021825 0.026278
5 0.609354 0.419902 0.059333 0.055428
5 0.577873 0.401145 0.036995 0.036666
5 0.612919 0.392099 0.035213 0.015448
5 0.596684 0.467409 0.043367 0.047319
5 0.548026 0.504356 0.055427 0.058713
5 0.555636 0.428468 0.048772 0.056936
5 0.519254 0.458505 0.051008 0.038886
5 0.486882 0.459934 0.042514 0.054244
5 0.501392 0.424556 0.030909 0.030362
5 0.519030 0.410615 0.041186 0.055605
5 0.549506 0.896982 0.061513 0.072089
5 0.505948 0.859239 0.065022 0.068478
5 0.474311 0.850888 0.051747 0.064277
5 0.502763 0.798174 0.043025 0.055723
5 0.472070 0.810600 0.025391 0.039950
5 0.492245 0.764433 0.046989 0.047616
5 0.605941 0.838988 0.052508 0.062352
5 0.569897 0.791143 0.049169 0.063536
5 0.620487 0.784718 0.053473 0.056936
5 0.616605 0.749817 0.055086 0.043384
5 0.571822 0.734798 0.053019 0.060222
5 0.533150 0.738867 0.025675 0.037109
5 0.569449 0.666966 0.060773 0.062056
5 0.584606 0.608943 0.053587 0.052261
5 0.596684 0.572509 0.043367 0.038767
5 0.512923 0.615019 0.057095 0.061287
5 0.478959 0.618750 0.017294 0.031250