5 0.404102 0.804492 0.080078 0.068359
5 0.450781 0.753516 0.070312 0.082031
5 0.520508 0.723633 0.025391 0.056641
5 0.489648 0.721484 0.029297 0.058594
5 0.450586 0.586719 0.076172 0.054688
5 0.582031 0.560937 0.070312 0.062500
5 0.497461 0.536719 0.060547 0.070312
5 0.574609 0.444727 0.042969 0.048828
5 0.521484 0.401172 0.058594 0.058594
5 0.533984 0.356445 0.058594 0.072266
5 0.569727 0.163672 0.064453 0.058594
5 0.534570 0.126758 0.056641 0.072266
5 0.481250 0.117188 0.062500 0.062500
5 0.499805 0.165039 0.052734 0.064453
5 0.444922 0.166406 0.058594 0.054688
5 0.417383 0.169922 0.041016 0.058594