5 0.654102 0.883594 0.064453 0.054688
5 0.712695 0.783203 0.056641 0.066406
5 0.731445 0.721484 0.072266 0.058594
5 0.648047 0.767969 0.074219 0.054688
5 0.630273 0.830859 0.076172 0.058594
5 0.560156 0.831836 0.070312 0.044922
5 0.595508 0.783203 0.056641 0.066406
5 0.537109 0.780273 0.058594 0.044922
5 0.496094 0.813281 0.054688 0.070312
5 0.441797 0.783984 0.058594 0.058594
5 0.363086 0.795898 0.060547 0.044922
5 0.307031 0.773242 0.054688 0.068359
5 0.265625 0.722266 0.078125 0.050781
5 0.355273 0.746875 0.044922 0.062500
5 0.401367 0.713477 0.052734 0.064453
5 0.447266 0.725391 0.050781 0.066406
5 0.490820 0.721484 0.041016 0.058594
5 0.537695 0.735352 0.056641 0.048828
5 0.577148 0.708984 0.044922 0.058594
5 0.622852 0.708789 0.048828 0.064453
5 0.672852 0.708789 0.048828 0.064453
5 0.662695 0.654883 0.072266 0.056641
5 0.752930 0.611719 0.052734 0.070312
5 0.783008 0.550586 0.072266 0.060547
5 0.727539 0.544727 0.048828 0.064453
5 0.688086 0.583984 0.060547 0.058594
5 0.638672 0.613672 0.058594 0.058594
5 0.590820 0.656641 0.072266 0.050781
5 0.529687 0.680078 0.062500 0.050781
5 0.440234 0.664844 0.058594 0.054688
5 0.391406 0.660937 0.039062 0.062500
5 0.357422 0.685547 0.042969 0.058594
5 0.474219 0.629297 0.054688 0.058594
5 0.523242 0.606250 0.052734 0.062500
5 0.579688 0.609375 0.062500 0.046875
5 0.629492 0.553711 0.052734 0.060547
5 0.672461 0.524023 0.060547 0.060547
5 0.698242 0.487109 0.068359 0.058594
5 0.782031 0.477344 0.054688 0.070312
5 0.767969 0.421680 0.070312 0.068359
5 0.707031 0.422461 0.054688 0.060547
5 0.651367 0.462695 0.052734 0.041016
5 0.585742 0.552734 0.037109 0.058594
5 0.546289 0.563281 0.048828 0.054688
5 0.544531 0.510547 0.070312 0.058594
5 0.553125 0.457031 0.062500 0.054688
5 0.607031 0.437109 0.054688 0.074219
5 0.653906 0.407617 0.054688 0.068359
5 0.606055 0.367969 0.052734 0.070312
5 0.556055 0.353906 0.052734 0.070312
5 0.519531 0.407813 0.070312 0.046875
5 0.453711 0.391992 0.060547 0.037109
5 0.465430 0.436328 0.068359 0.050781
5 0.490234 0.483984 0.058594 0.058594
5 0.472656 0.563867 0.054688 0.068359
5 0.434570 0.600000 0.041016 0.062500
5 0.389258 0.599023 0.056641 0.060547
5 0.408594 0.535156 0.054688 0.070312
5 0.398828 0.443750 0.066406 0.062500
5 0.381445 0.395117 0.056641 0.052734
5 0.307617 0.681641 0.052734 0.066406
5 0.238086 0.668750 0.076172 0.046875
5 0.275781 0.625391 0.054688 0.066406
5 0.336719 0.627539 0.054688 0.064453
5 0.223633 0.616992 0.056641 0.068359
5 0.187109 0.597656 0.042969 0.054688
5 0.253711 0.564258 0.044922 0.056641
5 0.215234 0.514258 0.058594 0.072266
5 0.315234 0.574805 0.058594 0.052734
5 0.358789 0.537109 0.048828 0.074219
5 0.283008 0.517578 0.072266 0.066406
5 0.336523 0.483789 0.060547 0.064453
5 0.437891 0.496875 0.050781 0.062500
5 0.266406 0.457031 0.070312 0.054688
5 0.253711 0.386133 0.060547 0.056641
5 0.324609 0.431250 0.058594 0.109375
5 0.370703 0.337305 0.050781 0.068359
5 0.322656 0.299805 0.054688 0.037109
5 0.371094 0.279883 0.054688 0.041016
5 0.429492 0.281836 0.052734 0.076172
5 0.427148 0.353320 0.060547 0.056641
5 0.503516 0.352539 0.050781 0.064453
5 0.481445 0.313477 0.041016 0.048828
5 0.493555 0.264648 0.083984 0.044922
5 0.526758 0.302344 0.041016 0.054688
5 0.575195 0.292969 0.056641 0.054688
5 0.566406 0.238672 0.054688 0.042969
5 0.642578 0.334570 0.050781 0.041016
5 0.625977 0.296875 0.048828 0.046875
5 0.690430 0.363867 0.068359 0.068359
5 0.779883 0.348633 0.041016 0.056641
5 0.727930 0.331055 0.068359 0.052734
5 0.704688 0.279883 0.046875 0.056641
5 0.599023 0.498828 0.044922 0.050781