5 0.431445 0.129688 0.056641 0.046875
5 0.465430 0.106445 0.052734 0.056641
5 0.448828 0.073633 0.050781 0.056641
5 0.426172 0.098242 0.027344 0.021484
5 0.495703 0.152930 0.050781 0.052734
5 0.530078 0.069141 0.050781 0.066406
5 0.548633 0.152734 0.056641 0.058594
5 0.570117 0.192969 0.052734 0.054688
5 0.593750 0.179492 0.031250 0.037109
5 0.591211 0.138477 0.060547 0.048828
5 0.579492 0.093359 0.052734 0.058594
5 0.542969 0.096289 0.054688 0.048828
5 0.551562 0.361914 0.046875 0.048828
5 0.549609 0.315039 0.058594 0.048828
5 0.569922 0.278906 0.042969 0.039062
5 0.533203 0.277930 0.035156 0.052734
5 0.494727 0.267188 0.048828 0.062500
5 0.502734 0.359766 0.042969 0.035156
5 0.488281 0.323242 0.054688 0.052734
5 0.446094 0.331641 0.039062 0.019531
5 0.440430 0.304688 0.052734 0.046875
5 0.452539 0.273242 0.048828 0.052734
0 0.417383 0.285156 0.025391 0.039062
5 0.511328 0.790820 0.050781 0.056641
5 0.516602 0.720703 0.048828 0.050781
5 0.488281 0.706641 0.039062 0.050781
5 0.491016 0.739258 0.019531 0.025391
5 0.544727 0.654687 0.048828 0.078125
5 0.495117 0.648242 0.052734 0.052734
5 0.481055 0.602148 0.052734 0.044922
5 0.508594 0.566211 0.039062 0.044922
5 0.541992 0.569922 0.037109 0.042969
5 0.450781 0.600391 0.039062 0.050781
5 0.454688 0.921875 0.046875 0.062500