5 0.524805 0.274023 0.052734 0.060547
5 0.464844 0.249414 0.054688 0.064453
5 0.414062 0.274414 0.078125 0.064453
5 0.566016 0.736719 0.066406 0.070312
5 0.534766 0.674609 0.035156 0.027344
5 0.525195 0.710547 0.041016 0.058594
5 0.457422 0.712305 0.074219 0.083984
5 0.539648 0.550586 0.044922 0.044922
5 0.586523 0.527148 0.060547 0.029297
5 0.600195 0.490039 0.087891 0.064453
5 0.602344 0.445898 0.039062 0.029297
5 0.551172 0.444922 0.074219 0.074219
5 0.513672 0.417969 0.074219 0.070312
5 0.488672 0.469141 0.058594 0.066406
5 0.439258 0.429102 0.072266 0.080078
5 0.463867 0.549219 0.052734 0.054688
5 0.417969 0.541602 0.070312 0.048828
5 0.398438 0.498828 0.093750 0.066406