5 0.597559 0.927180 0.160742 0.110611
5 0.733191 0.842753 0.138256 0.107381
5 0.745093 0.726523 0.074561 0.124920
5 0.817676 0.659737 0.132227 0.085100
5 0.877405 0.542259 0.120434 0.112644
5 0.839905 0.442730 0.120434 0.116709
5 0.837451 0.316534 0.099902 0.129942
5 0.793273 0.243224 0.152172 0.189573
5 0.730139 0.141848 0.116528 0.077447
5 0.685912 0.237528 0.124950 0.137556
5 0.754577 0.412911 0.096655 0.097697
5 0.750171 0.530616 0.125342 0.114358
5 0.698963 0.600120 0.101050 0.093989
5 0.648327 0.728950 0.112280 0.107900
5 0.582337 0.809777 0.139673 0.116430
5 0.475879 0.833916 0.123633 0.124083
5 0.337170 0.766287 0.114966 0.132573
5 0.092969 0.838429 0.101562 0.083108
5 0.106690 0.695990 0.116505 0.110730
5 0.233691 0.684745 0.104883 0.144491
5 0.396228 0.669173 0.136206 0.116470
5 0.537366 0.679739 0.137231 0.096978
5 0.479370 0.593491 0.146241 0.093231
5 0.603223 0.593595 0.100195 0.115314
5 0.568201 0.491183 0.139527 0.094866
5 0.667981 0.375912 0.104713 0.136200
5 0.582739 0.296712 0.084228 0.118423
5 0.509692 0.352926 0.119384 0.140227
5 0.464722 0.189912 0.148194 0.114198
5 0.351514 0.220584 0.093653 0.097417
5 0.276990 0.176981 0.091480 0.110213
5 0.183435 0.241570 0.107495 0.123764
5 0.228272 0.385479 0.103419 0.108458
5 0.356457 0.410647 0.103539 0.090044
5 0.399390 0.336209 0.101905 0.081792
5 0.427576 0.491812 0.077027 0.114875
5 0.336719 0.495982 0.104688 0.098214
5 0.283777 0.573390 0.092553 0.128030
5 0.212732 0.492514 0.097339 0.122528
5 0.147802 0.586906 0.136230 0.098812
5 0.076916 0.517634 0.110083 0.122767
5 0.127356 0.317705 0.107838 0.110411
5 0.104895 0.408670 0.094166 0.111089