5 0.774780 0.477461 0.058936 0.076797
5 0.745642 0.599496 0.056909 0.073992
5 0.703809 0.570121 0.048242 0.074617
5 0.705127 0.488534 0.082128 0.048942
5 0.716040 0.425117 0.060205 0.053359
5 0.722205 0.368387 0.056909 0.058650
5 0.682886 0.330781 0.043897 0.055313
5 0.658020 0.370763 0.059791 0.041527
5 0.657959 0.411691 0.053417 0.039006
5 0.637585 0.455838 0.062670 0.055427
5 0.659448 0.525309 0.072022 0.056867
5 0.632654 0.610465 0.065308 0.049055
5 0.592652 0.642105 0.060303 0.052961
5 0.568164 0.676925 0.076953 0.050725
5 0.474292 0.630078 0.064209 0.050781
5 0.386157 0.603153 0.062939 0.062556
5 0.429150 0.586832 0.048925 0.054914
5 0.510742 0.595263 0.068359 0.059275
5 0.570764 0.577130 0.060278 0.063636
5 0.546814 0.532930 0.056128 0.053359
5 0.597241 0.509016 0.056983 0.049283
5 0.577393 0.464513 0.057911 0.057152
5 0.605811 0.415827 0.042872 0.053530
5 0.606995 0.332255 0.054614 0.064509
5 0.586035 0.273157 0.065820 0.052564
5 0.623498 0.230668 0.037622 0.055086
5 0.594446 0.198022 0.070142 0.049169
5 0.510071 0.254837 0.054517 0.075298
5 0.440380 0.271566 0.065136 0.052508
5 0.387708 0.255480 0.062916 0.057834
5 0.330273 0.289542 0.060547 0.057209
5 0.366467 0.333651 0.076684 0.054802
5 0.364184 0.384432 0.075244 0.046989
5 0.399597 0.431971 0.067944 0.048317
5 0.373266 0.475891 0.059033 0.064283
5 0.323450 0.491691 0.050025 0.086506
5 0.354687 0.549950 0.046875 0.059275
5 0.416186 0.532504 0.063622 0.052508
5 0.437097 0.494304 0.049194 0.069858
5 0.462878 0.449833 0.060131 0.052791
5 0.454968 0.393672 0.056811 0.059219
5 0.426746 0.338125 0.056617 0.079375
5 0.554297 0.351459 0.074219 0.049794
5 0.559228 0.399386 0.068456 0.048772
5 0.515588 0.415987 0.046802 0.050725
5 0.508960 0.501314 0.049170 0.058878
5 0.477832 0.547631 0.046289 0.060888