5 0.747353 0.868832 0.082206 0.072039
5 0.838695 0.777145 0.055514 0.073039
5 0.806923 0.786159 0.076347 0.059819
5 0.736085 0.796653 0.075295 0.080806
5 0.784009 0.745521 0.058644 0.081667
5 0.830539 0.630373 0.064203 0.066997
5 0.883829 0.599818 0.067658 0.062136
5 0.857274 0.563604 0.061423 0.074083
5 0.903032 0.508353 0.071689 0.060456
5 0.892009 0.451816 0.074644 0.066133
5 0.913016 0.380110 0.066656 0.072720
5 0.838291 0.365961 0.067206 0.091297
5 0.818812 0.447066 0.078250 0.069133
5 0.826359 0.506028 0.058969 0.049556
5 0.793687 0.570309 0.078000 0.074992
5 0.776290 0.662709 0.080705 0.066042
5 0.717040 0.722348 0.096580 0.060320
5 0.677664 0.830937 0.080328 0.064998
5 0.659217 0.761405 0.052809 0.072811
5 0.603869 0.847761 0.070237 0.079897
5 0.601297 0.785602 0.074469 0.049328
5 0.547937 0.808177 0.061498 0.078853
5 0.503375 0.866220 0.094250 0.066816
5 0.489180 0.797080 0.053361 0.078534
5 0.429500 0.806741 0.077750 0.072856
5 0.421734 0.872125 0.059094 0.063000
5 0.325360 0.896298 0.060095 0.086347
5 0.254259 0.875808 0.089769 0.073491
5 0.364220 0.820748 0.056566 0.082122
5 0.390883 0.752317 0.072391 0.067134
5 0.316564 0.796957 0.064378 0.056414
5 0.213884 0.802308 0.059019 0.092116
5 0.158533 0.771830 0.073316 0.093659
5 0.104517 0.731691 0.084034 0.069631
5 0.177219 0.699169 0.070062 0.051463
5 0.257259 0.715339 0.073892 0.068178
5 0.303627 0.741919 0.082255 0.080712
5 0.449697 0.713995 0.074394 0.062364
5 0.509563 0.719895 0.062875 0.071041
5 0.572931 0.730114 0.070862 0.075853
5 0.572931 0.730114 0.070862 0.075853
5 0.542188 0.671757 0.078125 0.059139
5 0.637415 0.635787 0.065455 0.068450
5 0.626117 0.700791 0.052234 0.060956
5 0.708499 0.665644 0.060748 0.059413
5 0.730641 0.614176 0.067533 0.047102
5 0.695978 0.567005 0.066956 0.077761
5 0.726187 0.518505 0.061748 0.049509
5 0.765813 0.478902 0.078500 0.067180
5 0.776485 0.374769 0.059220 0.074538
5 0.721314 0.415512 0.064503 0.077898
5 0.794611 0.270680 0.076722 0.066361
5 0.783126 0.192070 0.063127 0.074764
5 0.716859 0.180741 0.074344 0.070858
5 0.736877 0.324895 0.064378 0.068541
5 0.681517 0.310847 0.069284 0.077944
5 0.685641 0.378175 0.068158 0.065725
5 0.625946 0.536315 0.058142 0.088255
5 0.559134 0.544785 0.074519 0.073945
5 0.568219 0.609625 0.086438 0.063000
5 0.474697 0.650436 0.058769 0.066497
5 0.368555 0.689013 0.052734 0.059275
5 0.310366 0.671884 0.067608 0.084394
5 0.199992 0.641806 0.099984 0.064863
5 0.071492 0.621412 0.083609 0.070948
5 0.028181 0.524769 0.056363 0.090163
5 0.116516 0.583894 0.067408 0.058412
5 0.180857 0.570695 0.086714 0.075764
5 0.259234 0.563599 0.074719 0.070948
5 0.324344 0.592415 0.070563 0.047330
5 0.356180 0.632522 0.052984 0.049419
5 0.400766 0.605260 0.051533 0.066770
5 0.449148 0.595035 0.045172 0.074445
5 0.502313 0.580927 0.048377 0.074355
5 0.511220 0.506731 0.072441 0.050963
5 0.577766 0.449151 0.068033 0.054552
5 0.631796 0.401354 0.057342 0.058958
5 0.618422 0.339863 0.058719 0.082850
5 0.486032 0.355423 0.072064 0.070222
5 0.649579 0.257745 0.067908 0.077989
5 0.637548 0.175504 0.059470 0.097883
5 0.594344 0.234602 0.069937 0.078580
5 0.571977 0.303080 0.050205 0.062409
5 0.571156 0.369859 0.070438 0.077217
5 0.512415 0.406891 0.081080 0.051281
5 0.480438 0.469495 0.064002 0.076491
5 0.317796 0.160038 0.057467 0.066952
5 0.378898 0.144518 0.076547 0.060911
5 0.451750 0.133844 0.062875 0.086438
5 0.569361 0.161537 0.060597 0.085573
5 0.519078 0.226581 0.081906 0.075038
5 0.501508 0.287083 0.071766 0.071041
5 0.437415 0.252894 0.081080 0.058912
5 0.425195 0.193859 0.072266 0.059594
5 0.373735 0.231455 0.059970 0.062909
5 0.310757 0.234670 0.055889 0.094341
5 0.266398 0.250618 0.076547 0.066861
5 0.200641 0.279697 0.066906 0.068769
5 0.161469 0.207163 0.085437 0.067452
5 0.146001 0.397034 0.063877 0.078444
5 0.142751 0.479915 0.079252 0.062955
5 0.201330 0.515984 0.083909 0.075717
5 0.274570 0.496984 0.071014 0.075219
5 0.334242 0.527998 0.052859 0.084120
5 0.386531 0.515012 0.069937 0.061275
5 0.451625 0.529488 0.062625 0.049602
5 0.414461 0.453580 0.075797 0.063409
5 0.432867 0.403961 0.068859 0.045422
5 0.415985 0.334856 0.060095 0.097837
5 0.368547 0.291002 0.090219 0.057005
5 0.324790 0.336783 0.065205 0.098566
5 0.263774 0.310538 0.077548 0.052325
5 0.368572 0.397048 0.059019 0.072220
5 0.308734 0.443437 0.089344 0.049373
5 0.243884 0.437795 0.122144 0.078714
5 0.270258 0.368573 0.071766 0.065272
5 0.204547 0.371884 0.059094 0.084394
5 0.078808 0.275036 0.073241 0.103197
5 0.112953 0.333580 0.082156 0.060911