5 0.516016 0.120508 0.035156 0.025391
5 0.492188 0.148242 0.031250 0.037109
5 0.506641 0.170703 0.035156 0.050781
5 0.515039 0.228516 0.048828 0.050781
5 0.549414 0.196875 0.048828 0.062500
5 0.588867 0.230078 0.037109 0.035156
5 0.616016 0.229102 0.035156 0.048828
5 0.585547 0.200977 0.027344 0.033203
5 0.599023 0.165820 0.044922 0.056641
5 0.628711 0.166602 0.029297 0.048828
5 0.612891 0.124805 0.050781 0.037109
5 0.561914 0.074805 0.033203 0.052734
5 0.590625 0.075781 0.046875 0.054688
5 0.591797 0.104492 0.042969 0.037109
5 0.640234 0.373437 0.027344 0.031250
5 0.637695 0.340234 0.041016 0.042969
5 0.622070 0.366602 0.041016 0.048828
5 0.591406 0.384570 0.039062 0.041016
5 0.551367 0.422461 0.052734 0.044922
5 0.497461 0.415625 0.060547 0.046875
5 0.543750 0.378711 0.046875 0.044922
5 0.492773 0.365234 0.060547 0.058594
5 0.476367 0.386719 0.021484 0.023438
5 0.546289 0.338477 0.048828 0.048828
5 0.563086 0.307227 0.044922 0.048828
5 0.594727 0.333789 0.048828 0.064453
5 0.657617 0.513086 0.052734 0.044922
5 0.651367 0.478320 0.021484 0.025391
5 0.623047 0.466406 0.058594 0.054688
5 0.590430 0.446680 0.037109 0.037109
5 0.625391 0.438086 0.035156 0.013672
5 0.612109 0.514062 0.042969 0.046875
5 0.564844 0.548633 0.054688 0.056641
5 0.569727 0.472070 0.048828 0.056641
5 0.533203 0.499805 0.050781 0.037109
5 0.502734 0.497656 0.042969 0.054688
5 0.515625 0.462500 0.031250 0.031250
5 0.533008 0.450195 0.041016 0.056641
5 0.577148 0.941406 0.060547 0.070312
5 0.532227 0.900391 0.064453 0.066406
5 0.500391 0.889062 0.050781 0.062500
5 0.527734 0.838281 0.042969 0.054688
5 0.497070 0.847656 0.025391 0.039062
5 0.515625 0.803125 0.046875 0.046875
5 0.632617 0.887500 0.052734 0.062500
5 0.594727 0.835938 0.048828 0.062500
5 0.645117 0.833008 0.052734 0.056641
5 0.641406 0.798633 0.054688 0.041016
5 0.595117 0.779297 0.052734 0.058594
5 0.556445 0.782617 0.025391 0.037109
5 0.591211 0.710938 0.060547 0.062500
5 0.604492 0.655078 0.052734 0.050781
5 0.615234 0.619531 0.042969 0.039062
5 0.533008 0.655273 0.056641 0.060547
5 0.499414 0.656250 0.017578 0.031250