5 0.562848 0.521930 0.060072 0.053234
5 0.539444 0.492129 0.050763 0.068633
5 0.500707 0.498733 0.057664 0.047466
5 0.467610 0.553952 0.057095 0.054778
5 0.431917 0.520680 0.070084 0.066361
5 0.450717 0.486191 0.042059 0.050508
5 0.483821 0.479652 0.039517 0.037428
5 0.570661 0.722825 0.075697 0.061275
5 0.520962 0.686591 0.057550 0.076308
5 0.497102 0.760465 0.047330 0.049055
5 0.465706 0.698105 0.056412 0.052461
5 0.452905 0.744118 0.058934 0.050736
5 0.414485 0.712418 0.057095 0.068586
5 0.403743 0.775227 0.051236 0.047330
5 0.392220 0.749746 0.053189 0.043242
5 0.416300 0.680270 0.051350 0.026164
5 0.559383 0.695299 0.028141 0.021848
5 0.561963 0.677012 0.036427 0.029023
5 0.470898 0.667855 0.044922 0.038836
5 0.461370 0.840062 0.041491 0.080123
5 0.413744 0.873896 0.052487 0.066542
5 0.435710 0.885488 0.046420 0.064727
5 0.425259 0.944332 0.069269 0.057414
5 0.391030 0.933603 0.060186 0.060956
5 0.384350 0.898642 0.037450 0.031659
5 0.536328 0.850886 0.050781 0.064272
5 0.512117 0.882386 0.071109 0.080397
5 0.567529 0.872470 0.031933 0.019941
5 0.571499 0.899541 0.067998 0.058458
5 0.559521 0.951998 0.069042 0.066497
5 0.453849 0.972034 0.023323 0.031569
5 0.493107 0.961037 0.064339 0.053325
5 0.538420 0.978216 0.033089 0.015806
5 0.914997 0.947102 0.058119 0.062955
5 0.844066 0.959162 0.069383 0.040198
5 0.767724 0.939176 0.057323 0.078352
5 0.682014 0.935293 0.057778 0.070586
5 0.793221 0.890098 0.064567 0.058320
5 0.752759 0.818509 0.068019 0.068269
5 0.923079 0.891761 0.049283 0.049147
5 0.927284 0.830741 0.051444 0.070858
5 0.899063 0.767505 0.063752 0.078761
5 0.843107 0.817465 0.064339 0.066180
5 0.935416 0.705287 0.045831 0.038698
5 0.940981 0.669759 0.041337 0.055142
5 0.898306 0.662868 0.065363 0.050736
5 0.936197 0.618509 0.053644 0.052644
0 0.288981 0.836891 0.052963 0.048783
5 0.582902 0.358190 0.068928 0.057005
5 0.592187 0.316338 0.046875 0.038927
5 0.545043 0.332109 0.055711 0.061092
5 0.542408 0.292392 0.050441 0.047284
5 0.495686 0.356973 0.053872 0.060820
5 0.491748 0.279229 0.055370 0.074083
5 0.466008 0.312259 0.053891 0.068269
5 0.439372 0.364957 0.056869 0.054914
5 0.442610 0.062269 0.041470 0.043287
5 0.420028 0.377816 0.061931 0.052508
5 0.421867 0.317174 0.049984 0.053098
5 0.590640 0.193001 0.071905 0.061002
5 0.567213 0.235352 0.056300 0.048828
5 0.543107 0.258021 0.048714 0.034792
5 0.591105 0.142933 0.041584 0.045241
5 0.617887 0.117060 0.060775 0.052870
5 0.609489 0.063109 0.047103 0.060592
5 0.584422 0.086510 0.046969 0.066770
5 0.546158 0.143682 0.051691 0.046739
5 0.535888 0.172529 0.043652 0.045058
5 0.509773 0.212073 0.047672 0.049147
5 0.439411 0.270240 0.060072 0.043605
5 0.407617 0.256205 0.021484 0.031159
5 0.542195 0.098551 0.043766 0.047102
5 0.559602 0.038013 0.062955 0.057277
5 0.523811 0.063590 0.053872 0.049055
5 0.500015 0.049446 0.056280 0.055142
5 0.437980 0.231395 0.072834 0.053416
5 0.474894 0.199160 0.043537 0.045195
5 0.428630 0.197311 0.019759 0.019622
5 0.487916 0.164730 0.044581 0.054461
5 0.450756 0.174378 0.060888 0.055006
5 0.428573 0.123137 0.050895 0.043150
5 0.454052 0.139027 0.045605 0.021803
5 0.463534 0.093037 0.064567 0.070448