5 0.738156 0.971761 0.070062 0.056022
5 0.795290 0.919243 0.065580 0.082236
5 0.846046 0.883491 0.088967 0.070108
5 0.930977 0.815881 0.080705 0.063012
5 0.908609 0.752232 0.089092 0.079464
5 0.848783 0.806711 0.088191 0.079047
5 0.937367 0.619973 0.068484 0.074322
5 0.898470 0.670504 0.071939 0.072258
5 0.852469 0.710063 0.054937 0.076377
5 0.799164 0.746773 0.063953 0.077920
5 0.767040 0.806404 0.080955 0.062808
5 0.745062 0.871721 0.077625 0.077817
5 0.698205 0.920555 0.083909 0.072359
5 0.642759 0.962992 0.088642 0.072859
5 0.540322 0.936891 0.074394 0.083158
5 0.466251 0.933920 0.079377 0.067839
5 0.384618 0.939584 0.084861 0.069792
5 0.384500 0.871401 0.094000 0.070927
5 0.493329 0.856023 0.067908 0.096420
5 0.555656 0.860960 0.055063 0.075045
5 0.587337 0.909845 0.062173 0.054066
5 0.626845 0.874461 0.072441 0.080172
5 0.673079 0.835329 0.083658 0.067533
5 0.685759 0.769416 0.074644 0.079456
5 0.729822 0.730878 0.075269 0.086756
5 0.785837 0.667853 0.062298 0.079456
5 0.827158 0.628962 0.073066 0.076675
5 0.885516 0.571452 0.067908 0.086655
5 0.929977 0.536523 0.050580 0.091797
5 0.806533 0.552916 0.088066 0.077708
5 0.821907 0.498066 0.056314 0.055506
5 0.849134 0.446782 0.057642 0.084189
5 0.841884 0.351456 0.074394 0.077912
5 0.759602 0.305897 0.081705 0.068044
5 0.678516 0.294205 0.082031 0.057161
5 0.710484 0.352580 0.074094 0.073911
5 0.796079 0.398396 0.067158 0.084292
5 0.763992 0.475041 0.068609 0.071958
5 0.758344 0.601358 0.069812 0.062091
5 0.715274 0.656125 0.077423 0.065375
5 0.652438 0.682799 0.079877 0.071848
5 0.617312 0.747317 0.062750 0.082134
5 0.596860 0.803544 0.074970 0.053963
5 0.530501 0.800223 0.064127 0.059822
5 0.455827 0.789197 0.096030 0.065894
5 0.365783 0.769262 0.087816 0.079148
5 0.298602 0.834650 0.050330 0.059925
5 0.294752 0.775521 0.064503 0.069792
5 0.362773 0.686546 0.059920 0.088717
5 0.301415 0.713012 0.065330 0.063523
5 0.251905 0.683607 0.069436 0.092214
5 0.474937 0.733737 0.078000 0.048725
5 0.549955 0.741648 0.068659 0.064547
5 0.565963 0.691239 0.063175 0.079353
5 0.503423 0.681678 0.075595 0.060231
5 0.435462 0.697112 0.077173 0.050473
5 0.423813 0.639792 0.078877 0.070209
5 0.511391 0.632483 0.097781 0.049341
5 0.602720 0.634887 0.055439 0.047898
5 0.608844 0.586705 0.070813 0.048411
5 0.685227 0.594861 0.079828 0.067847
5 0.706876 0.523377 0.063752 0.087378
5 0.704788 0.437541 0.062702 0.087583
5 0.642703 0.495312 0.066656 0.078125
5 0.597849 0.453008 0.092573 0.081016
5 0.606969 0.356984 0.070187 0.085844
5 0.547992 0.355376 0.052234 0.092002
5 0.566992 0.542764 0.083984 0.069903
5 0.492267 0.570495 0.068909 0.081614
5 0.511461 0.503218 0.076047 0.056436
5 0.484274 0.444034 0.077923 0.066194
5 0.433548 0.477730 0.076472 0.074211
5 0.419984 0.563220 0.074344 0.079566
5 0.355719 0.605344 0.086438 0.057563
5 0.311055 0.646894 0.068986 0.059413
5 0.334517 0.459105 0.069034 0.086961
5 0.380789 0.513374 0.049078 0.064248
5 0.290132 0.584254 0.070889 0.065383
5 0.245182 0.542253 0.087239 0.075131
5 0.267383 0.354604 0.087891 0.074833
5 0.283696 0.501363 0.089267 0.068352
5 0.336613 0.370323 0.110725 0.137520
5 0.387618 0.332287 0.084611 0.070825
5 0.450173 0.371731 0.059720 0.084088
5 0.492800 0.364221 0.079350 0.115942
5 0.631375 0.285928 0.047125 0.071856
5 0.548946 0.267955 0.072892 0.064036
5 0.478521 0.257621 0.072667 0.099617
5 0.401470 0.268211 0.087314 0.064547
5 0.315034 0.225573 0.058192 0.085520
5 0.404577 0.391234 0.034155 0.041842
5 0.233351 0.449293 0.079202 0.067336
5 0.202616 0.316499 0.083358 0.079873
5 0.181080 0.660505 0.068409 0.080386
5 0.205977 0.586184 0.065080 0.072369
5 0.676079 0.222643 0.083408 0.079661
5 0.554540 0.194275 0.065330 0.085425
5 0.540648 0.121330 0.059420 0.073911
5 0.481751 0.103990 0.063502 0.089230
5 0.468845 0.179088 0.056439 0.058177
5 0.377837 0.197364 0.093173 0.066603
5 0.175328 0.432063 0.050656 0.073502
5 0.123673 0.449805 0.059845 0.083984
5 0.147970 0.532534 0.070939 0.049442