5 0.055469 0.739648 0.070312 0.076172
5 0.113281 0.983203 0.054688 0.035156
5 0.199805 0.911133 0.052734 0.056641
5 0.148828 0.909766 0.066406 0.082031
5 0.049414 0.971094 0.080078 0.054688
5 0.079687 0.921484 0.078125 0.074219
5 0.658789 0.984375 0.080078 0.031250
5 0.641992 0.947656 0.083984 0.085938
5 0.565430 0.948242 0.068359 0.083984
5 0.575586 0.894922 0.060547 0.074219
5 0.503906 0.918555 0.054688 0.083984
5 0.438477 0.967578 0.048828 0.066406
5 0.605469 0.838867 0.070312 0.083984
5 0.626367 0.746094 0.083984 0.070312
5 0.558594 0.785156 0.054688 0.054688
5 0.574023 0.697852 0.060547 0.080078
5 0.503711 0.734375 0.060547 0.078125
5 0.445898 0.778711 0.076172 0.060547
5 0.454688 0.818164 0.046875 0.033203
5 0.474414 0.694141 0.064453 0.082031
5 0.623633 0.517383 0.072266 0.056641
5 0.612305 0.538672 0.052734 0.058594
5 0.562500 0.563477 0.062500 0.064453
5 0.491797 0.572070 0.074219 0.072266
5 0.436133 0.578516 0.041016 0.035156
5 0.421875 0.540039 0.031250 0.048828
5 0.451953 0.541016 0.050781 0.050781
5 0.451562 0.507617 0.062500 0.052734
5 0.515430 0.502539 0.068359 0.064453
5 0.571094 0.497852 0.054688 0.048828
5 0.594727 0.464844 0.064453 0.070312
5 0.554688 0.463867 0.031250 0.037109
5 0.499609 0.473438 0.058594 0.062500
5 0.484180 0.458398 0.037109 0.044922
5 0.546289 0.400781 0.048828 0.070312
5 0.600000 0.361914 0.046875 0.064453
5 0.477539 0.397461 0.064453 0.076172
5 0.450586 0.362109 0.044922 0.058594
5 0.457031 0.290039 0.054688 0.064453
5 0.619531 0.329492 0.039062 0.037109
5 0.602930 0.296484 0.068359 0.058594
5 0.562500 0.253516 0.062500 0.082031
5 0.574219 0.199609 0.054688 0.042969
5 0.588281 0.135156 0.070312 0.054688
5 0.601172 0.106055 0.058594 0.052734
5 0.616992 0.042383 0.068359 0.056641
5 0.501367 0.125977 0.052734 0.064453
5 0.472070 0.139258 0.041016 0.056641
5 0.433594 0.183008 0.070312 0.056641
5 0.447070 0.196289 0.056641 0.048828
5 0.452930 0.241211 0.037109 0.044922
5 0.489648 0.236328 0.044922 0.066406