5 0.075000 0.463867 0.046875 0.052734
5 0.121680 0.453906 0.052734 0.054688
5 0.153320 0.434180 0.041016 0.037109
5 0.128320 0.405273 0.056641 0.044922
5 0.148828 0.378320 0.035156 0.025391
5 0.141992 0.355078 0.052734 0.050781
5 0.126953 0.331055 0.050781 0.052734
5 0.052148 0.420898 0.060547 0.044922
5 0.085938 0.374023 0.046875 0.044922
5 0.052344 0.346680 0.054688 0.052734
5 0.089453 0.333008 0.035156 0.041016
5 0.204492 0.452930 0.052734 0.052734
5 0.250586 0.453711 0.044922 0.044922
5 0.249609 0.420508 0.042969 0.025391
5 0.238867 0.398438 0.052734 0.046875
5 0.262305 0.378906 0.052734 0.039062
5 0.199805 0.379492 0.037109 0.037109
5 0.354883 0.505273 0.041016 0.044922
5 0.359766 0.476562 0.035156 0.031250
5 0.338672 0.445898 0.042969 0.044922
5 0.384375 0.451758 0.046875 0.041016
5 0.391016 0.481836 0.035156 0.029297
5 0.420898 0.458594 0.029297 0.023438
5 0.412109 0.441016 0.042969 0.035156
5 0.407813 0.406836 0.046875 0.044922
5 0.370898 0.412500 0.044922 0.046875
5 0.406055 0.381641 0.037109 0.019531
5 0.369727 0.379688 0.033203 0.031250
5 0.378711 0.353125 0.044922 0.046875
5 0.347070 0.365625 0.025391 0.046875
5 0.485742 0.505664 0.037109 0.048828
5 0.494531 0.473047 0.039062 0.042969
5 0.524414 0.486328 0.033203 0.035156
5 0.543359 0.464844 0.058594 0.039062
5 0.533203 0.440820 0.050781 0.041016
5 0.548438 0.418945 0.031250 0.025391
5 0.524805 0.402930 0.037109 0.037109
5 0.492188 0.398047 0.031250 0.042969
5 0.515430 0.389062 0.021484 0.015625
5 0.646094 0.498633 0.039062 0.041016
5 0.671680 0.480469 0.052734 0.039062
5 0.684180 0.467773 0.037109 0.029297
5 0.695312 0.447852 0.015625 0.017578
5 0.679492 0.434570 0.037109 0.041016
5 0.656055 0.444141 0.037109 0.035156
5 0.685937 0.413086 0.015625 0.013672
5 0.665625 0.396094 0.046875 0.039062
5 0.639062 0.415039 0.031250 0.033203
5 0.626563 0.391602 0.031250 0.033203
5 0.648828 0.373828 0.035156 0.035156
5 0.979883 0.428516 0.041016 0.035156
5 0.940039 0.367188 0.033203 0.031250
5 0.911719 0.350391 0.039062 0.050781
5 0.875781 0.460938 0.039062 0.031250
5 0.892969 0.430273 0.023438 0.029297
5 0.870703 0.431055 0.035156 0.037109
5 0.881250 0.391211 0.046875 0.044922
5 0.898242 0.399805 0.037109 0.037109
5 0.848633 0.389453 0.025391 0.035156
5 0.958008 0.410547 0.025391 0.027344