5 0.677344 0.947852 0.070312 0.080078
5 0.740039 0.881641 0.064453 0.082031
5 0.791797 0.841406 0.089844 0.070312
5 0.882227 0.770312 0.080078 0.062500
5 0.863672 0.705664 0.089844 0.080078
5 0.800781 0.765625 0.085938 0.078125
5 0.901367 0.573047 0.068359 0.074219
5 0.857031 0.625781 0.070312 0.070312
5 0.808594 0.667773 0.054688 0.076172
5 0.752539 0.707812 0.064453 0.078125
5 0.718164 0.770312 0.080078 0.062500
5 0.692187 0.835938 0.078125 0.078125
5 0.641016 0.886719 0.082031 0.070312
5 0.583008 0.933984 0.087891 0.074219
5 0.481445 0.912891 0.072266 0.082031
5 0.407813 0.912891 0.078125 0.066406
5 0.324805 0.923242 0.083984 0.068359
5 0.329688 0.853906 0.093750 0.070312
5 0.439453 0.833789 0.066406 0.095703
5 0.502344 0.834961 0.054688 0.076172
5 0.530273 0.882617 0.060547 0.052734
5 0.572656 0.843750 0.070312 0.078125
5 0.620703 0.803516 0.082031 0.066406
5 0.637695 0.735938 0.072266 0.078125
5 0.684570 0.696094 0.072266 0.085938
5 0.745898 0.629687 0.060547 0.078125
5 0.789844 0.588672 0.070312 0.074219
5 0.851953 0.527344 0.066406 0.085938
5 0.897852 0.489648 0.048828 0.091797
5 0.774219 0.513086 0.085938 0.076172
5 0.792969 0.457031 0.054688 0.054688
5 0.823633 0.402930 0.056641 0.083984
5 0.822070 0.308398 0.072266 0.076172
5 0.743164 0.267578 0.080078 0.066406
5 0.662891 0.260547 0.082031 0.058594
5 0.690234 0.316797 0.074219 0.074219
5 0.773828 0.359180 0.066406 0.083984
5 0.735742 0.436133 0.068359 0.072266
5 0.722656 0.564063 0.070312 0.062500
5 0.675586 0.619727 0.076172 0.064453
5 0.610938 0.650781 0.078125 0.070312
5 0.571875 0.717578 0.062500 0.082031
5 0.546484 0.774805 0.074219 0.052734
5 0.481250 0.776172 0.062500 0.058594
5 0.408203 0.767578 0.097656 0.066406
5 0.317969 0.751563 0.085938 0.078125
5 0.247852 0.823047 0.048828 0.058594
5 0.246875 0.762305 0.062500 0.068359
5 0.319336 0.669922 0.060547 0.089844
5 0.257227 0.700000 0.064453 0.062500
5 0.208594 0.673438 0.070312 0.093750
5 0.429688 0.711914 0.078125 0.048828
5 0.503516 0.715625 0.066406 0.062500
5 0.524023 0.664062 0.060547 0.078125
5 0.460547 0.658984 0.074219 0.058594
5 0.391211 0.675391 0.076172 0.050781
5 0.384375 0.619531 0.078125 0.070312
5 0.472266 0.607227 0.097656 0.048828
5 0.564844 0.606250 0.054688 0.046875
5 0.572656 0.556250 0.070312 0.046875
5 0.649414 0.562305 0.080078 0.068359
5 0.676562 0.487695 0.062500 0.087891
5 0.679102 0.401758 0.064453 0.087891
5 0.612891 0.462500 0.066406 0.078125
5 0.571289 0.423242 0.095703 0.083984
5 0.584570 0.326758 0.072266 0.087891
5 0.527930 0.327148 0.052734 0.091797
5 0.534180 0.516406 0.083984 0.070312
5 0.456641 0.546289 0.066406 0.080078
5 0.481836 0.478320 0.076172 0.056641
5 0.458398 0.421289 0.076172 0.064453
5 0.404297 0.456445 0.074219 0.072266
5 0.385547 0.544727 0.074219 0.080078
5 0.317969 0.589258 0.085938 0.056641
5 0.270117 0.632422 0.068359 0.058594
5 0.306641 0.442969 0.066406 0.085938
5 0.349414 0.494727 0.048828 0.064453
5 0.253320 0.570703 0.072266 0.066406
5 0.210742 0.529883 0.083984 0.072266
5 0.245508 0.341797 0.087891 0.074219
5 0.253320 0.487891 0.087891 0.066406
5 0.315234 0.353906 0.105469 0.132812
5 0.368555 0.313281 0.083984 0.070312
5 0.427734 0.348242 0.058594 0.083984
5 0.473047 0.339453 0.074219 0.113281
5 0.615625 0.253320 0.046875 0.072266
5 0.534570 0.240625 0.072266 0.062500
5 0.461523 0.235156 0.076172 0.101562
5 0.385156 0.248438 0.085938 0.062500
5 0.302344 0.210742 0.054688 0.083984
5 0.381641 0.371484 0.035156 0.042969
5 0.205664 0.438867 0.080078 0.068359
5 0.182617 0.307227 0.083984 0.080078
5 0.139453 0.654102 0.066406 0.080078
5 0.169727 0.576758 0.064453 0.072266
5 0.664453 0.187500 0.082031 0.078125
5 0.544727 0.166406 0.064453 0.085938
5 0.534961 0.093359 0.060547 0.074219
5 0.476562 0.080859 0.062500 0.089844
5 0.458594 0.154883 0.054688 0.056641
5 0.366211 0.179102 0.091797 0.064453
5 0.148828 0.424609 0.050781 0.074219
5 0.096484 0.445117 0.058594 0.083984
5 0.113281 0.525977 0.070312 0.048828