5 0.505859 0.695898 0.058594 0.060547
5 0.397266 0.716602 0.050781 0.048828
5 0.473438 0.658789 0.046875 0.064453
5 0.455078 0.598633 0.050781 0.056641
5 0.421289 0.605273 0.033203 0.044922
5 0.384180 0.564063 0.052734 0.046875
5 0.428516 0.558203 0.050781 0.050781
5 0.405859 0.517383 0.042969 0.056641
5 0.442773 0.510156 0.044922 0.054688
5 0.472266 0.531641 0.050781 0.050781
5 0.494141 0.507227 0.050781 0.064453
5 0.504883 0.575977 0.056641 0.048828
5 0.533203 0.574609 0.035156 0.042969
5 0.520312 0.324805 0.046875 0.037109
5 0.496094 0.274219 0.039062 0.054688
5 0.411133 0.286719 0.056641 0.054688
0 0.485938 0.351953 0.046875 0.050781
0 0.439453 0.353125 0.035156 0.031250
5 0.519336 0.357227 0.029297 0.033203
5 0.524805 0.142578 0.052734 0.050781
5 0.471289 0.077148 0.048828 0.060547
5 0.515625 0.112305 0.046875 0.021484
5 0.497656 0.085742 0.023438 0.037109
5 0.490820 0.172461 0.041016 0.060547
5 0.436914 0.161523 0.048828 0.060547
5 0.403906 0.133203 0.054688 0.050781
5 0.416016 0.091211 0.050781 0.044922
5 0.433398 0.188477 0.044922 0.033203
5 0.487695 0.898438 0.041016 0.062500
5 0.465820 0.799414 0.009766 0.048828
5 0.433008 0.789062 0.025391 0.046875
5 0.385352 0.936133 0.064453 0.056641
5 0.416797 0.894141 0.042969 0.050781
5 0.388086 0.857227 0.060547 0.048828
5 0.425195 0.840820 0.056641 0.056641
5 0.420312 0.813281 0.046875 0.023438
5 0.491016 0.866992 0.050781 0.052734