5 0.774902 0.943014 0.087303 0.070403
5 0.844834 0.815195 0.077169 0.089764
5 0.866377 0.732227 0.098380 0.080078
5 0.759461 0.795041 0.103297 0.074458
5 0.746503 0.875614 0.086756 0.076228
5 0.646641 0.878937 0.090158 0.064123
5 0.689520 0.814934 0.079041 0.086119
5 0.557265 0.853193 0.073905 0.093886
5 0.481053 0.815371 0.080856 0.074492
5 0.377607 0.830256 0.080214 0.060513
5 0.297441 0.800648 0.076131 0.091922
5 0.238154 0.733634 0.107558 0.070392
5 0.360410 0.767015 0.058320 0.084030
5 0.417667 0.723163 0.066584 0.083825
5 0.481464 0.737172 0.069178 0.089969
5 0.541141 0.730715 0.057283 0.080180
5 0.610966 0.811057 0.081308 0.062739
5 0.607812 0.753544 0.078125 0.066463
5 0.787323 0.716987 0.065272 0.083973
5 0.718221 0.715871 0.070817 0.087992
5 0.656366 0.714751 0.062733 0.076377
5 0.589101 0.678411 0.087577 0.072447
5 0.671162 0.646139 0.101698 0.070403
5 0.770860 0.645262 0.097970 0.078023
5 0.888378 0.583829 0.073631 0.095783
5 0.846338 0.492371 0.067677 0.087867
5 0.802655 0.413539 0.095936 0.080203
5 0.770370 0.467669 0.084489 0.082212
5 0.798808 0.546943 0.081991 0.078261
5 0.733721 0.588488 0.079942 0.080102
5 0.713964 0.507645 0.071678 0.084041
5 0.652705 0.582209 0.086661 0.064419
5 0.652909 0.504119 0.052694 0.080113
5 0.600057 0.518450 0.068864 0.074400
5 0.573163 0.577964 0.074452 0.084053
5 0.894387 0.324266 0.098148 0.095408
5 0.916778 0.399915 0.077306 0.093580
5 0.924463 0.500977 0.098927 0.080078
5 0.290106 0.679014 0.077088 0.086153
5 0.188008 0.660966 0.101016 0.062556
5 0.237451 0.603716 0.074902 0.091808
5 0.320557 0.607026 0.075489 0.085927
5 0.357225 0.684805 0.061325 0.082111
5 0.400018 0.650804 0.056286 0.085983
5 0.475427 0.663486 0.103980 0.086347
5 0.511366 0.609816 0.075858 0.082133
5 0.500526 0.519789 0.079177 0.095828
5 0.452998 0.569480 0.052870 0.085836
5 0.593280 0.446397 0.095936 0.080294
5 0.667432 0.428303 0.059864 0.072231
5 0.741592 0.379905 0.073809 0.056686
5 0.808884 0.327480 0.080269 0.086211
5 0.734627 0.303210 0.078630 0.093920
5 0.673417 0.340285 0.078084 0.089945
5 0.598817 0.371966 0.088259 0.078306
5 0.547089 0.303606 0.100428 0.066587
5 0.478017 0.343996 0.096659 0.072367
5 0.515107 0.410352 0.080214 0.080078
5 0.445243 0.426871 0.074861 0.088117
5 0.407566 0.482369 0.077633 0.095988
5 0.390665 0.569112 0.075080 0.081975
5 0.167159 0.591511 0.074942 0.095522
5 0.113829 0.565820 0.058908 0.072266
5 0.198945 0.519376 0.066639 0.076252
5 0.285380 0.536230 0.083261 0.072459
5 0.340341 0.483588 0.068181 0.101552
5 0.232743 0.456638 0.106111 0.088277
5 0.139727 0.454498 0.082578 0.099620
5 0.304014 0.409576 0.083028 0.087902
5 0.279551 0.337012 0.077852 0.152150
5 0.384893 0.353895 0.091661 0.085914
5 0.354795 0.287052 0.075216 0.074105
5 0.456142 0.282026 0.081034 0.054677
5 0.905216 0.222226 0.054183 0.081952
5 0.831573 0.197523 0.097520 0.076297
5 0.781013 0.242766 0.099527 0.098031
5 0.709930 0.201257 0.069861 0.058764
5 0.663788 0.245766 0.074452 0.097781
5 0.592901 0.228504 0.070177 0.097633
5 0.521162 0.228091 0.070448 0.093681
5 0.411719 0.226568 0.085938 0.078136
5 0.334052 0.205727 0.071228 0.095828
5 0.176367 0.278510 0.083984 0.082020
5 0.190733 0.374638 0.122091 0.074275
5 0.262070 0.152992 0.077264 0.052859
5 0.327216 0.125218 0.076308 0.056686
5 0.407851 0.128694 0.071952 0.107387
5 0.479365 0.101965 0.089980 0.066430
5 0.484638 0.172053 0.056777 0.072231
5 0.546737 0.155945 0.059098 0.074389
5 0.611641 0.141205 0.079531 0.076161
5 0.685245 0.148794 0.070491 0.066338
5 0.794755 0.125045 0.067636 0.078216
5 0.596348 0.064994 0.073945 0.064363