5 0.357341 0.806162 0.080306 0.068575
5 0.406633 0.756698 0.069516 0.082145
5 0.477952 0.726718 0.027780 0.056561
5 0.448428 0.723007 0.031231 0.058514
5 0.416268 0.588355 0.076286 0.054836
5 0.549617 0.564057 0.071109 0.062489
5 0.466325 0.539906 0.060775 0.070438
5 0.547990 0.447886 0.042855 0.048897
5 0.498388 0.402809 0.059277 0.058742
5 0.512166 0.359655 0.058708 0.072436
5 0.559073 0.166809 0.065022 0.058617
5 0.527554 0.129855 0.058233 0.072209
5 0.473949 0.120307 0.063523 0.062489
5 0.489606 0.168192 0.054212 0.064509
5 0.435205 0.168014 0.057911 0.054778
5 0.406984 0.173109 0.038969 0.058719