5 0.550666 0.933800 0.076331 0.067600
5 0.584487 0.818164 0.065848 0.064453
5 0.567339 0.771770 0.065928 0.071666
5 0.516927 0.860308 0.077605 0.073741
5 0.465285 0.804095 0.046195 0.036314
5 0.405943 0.816258 0.065011 0.088766
5 0.354572 0.880009 0.084144 0.069394
5 0.348047 0.837793 0.074219 0.041211
5 0.336690 0.757701 0.073380 0.059152
5 0.773018 0.463943 0.077286 0.077886
5 0.707773 0.491844 0.062420 0.071188
5 0.665752 0.476722 0.044003 0.047194
5 0.776834 0.528686 0.081792 0.054247
5 0.788093 0.568215 0.057436 0.052055
5 0.737041 0.565354 0.061581 0.058833
5 0.579141 0.547627 0.064533 0.073380
5 0.502821 0.487034 0.071267 0.064692
5 0.533916 0.519842 0.061581 0.058434
5 0.472692 0.529695 0.064134 0.059389
5 0.485786 0.583163 0.043447 0.050702
5 0.473329 0.646517 0.049783 0.046159
5 0.414185 0.572385 0.053370 0.066645
5 0.298879 0.751280 0.054008 0.055686
5 0.331876 0.711108 0.045002 0.034716
5 0.332151 0.671340 0.070552 0.067680
5 0.359368 0.648014 0.034361 0.039778
5 0.396926 0.640195 0.050102 0.058514
5 0.555385 0.601964 0.032645 0.038303
5 0.348723 0.581170 0.075572 0.062341
5 0.350633 0.544520 0.057516 0.035916
5 0.384965 0.503089 0.051180 0.053053
5 0.351841 0.487232 0.063058 0.065089
5 0.407888 0.470945 0.056402 0.057516
5 0.475322 0.444021 0.053769 0.066167
5 0.495595 0.381836 0.069314 0.060547
5 0.514298 0.350358 0.056720 0.047591
5 0.457780 0.328169 0.074934 0.084462
5 0.428595 0.402116 0.066566 0.057356
5 0.324649 0.400127 0.074298 0.059628
5 0.360474 0.370902 0.070948 0.051180
5 0.329803 0.338122 0.040856 0.054369
5 0.372106 0.326964 0.050463 0.053928
5 0.389757 0.312312 0.057639 0.080873
5 0.608355 0.429648 0.054209 0.062420
5 0.694105 0.430234 0.056959 0.060467
5 0.848441 0.432302 0.068758 0.073980
5 0.907111 0.391457 0.086097 0.057914
5 0.853873 0.367817 0.051497 0.051259
5 0.892039 0.331441 0.065328 0.066008
5 0.862981 0.293240 0.069712 0.073980
5 0.832046 0.258510 0.064092 0.079520
5 0.772266 0.291222 0.066406 0.063694
5 0.760822 0.331022 0.021644 0.033919
5 0.722729 0.324498 0.057958 0.055245
5 0.669846 0.338842 0.080317 0.062059
5 0.984892 0.232462 0.016659 0.043048
5 0.962591 0.185670 0.065806 0.065089
5 0.985254 0.129102 0.023633 0.064453
5 0.949740 0.136556 0.061980 0.063738
5 0.971329 0.093284 0.048908 0.033442
5 0.926758 0.100239 0.056641 0.031728
5 0.905205 0.135981 0.047909 0.068837
5 0.867505 0.172497 0.063136 0.054369
5 0.839735 0.167068 0.041970 0.046636
5 0.515636 0.173162 0.081272 0.068200
5 0.465166 0.127308 0.061581 0.092116
5 0.441999 0.195942 0.049623 0.051259
5 0.341247 0.206803 0.054369 0.057356
5 0.318938 0.209976 0.059752 0.054327
5 0.350705 0.146919 0.060786 0.084462
5 0.407263 0.135673 0.058275 0.071347
5 0.392734 0.175984 0.060467 0.061342
5 0.399689 0.035713 0.043128 0.040177