5 0.298879 0.852352 0.100883 0.082828
5 0.340609 0.792502 0.096842 0.088130
5 0.427084 0.824705 0.079169 0.068159
5 0.600310 0.818583 0.088120 0.096541
5 0.676482 0.794232 0.084214 0.085339
5 0.750430 0.721695 0.063361 0.093391
5 0.832045 0.630349 0.079714 0.116948
5 0.888768 0.544567 0.093161 0.064134
5 0.923978 0.396384 0.107331 0.089644
5 0.854075 0.301064 0.076900 0.092753
5 0.789250 0.245595 0.097250 0.084941
5 0.701439 0.217459 0.087253 0.066167
5 0.678323 0.166438 0.059770 0.104752
5 0.622089 0.168136 0.069178 0.130022
5 0.551262 0.176419 0.074400 0.102837
5 0.749152 0.366920 0.070178 0.096341
5 0.816789 0.358845 0.067953 0.058314
5 0.833072 0.453487 0.084894 0.100725
5 0.785761 0.535172 0.080897 0.095344
5 0.732345 0.640346 0.099064 0.093192
5 0.678617 0.719391 0.088484 0.085658
5 0.600182 0.731888 0.078489 0.063775
5 0.520684 0.778273 0.085119 0.090920
5 0.438182 0.753313 0.095114 0.091000
5 0.364316 0.710065 0.066133 0.082630
5 0.289707 0.704105 0.085664 0.070711
5 0.252135 0.659116 0.082395 0.061981
5 0.308321 0.600112 0.101017 0.081473
5 0.402943 0.608777 0.093386 0.076930
5 0.456699 0.655377 0.075898 0.098255
5 0.543795 0.689122 0.109466 0.078244
5 0.641960 0.658458 0.093295 0.060666
5 0.676303 0.591980 0.071356 0.080836
5 0.544740 0.615960 0.105105 0.072545
5 0.610812 0.565342 0.084123 0.086934
5 0.677504 0.502575 0.070633 0.089525
5 0.746993 0.461245 0.081486 0.091239
5 0.691184 0.409187 0.057369 0.112125
5 0.676562 0.344759 0.078125 0.067642
5 0.626718 0.397895 0.059686 0.086416
5 0.617832 0.486416 0.054414 0.079081
5 0.556815 0.433498 0.107380 0.091997
5 0.535983 0.523366 0.078216 0.106106
5 0.449459 0.548780 0.080169 0.069436
5 0.464870 0.478316 0.089116 0.081633
5 0.397570 0.511523 0.057641 0.076172
5 0.316224 0.515896 0.101198 0.097417
5 0.198751 0.552412 0.075627 0.082948
5 0.204262 0.441434 0.096023 0.098494
5 0.357291 0.418981 0.077081 0.112963
5 0.439876 0.405425 0.092252 0.079600
5 0.508562 0.326399 0.095248 0.102798
5 0.588437 0.326403 0.067498 0.062181
5 0.560344 0.266897 0.089438 0.058794
5 0.477357 0.258315 0.079714 0.085380
5 0.402044 0.332490 0.097837 0.086855
5 0.399759 0.260810 0.083894 0.065370
5 0.502030 0.113190 0.072811 0.067005
5 0.435057 0.126267 0.063864 0.083784
5 0.445350 0.172867 0.087575 0.058234
5 0.379498 0.170472 0.055870 0.078444
5 0.327167 0.077359 0.073084 0.079719
5 0.274205 0.169981 0.092161 0.074338
5 0.194740 0.223106 0.105105 0.074338
5 0.320155 0.231438 0.093434 0.091000
5 0.316430 0.313477 0.054736 0.080078
5 0.280734 0.378516 0.080217 0.097656
5 0.249369 0.282286 0.079988 0.095822
5 0.202400 0.346416 0.076675 0.108458
5 0.141556 0.316270 0.064363 0.091916
5 0.132780 0.400618 0.087436 0.079361
5 0.179652 0.479520 0.131180 0.080916