5 0.513637 0.672961 0.058525 0.061547
5 0.405101 0.697988 0.050827 0.049102
5 0.479801 0.637096 0.047102 0.064817
5 0.461385 0.577030 0.050895 0.057186
5 0.427664 0.585280 0.033453 0.045559
5 0.390555 0.546966 0.052984 0.047056
5 0.434800 0.538255 0.050850 0.051509
5 0.412257 0.498588 0.043264 0.056550
5 0.447484 0.488418 0.044967 0.054961
5 0.478584 0.508703 0.050917 0.051781
5 0.500436 0.483926 0.050872 0.064727
5 0.511246 0.550977 0.056867 0.048828
5 0.539623 0.549564 0.035497 0.042878
5 0.523528 0.301595 0.047056 0.037564
5 0.499309 0.250645 0.039244 0.054414
5 0.414462 0.267741 0.057050 0.054233
0 0.490795 0.328334 0.047216 0.050417
0 0.444231 0.332813 0.035338 0.031250
5 0.522552 0.332136 0.029478 0.033022
5 0.526515 0.117533 0.053030 0.050691
5 0.472886 0.055683 0.048897 0.061366
5 0.517222 0.089322 0.046944 0.022394
5 0.499116 0.062532 0.023233 0.037564
5 0.492576 0.150449 0.041402 0.060273
5 0.438442 0.139830 0.048759 0.060911
5 0.405469 0.113300 0.054688 0.051600
5 0.417703 0.070671 0.051031 0.044467
5 0.435074 0.169454 0.045148 0.032658
5 0.497150 0.875319 0.041175 0.063137
5 0.475400 0.777584 0.010175 0.048919
5 0.442496 0.768705 0.025617 0.046784
5 0.396357 0.919218 0.064589 0.057186
5 0.426320 0.875573 0.043264 0.051145
5 0.397586 0.838613 0.060797 0.049102
5 0.434718 0.820417 0.056936 0.056459
5 0.429722 0.793605 0.046944 0.024711
5 0.500345 0.844419 0.050691 0.054463