5 0.529492 0.240588 0.052734 0.062425
5 0.469821 0.219852 0.055267 0.064703
5 0.418972 0.247476 0.078569 0.063702
5 0.579925 0.700220 0.066100 0.072316
5 0.547231 0.639110 0.035088 0.028220
5 0.536371 0.677922 0.041492 0.058969
5 0.468684 0.681991 0.074867 0.082733
5 0.549023 0.514962 0.044922 0.045548
5 0.595933 0.489273 0.060616 0.028545
5 0.609655 0.450290 0.088061 0.066205
5 0.610122 0.408774 0.038994 0.030048
5 0.558916 0.409860 0.074083 0.075970
5 0.521331 0.385532 0.073913 0.071064
5 0.496655 0.437577 0.058934 0.065780
5 0.445712 0.400977 0.072675 0.080078
5 0.473327 0.519719 0.052905 0.055063
5 0.427309 0.514791 0.070244 0.051456
5 0.407880 0.473141 0.093886 0.068158