5 0.121387 0.442692 0.186523 0.138509
5 0.049479 0.664241 0.098958 0.184733
5 0.045084 0.322168 0.090169 0.178711
5 0.415527 0.545069 0.127930 0.124512
5 0.417936 0.641195 0.123372 0.126139
5 0.516341 0.595069 0.098308 0.124512
5 0.443522 0.390934 0.105794 0.128744
5 0.540202 0.431690 0.127278 0.119630
5 0.625065 0.559327 0.143880 0.134278
5 0.661393 0.715120 0.116536 0.142741
5 0.747623 0.525700 0.123372 0.132650
5 0.847787 0.570427 0.154948 0.118978
5 0.814779 0.704411 0.129558 0.115072
5 0.711556 0.755745 0.101238 0.127116