5 0.921462 0.268513 0.136673 0.171402
5 0.921462 0.268513 0.136673 0.171402
5 0.806102 0.369551 0.155953 0.160977
5 0.806102 0.369551 0.155953 0.160977
5 0.532645 0.391372 0.115291 0.117119
5 0.532645 0.391372 0.115291 0.117119
5 0.598205 0.403689 0.112036 0.101128
5 0.580114 0.548817 0.125853 0.116384
5 0.445980 0.522982 0.120086 0.114714
5 0.498089 0.606573 0.086803 0.113145
5 0.498089 0.606573 0.086803 0.113145
5 0.390731 0.595008 0.109587 0.102516
5 0.291777 0.558402 0.089803 0.076178
5 0.291777 0.558402 0.089803 0.076178
5 0.301659 0.469255 0.093942 0.107261
5 0.912079 0.476354 0.133533 0.152708
5 0.941411 0.575554 0.060947 0.051108
5 0.078058 0.077563 0.115491 0.139500