5 0.082227 0.489502 0.142578 0.119630
5 0.082227 0.489502 0.142578 0.119630
5 0.145963 0.420134 0.141927 0.143392
5 0.145963 0.420134 0.141927 0.143392
5 0.391406 0.594710 0.148438 0.114420
5 0.391406 0.594710 0.148438 0.114420
5 0.457780 0.498909 0.131184 0.113444
5 0.457780 0.498909 0.131184 0.113444
5 0.530338 0.409327 0.110677 0.134278
5 0.639258 0.462061 0.134766 0.114747
5 0.639258 0.462061 0.134766 0.114747
5 0.957943 0.694352 0.084636 0.104330
5 0.957943 0.694352 0.084636 0.104330
5 0.897623 0.561898 0.123372 0.130045
5 0.954948 0.533317 0.091145 0.107259
5 0.954948 0.533317 0.091145 0.107259
5 0.526270 0.668995 0.118164 0.141114