5 0.375391 0.432580 0.141406 0.108911
5 0.220187 0.460397 0.168498 0.123919
5 0.278055 0.372746 0.181111 0.148617
5 0.535114 0.479220 0.163978 0.130316
5 0.585202 0.586246 0.142278 0.147492
5 0.497491 0.326027 0.144983 0.192680
5 0.368811 0.263315 0.118872 0.157880
5 0.260283 0.261256 0.108066 0.097513
5 0.704263 0.100198 0.155402 0.144147
5 0.841802 0.132970 0.152353 0.147191
5 0.824753 0.248359 0.133881 0.115467
5 0.704098 0.228734 0.114445 0.107469
5 0.945273 0.183273 0.099920 0.129045
5 0.950248 0.080867 0.100495 0.086734
5 0.623343 0.110887 0.068561 0.121775