5 0.171777 0.935303 0.127930 0.120606
5 0.062858 0.883610 0.119466 0.129720
5 0.494531 0.549561 0.132812 0.114747
5 0.605241 0.607080 0.113606 0.139161
5 0.553027 0.649137 0.096680 0.117025
5 0.430762 0.555323 0.061523 0.098145
5 0.475000 0.469580 0.109375 0.076661
5 0.829688 0.362452 0.125000 0.134278
5 0.952702 0.404671 0.096028 0.065592
5 0.943490 0.346729 0.111980 0.090333
5 0.792838 0.246143 0.110677 0.123536
5 0.710514 0.211752 0.127278 0.111003
5 0.796517 0.124854 0.099284 0.121583
5 0.877148 0.146517 0.123047 0.146159