5 0.015627 0.439103 0.031255 0.093831
5 0.027391 0.535363 0.054783 0.098852
5 0.367208 0.561123 0.115666 0.097247
5 0.375441 0.461216 0.104008 0.091181
5 0.427212 0.383477 0.095048 0.113828
5 0.527009 0.421350 0.116517 0.095825
5 0.507297 0.508309 0.120844 0.107244
5 0.460552 0.606977 0.102355 0.113955
5 0.425904 0.512830 0.064308 0.063161
5 0.490169 0.386666 0.033462 0.026458
5 0.788504 0.474620 0.077008 0.071114
5 0.856950 0.407625 0.095150 0.071500
5 0.869295 0.444672 0.101091 0.083094
5 0.877208 0.516302 0.110666 0.098230
5 0.822460 0.586216 0.116795 0.091183
5 0.869917 0.658875 0.108584 0.102125
5 0.937065 0.594996 0.089755 0.105617
5 0.948841 0.491377 0.075806 0.104630