5 0.924249 0.367182 0.104748 0.096864
5 0.938430 0.421915 0.076859 0.090705
5 0.817837 0.431720 0.104425 0.097816
5 0.864380 0.458462 0.100636 0.091923
5 0.918388 0.531689 0.099275 0.100878
5 0.885711 0.605145 0.115172 0.113416
5 0.791795 0.596075 0.077341 0.092150
5 0.421873 0.648528 0.112497 0.103306
5 0.466762 0.570133 0.121023 0.118391
5 0.495810 0.452492 0.113495 0.117484
5 0.445167 0.366318 0.090334 0.076386
5 0.415713 0.406536 0.109552 0.094322
5 0.333253 0.438922 0.060256 0.071594
5 0.384455 0.484384 0.122036 0.109392
5 0.348101 0.567393 0.127452 0.097286
5 0.044606 0.399748 0.089213 0.115120
5 0.017618 0.496204 0.035236 0.114283