3 0.511770 0.508630 0.104791 0.079759
2 0.429094 0.799530 0.114437 0.120934
4 0.296380 0.835131 0.145886 0.157762
4 0.303316 0.750250 0.050383 0.050500
5 0.267861 0.712580 0.104472 0.078284
5 0.272947 0.595714 0.089644 0.116428
5 0.354225 0.555588 0.117825 0.117427
5 0.277994 0.473159 0.105987 0.108817
2 0.297023 0.645399 0.106545 0.090798
2 0.452950 0.640614 0.099650 0.106228
0 0.498764 0.595197 0.122528 0.115394
5 0.594806 0.124765 0.111488 0.099530
3 0.506669 0.254282 0.094588 0.049189
3 0.523784 0.188285 0.138194 0.139070