5 0.047348 0.623905 0.094695 0.132186
5 0.048698 0.497344 0.097395 0.129062
5 0.042536 0.395813 0.028822 0.076000
5 0.103256 0.383763 0.150263 0.105025
5 0.114424 0.474148 0.147598 0.135795
5 0.138132 0.609602 0.145014 0.141080
5 0.193132 0.674758 0.123764 0.155766
5 0.235031 0.366487 0.123188 0.132973
5 0.398523 0.365397 0.140797 0.137044
5 0.502516 0.317858 0.126906 0.148216
5 0.606847 0.315577 0.094944 0.109278
5 0.457000 0.451182 0.135875 0.124239
5 0.591508 0.421454 0.133016 0.124158
5 0.395838 0.548955 0.163550 0.122911
5 0.443395 0.622905 0.127416 0.127059
5 0.542793 0.638616 0.107461 0.145981
5 0.775080 0.483570 0.137659 0.107764
5 0.750614 0.406369 0.129353 0.065863
5 0.853002 0.323714 0.102880 0.116178