5 0.125573 0.453327 0.163647 0.147278
5 0.051915 0.404070 0.103830 0.126891
5 0.027166 0.518829 0.054333 0.143908
5 0.045386 0.731719 0.090772 0.141562
5 0.489848 0.483023 0.135947 0.131670
5 0.532062 0.609564 0.136000 0.128503
5 0.737418 0.626276 0.127961 0.115052
5 0.787427 0.538166 0.121730 0.110708
5 0.724002 0.458014 0.126128 0.103528
5 0.778255 0.414220 0.103386 0.109691
5 0.411690 0.520844 0.076505 0.029187
5 0.424309 0.593901 0.117369 0.044052
5 0.954307 0.470723 0.067989 0.094572
5 0.451221 0.444244 0.074317 0.075987