5 0.658336 0.923148 0.126047 0.127547
5 0.781491 0.869720 0.122358 0.117564
5 0.886262 0.926597 0.116273 0.096944
5 0.836105 0.832757 0.097209 0.118639
5 0.643591 0.728996 0.074683 0.092367
5 0.488834 0.562058 0.112042 0.105366
5 0.481585 0.483457 0.075670 0.066914
5 0.398363 0.527430 0.109225 0.101734
5 0.376505 0.282108 0.099884 0.107966
5 0.446868 0.273563 0.084361 0.109627
5 0.234224 0.332677 0.090323 0.096603
5 0.446334 0.658773 0.098917 0.114422
5 0.773334 0.978929 0.090417 0.042233
5 0.553934 0.501325 0.076619 0.087025
5 0.525277 0.457165 0.075555 0.048705
5 0.570919 0.544995 0.057463 0.071241