5 0.540147 0.505678 0.117794 0.114481
5 0.665524 0.422304 0.162298 0.103983
5 0.580597 0.349245 0.145569 0.167239
5 0.609801 0.477548 0.116477 0.083222
5 0.497709 0.275065 0.117294 0.122005
5 0.429548 0.345127 0.155970 0.171503
5 0.535943 0.535558 0.143761 0.117991
5 0.396696 0.551587 0.152767 0.171923
5 0.343334 0.446075 0.142919 0.126525
5 0.358274 0.323362 0.082173 0.137350
5 0.315480 0.587899 0.102836 0.128923
5 0.233385 0.641904 0.098020 0.108808
5 0.217150 0.531913 0.096800 0.113825
5 0.103186 0.574016 0.140747 0.116783