3 0.402148 0.713672 0.107422 0.136719
3 0.488281 0.814063 0.132812 0.140625
3 0.676758 0.848242 0.072266 0.037109
2 0.485938 0.686523 0.140625 0.138672
2 0.605859 0.660547 0.121094 0.136719
2 0.718359 0.704883 0.136719 0.119141
2 0.711328 0.613867 0.050781 0.083984
3 0.654883 0.776172 0.150391 0.136719
5 0.651758 0.618164 0.103516 0.111328
4 0.588477 0.855273 0.111328 0.138672
4 0.517969 0.530273 0.117188 0.154297
4 0.492969 0.604297 0.117188 0.089844
3 0.583984 0.434375 0.152344 0.140625
4 0.428516 0.462695 0.128906 0.103516
4 0.453906 0.366797 0.148438 0.136719
5 0.701953 0.019531 0.113281 0.039062
5 0.658984 0.083594 0.105469 0.117188
5 0.447266 0.044922 0.144531 0.089844
5 0.462305 0.090430 0.068359 0.052734
0 0.556250 0.094531 0.125000 0.164062