5 0.214584 0.526970 0.088542 0.125814
5 0.177246 0.419222 0.104492 0.097819
5 0.177246 0.419222 0.104492 0.097819
5 0.295866 0.436019 0.113606 0.093912
5 0.287467 0.337061 0.099934 0.114747
5 0.287467 0.344205 0.099934 0.100911
5 0.413509 0.333773 0.089519 0.098795
5 0.489584 0.326155 0.088542 0.108561
5 0.453873 0.408056 0.076497 0.078613
5 0.560709 0.309603 0.074544 0.097331
5 0.616830 0.331495 0.052409 0.062989
5 0.605045 0.376839 0.056966 0.072428
5 0.604557 0.378402 0.055989 0.072428
5 0.550912 0.405062 0.108073 0.100748
5 0.490625 0.487061 0.093750 0.099122
5 0.615527 0.463721 0.112305 0.096192
5 0.642611 0.413086 0.060222 0.060547
5 0.557194 0.524659 0.086262 0.096192
5 0.478092 0.554248 0.068684 0.067872
5 0.536426 0.575081 0.063477 0.078287