5 0.065699 0.770134 0.122023 0.112142
5 0.164541 0.692920 0.110333 0.095216
5 0.069359 0.674073 0.104342 0.113770
5 0.072226 0.563655 0.103827 0.108561
5 0.139970 0.542855 0.089314 0.091959
5 0.046935 0.511247 0.084495 0.081869
5 0.018679 0.585823 0.031108 0.084147
5 0.084953 0.492887 0.032406 0.038900
5 0.411937 0.476123 0.080123 0.083497
5 0.448869 0.591390 0.038363 0.057780
5 0.488553 0.610856 0.067731 0.077963
5 0.556627 0.580876 0.097628 0.102377
5 0.472557 0.528434 0.098239 0.097494
5 0.461418 0.439534 0.100961 0.082194
5 0.493106 0.386377 0.083088 0.088380
5 0.550275 0.452588 0.078675 0.070802
5 0.714190 0.500195 0.087755 0.072266
5 0.783184 0.496891 0.081994 0.075033
5 0.764598 0.422282 0.104197 0.094564
5 0.705755 0.397608 0.080261 0.079591
5 0.759418 0.347770 0.078211 0.064291
5 0.896515 0.334913 0.083655 0.085450
5 0.939188 0.278580 0.081500 0.085286
5 0.962951 0.372559 0.072777 0.088867