5 0.283756 0.702198 0.117512 0.113770
5 0.219564 0.800960 0.111003 0.114420
5 0.223584 0.695784 0.065919 0.097819
5 0.422135 0.731559 0.106770 0.128744
5 0.478287 0.810107 0.125325 0.095214
5 0.473633 0.904346 0.072266 0.096192
5 0.405631 0.886605 0.117512 0.138834
5 0.342057 0.946761 0.071614 0.052897
5 0.294434 0.888948 0.104492 0.115397
5 0.358789 0.713298 0.033203 0.051595
0 0.328548 0.787338 0.122722 0.124675
5 0.449707 0.505583 0.040039 0.064291
5 0.519434 0.515577 0.120117 0.118653
5 0.611002 0.571241 0.112630 0.089356
5 0.633627 0.503890 0.111003 0.120280
5 0.674674 0.411752 0.124348 0.111003
5 0.557552 0.419092 0.111980 0.106934
5 0.458301 0.426709 0.110352 0.097169
5 0.500162 0.347901 0.094075 0.086427
5 0.598795 0.329704 0.103841 0.121908
5 0.786588 0.190251 0.110677 0.118002
5 0.722428 0.100147 0.097981 0.112794
5 0.824414 0.072705 0.111328 0.107911
5 0.660677 0.158675 0.080730 0.101725