5 0.085505 0.612012 0.171009 0.142775
5 0.069269 0.549214 0.138538 0.098428
5 0.144256 0.711976 0.119762 0.117702
5 0.059230 0.720570 0.084086 0.078641
5 0.161031 0.483217 0.115813 0.125809
5 0.426389 0.491809 0.109028 0.124244
5 0.386109 0.587374 0.090969 0.105998
5 0.447711 0.670689 0.098547 0.085128
5 0.484186 0.604964 0.102747 0.125553
5 0.569614 0.599367 0.079853 0.089359
5 0.546316 0.525203 0.108256 0.087906
5 0.346547 0.439005 0.118094 0.118634
5 0.403328 0.349830 0.103531 0.124659
5 0.496751 0.407341 0.118502 0.117808
5 0.465424 0.341113 0.043348 0.047852
5 0.558118 0.409576 0.072486 0.109777
5 0.635954 0.396173 0.096908 0.086097
5 0.649155 0.490327 0.073311 0.033778
5 0.729415 0.504328 0.099455 0.093031
5 0.732460 0.561159 0.096170 0.075444
5 0.841787 0.492472 0.117948 0.094319
5 0.787452 0.416226 0.103028 0.107452
5 0.728249 0.355373 0.106498 0.113872
5 0.659092 0.346251 0.046309 0.045627