5 0.198738 0.457107 0.128725 0.120464
5 0.223461 0.316845 0.103172 0.124314
5 0.316244 0.348483 0.119987 0.118841
5 0.303855 0.501207 0.095211 0.114914
5 0.214798 0.556760 0.120222 0.116645
5 0.403649 0.460837 0.138548 0.127925
5 0.509741 0.418269 0.110108 0.127163
5 0.446865 0.602105 0.109355 0.129209
5 0.609028 0.458448 0.136806 0.110645
5 0.877976 0.532338 0.162202 0.158425
5 0.857513 0.720913 0.155652 0.176202
5 0.596553 0.588826 0.121231 0.102652
5 0.505134 0.642016 0.097769 0.124658
5 0.969704 0.507041 0.055033 0.123458