5 0.614909 0.438167 0.073567 0.060709
5 0.607487 0.475733 0.077473 0.079591
5 0.705469 0.536377 0.039062 0.041505
5 0.624316 0.554704 0.114258 0.106283
5 0.540951 0.619450 0.094402 0.101400
5 0.501855 0.680745 0.100586 0.095866
5 0.496973 0.479053 0.106445 0.089356
5 0.283105 0.540120 0.100586 0.095866
5 0.261459 0.637126 0.104167 0.086752
5 0.241959 0.723063 0.090169 0.102377
5 0.175065 0.689534 0.097005 0.113444
5 0.104427 0.660856 0.111980 0.093588
5 0.105795 0.570134 0.102214 0.096517
5 0.199479 0.574252 0.098958 0.111003
5 0.137826 0.489860 0.110027 0.098470
5 0.224479 0.475049 0.083333 0.100098