5 0.042318 0.391976 0.084636 0.165202
5 0.093066 0.492334 0.129883 0.112794
5 0.173145 0.473893 0.086914 0.100911
5 0.189453 0.622217 0.128906 0.106934
5 0.080176 0.680030 0.110352 0.153809
5 0.351237 0.711019 0.124348 0.172038
5 0.354395 0.462419 0.133789 0.171712
5 0.432520 0.607113 0.165039 0.132975
5 0.439323 0.400505 0.106770 0.138509
5 0.460580 0.477784 0.114909 0.096192
5 0.521354 0.623080 0.083333 0.099284
5 0.708463 0.468018 0.063802 0.076661
5 0.707910 0.383789 0.106445 0.142578
5 0.819141 0.367366 0.160156 0.200358
5 0.885384 0.300993 0.120769 0.170736
5 0.909733 0.490284 0.181966 0.158692
5 0.872916 0.680713 0.161458 0.211427
5 0.933105 0.371289 0.084961 0.080078
5 0.965592 0.417366 0.068684 0.044108
5 0.913802 0.586800 0.065105 0.039225