5 0.136464 0.409459 0.194803 0.140792
5 0.183345 0.520848 0.201064 0.163572
5 0.166253 0.661362 0.191881 0.144598
5 0.257008 0.357596 0.135891 0.158942
5 0.565285 0.420516 0.121195 0.122281
5 0.512533 0.471129 0.040691 0.020383
5 0.531397 0.548228 0.097169 0.037081
5 0.643981 0.537028 0.134837 0.124056
5 0.779932 0.541055 0.141114 0.135234
5 0.863410 0.402723 0.111195 0.121070
5 0.727170 0.633498 0.091839 0.091997
5 0.661626 0.737284 0.088877 0.074567
5 0.521884 0.642007 0.090642 0.084014
5 0.923972 0.833669 0.072944 0.082962