5 0.097874 0.599199 0.105123 0.114023
5 0.153346 0.502048 0.112942 0.110345
5 0.219959 0.434931 0.096169 0.085488
5 0.263586 0.492316 0.111547 0.090883
5 0.213683 0.566549 0.086741 0.086223
5 0.185545 0.643806 0.096089 0.084488
5 0.475351 0.504325 0.097577 0.111775
5 0.570867 0.464004 0.126109 0.134258
5 0.658938 0.519543 0.111627 0.070336
5 0.608399 0.570402 0.129298 0.093928
5 0.647759 0.639714 0.117394 0.085678
5 0.509990 0.634862 0.126230 0.125973
5 0.887568 0.564166 0.143886 0.156456
5 0.965939 0.667506 0.069378 0.128763