5 0.201928 0.516095 0.088231 0.125941
5 0.166145 0.409382 0.104166 0.096889
5 0.166145 0.409382 0.104166 0.096889
5 0.284944 0.421875 0.113637 0.093750
5 0.279841 0.321926 0.100306 0.115727
5 0.279802 0.329109 0.100230 0.101969
5 0.405155 0.311706 0.088434 0.098412
5 0.483307 0.299767 0.088489 0.108909
5 0.444680 0.384769 0.076861 0.078912
5 0.554236 0.280820 0.074097 0.099139
5 0.609047 0.298072 0.052469 0.061769
5 0.595496 0.345474 0.056617 0.072198
5 0.596593 0.345508 0.055686 0.072266
5 0.541684 0.375924 0.108369 0.101848
5 0.479737 0.462295 0.093848 0.099589
5 0.604609 0.430630 0.112342 0.095636
5 0.633095 0.377995 0.059941 0.059114
5 0.544603 0.494557 0.086081 0.095364
5 0.465513 0.528553 0.068527 0.066481
5 0.523956 0.548105 0.063537 0.077459