5 0.394064 0.427657 0.141253 0.108439
5 0.238857 0.457077 0.168339 0.123530
5 0.292198 0.369339 0.181270 0.148053
5 0.554023 0.472839 0.164297 0.130053
5 0.607827 0.578507 0.143778 0.147639
5 0.510679 0.319898 0.143233 0.192920
5 0.378820 0.258813 0.117014 0.158252
5 0.270863 0.257733 0.107350 0.096716
5 0.706916 0.092232 0.154456 0.143839
5 0.847415 0.123773 0.151080 0.147547
5 0.833461 0.238695 0.132547 0.114889
5 0.713443 0.219702 0.111261 0.108153
5 0.950135 0.172059 0.097145 0.128494
5 0.949840 0.069397 0.099680 0.085669
5 0.627655 0.103047 0.070936 0.121719