0 0.102955 0.633922 0.124659 0.114719
0 0.342069 0.594952 0.196637 0.193028
5 0.913280 0.266228 0.167184 0.223081
5 0.894887 0.453095 0.192898 0.206191
0 0.497494 0.295077 0.163738 0.158903
0 0.378727 0.382023 0.141828 0.142172
5 0.091379 0.743894 0.114008 0.122162
5 0.208054 0.780601 0.137983 0.126827
5 0.137507 0.906405 0.137514 0.144059
5 0.048951 0.862826 0.097902 0.144402
5 0.031773 0.620153 0.063545 0.137181
0 0.523414 0.429102 0.168703 0.158205
0 0.602875 0.514372 0.155750 0.131869
0 0.530648 0.659010 0.170672 0.189895
5 0.175248 0.623432 0.056747 0.074989