5 0.086166 0.439551 0.159831 0.141602
5 0.020182 0.339893 0.040364 0.123536
5 0.087565 0.361100 0.097005 0.047200
5 0.034830 0.535498 0.069661 0.145997
5 0.051107 0.682471 0.102214 0.158692
5 0.125033 0.648405 0.134441 0.131184
5 0.104004 0.753434 0.098633 0.081869
5 0.026693 0.794889 0.053386 0.080403
5 0.385059 0.601839 0.151367 0.134928
5 0.386361 0.471534 0.138347 0.127442
5 0.358529 0.393831 0.082683 0.078287
5 0.441080 0.361002 0.132161 0.143880
5 0.524316 0.285889 0.114258 0.149903
5 0.633105 0.350033 0.147461 0.134441
5 0.567025 0.421143 0.124675 0.107911
5 0.503939 0.501709 0.142253 0.128419
5 0.505306 0.609863 0.101238 0.094727
5 0.626172 0.569710 0.152344 0.145670
5 0.580762 0.667497 0.124023 0.128744
5 0.684342 0.540609 0.115559 0.112467
5 0.923438 0.360108 0.109375 0.110841
5 0.957617 0.472901 0.083984 0.117677
5 0.934603 0.554752 0.128581 0.112630
5 0.982291 0.361149 0.036458 0.116048
5 0.973568 0.616813 0.053386 0.102377
5 0.919922 0.406299 0.074219 0.037598
5 0.873730 0.502458 0.084961 0.048666