5 0.318870 0.570064 0.140864 0.143253
5 0.412515 0.480674 0.106280 0.105098
5 0.452102 0.349345 0.119830 0.139316
5 0.314315 0.503637 0.078630 0.035400
5 0.352205 0.471166 0.029411 0.039206
5 0.516850 0.442763 0.121200 0.123025
5 0.590252 0.460252 0.083630 0.108005
5 0.530255 0.544084 0.119886 0.097542
5 0.473944 0.558070 0.057263 0.109889
5 0.530961 0.356002 0.055672 0.068253
5 0.436376 0.174630 0.100877 0.114886
5 0.325510 0.128150 0.129145 0.134425
5 0.469192 0.100078 0.122759 0.103281
5 0.411381 0.037755 0.075887 0.075509
5 0.624862 0.948255 0.102848 0.074636
5 0.339717 0.017513 0.088809 0.035025