5 0.149186 0.672217 0.138997 0.091309
5 0.146517 0.588948 0.130534 0.084147
5 0.225260 0.730257 0.138020 0.126139
5 0.271484 0.815479 0.105469 0.152833
5 0.307812 0.735530 0.031250 0.061686
5 0.378483 0.527246 0.119466 0.104492
5 0.386816 0.408154 0.114258 0.122558
5 0.450944 0.366585 0.101887 0.145670
5 0.443424 0.478255 0.108723 0.084636
5 0.467057 0.570948 0.118489 0.113770
5 0.448405 0.649838 0.099934 0.093425
5 0.545638 0.641911 0.094402 0.146322
5 0.612272 0.483968 0.137044 0.108561
5 0.560059 0.401334 0.104492 0.121419
5 0.782520 0.420362 0.102539 0.115723
5 0.718588 0.281966 0.109050 0.098308
5 0.797494 0.327555 0.085613 0.076986
5 0.860059 0.380290 0.088867 0.073080
5 0.850521 0.228971 0.104167 0.136067
5 0.049967 0.888655 0.099934 0.124186
5 0.209928 0.562159 0.097981 0.111817