5 0.874006 0.952296 0.091762 0.076467
5 0.782238 0.951812 0.095727 0.078625
5 0.705135 0.898460 0.097770 0.093795
5 0.560386 0.866293 0.127022 0.132586
5 0.579733 0.775688 0.125091 0.107627
5 0.617739 0.728368 0.122978 0.097361
5 0.361529 0.741313 0.138683 0.107627
5 0.636683 0.503641 0.092116 0.113531
3 0.563712 0.486773 0.152423 0.139172
3 0.394914 0.848365 0.142953 0.152980
2 0.477160 0.678606 0.138695 0.175962
2 0.419478 0.606534 0.123331 0.125569
2 0.394945 0.514580 0.121139 0.107286
4 0.584737 0.619967 0.128850 0.136809
5 0.583421 0.299689 0.123092 0.121253
5 0.437027 0.311498 0.111555 0.113622