5 0.078873 0.576481 0.138997 0.109213
5 0.154264 0.469905 0.127278 0.124186
5 0.262598 0.431624 0.106445 0.131998
5 0.130924 0.661116 0.124348 0.106608
5 0.529623 0.687061 0.137370 0.177247
5 0.421354 0.627881 0.161458 0.093262
5 0.437142 0.550879 0.161784 0.129883
5 0.545736 0.477393 0.138347 0.139161
5 0.455045 0.416423 0.103841 0.082845
5 0.454720 0.455095 0.071941 0.078939
5 0.570963 0.362354 0.126302 0.137208
5 0.822363 0.423942 0.172852 0.138509
5 0.923535 0.324984 0.137695 0.190592
5 0.023600 0.502588 0.047200 0.117677
5 0.080534 0.429378 0.104817 0.121256