5 0.355255 0.580029 0.123009 0.106933
5 0.484116 0.617763 0.118233 0.126152
5 0.454771 0.541878 0.093917 0.086881
5 0.440558 0.436182 0.137366 0.131739
5 0.457998 0.350173 0.103495 0.075347
5 0.349981 0.412996 0.103087 0.113492
5 0.412195 0.351658 0.061891 0.065816
5 0.338141 0.468381 0.079406 0.046137
5 0.855440 0.393584 0.104630 0.102794
5 0.788877 0.405842 0.055880 0.074184
5 0.891050 0.318452 0.103975 0.105655
5 0.851190 0.502875 0.089880 0.083875
5 0.846234 0.564146 0.067469 0.053292
5 0.914292 0.551534 0.072334 0.115569
5 0.923454 0.443794 0.071908 0.100087
5 0.948298 0.350163 0.037220 0.090952
5 0.514909 0.426946 0.029817 0.063267