5 0.970848 0.370659 0.057322 0.113194
5 0.895445 0.319495 0.103389 0.107741
5 0.904927 0.424300 0.109855 0.107975
5 0.921538 0.530833 0.108700 0.105416
5 0.868309 0.593202 0.117867 0.108278
5 0.802178 0.452013 0.091856 0.035277
5 0.676575 0.472817 0.084400 0.092509
5 0.629337 0.547477 0.133675 0.126203
5 0.587240 0.431655 0.146355 0.125809
5 0.517857 0.362492 0.110714 0.124984
5 0.429649 0.413861 0.121798 0.133972
5 0.505402 0.521686 0.123305 0.124622
5 0.408313 0.525269 0.088502 0.094287
5 0.430519 0.624319 0.123537 0.111138
5 0.555513 0.635191 0.120400 0.136008
5 0.348180 0.520741 0.033861 0.022733
5 0.333092 0.505978 0.047434 0.033831
5 0.351905 0.473097 0.075686 0.033694
5 0.370275 0.427891 0.040550 0.065158
5 0.059342 0.490488 0.071809 0.062227
5 0.063116 0.548982 0.076231 0.094839
5 0.098234 0.665411 0.140219 0.133947
5 0.971081 0.313970 0.057788 0.059191