5 0.023275 0.436312 0.046550 0.100748
5 0.036784 0.533773 0.073567 0.098795
5 0.385742 0.545296 0.115234 0.096842
5 0.391146 0.445329 0.104167 0.090658
5 0.439877 0.366097 0.095378 0.113444
5 0.540918 0.399007 0.116211 0.094889
5 0.524772 0.487516 0.121419 0.106283
5 0.482194 0.587972 0.101887 0.113444
5 0.443490 0.493995 0.065105 0.062989
5 0.502620 0.366716 0.033366 0.027181
5 0.804362 0.441976 0.077473 0.071452
5 0.870720 0.374040 0.094564 0.073080
5 0.884505 0.409587 0.100261 0.084798
5 0.894401 0.479997 0.110677 0.097494
5 0.842643 0.551905 0.116536 0.091309
5 0.889974 0.621745 0.108073 0.102864
5 0.956445 0.555778 0.087891 0.105306
5 0.962272 0.450928 0.074544 0.104981