5 0.914974 0.397705 0.170573 0.139161
5 0.935091 0.484928 0.129558 0.082356
5 0.935091 0.484928 0.129558 0.082356
5 0.622363 0.537809 0.141602 0.128744
5 0.534766 0.619971 0.113281 0.127442
5 0.534766 0.619971 0.113281 0.127442
5 0.532943 0.493245 0.115886 0.127116
5 0.532943 0.493245 0.115886 0.127116
5 0.589681 0.377148 0.132488 0.123047
5 0.589681 0.377148 0.132488 0.123047
5 0.536035 0.333122 0.106445 0.128744
5 0.536035 0.333122 0.106445 0.128744
5 0.432877 0.406917 0.128255 0.123209
5 0.432877 0.406917 0.128255 0.123209
5 0.244076 0.441325 0.094402 0.117025
5 0.243229 0.590577 0.114583 0.103028
5 0.243229 0.590577 0.114583 0.103028
5 0.320215 0.611768 0.081055 0.092286
5 0.320215 0.611768 0.081055 0.092286
5 0.831673 0.344385 0.091472 0.051270
5 0.135384 0.532829 0.120769 0.106283
5 0.057227 0.655290 0.095703 0.088705
5 0.307324 0.467545 0.092773 0.072591
5 0.323633 0.485303 0.087891 0.026856
5 0.342838 0.547705 0.110677 0.045411