0 0.728957 0.569355 0.089164 0.119959
0 0.751536 0.500823 0.090572 0.079770
0 0.831223 0.375787 0.153072 0.092198
0 0.736112 0.340839 0.119098 0.116053
0 0.544627 0.499410 0.089255 0.111320
0 0.467441 0.380873 0.097383 0.064870
0 0.476386 0.338848 0.096522 0.055822
0 0.424379 0.282809 0.101883 0.109367
0 0.324500 0.306487 0.092750 0.097348
0 0.274652 0.443230 0.118055 0.108334
0 0.158013 0.721429 0.075402 0.058483
0 0.114504 0.672141 0.069633 0.084906
0 0.235924 0.761142 0.084348 0.078534
0 0.302349 0.184598 0.073448 0.059822
0 0.744349 0.213611 0.038698 0.052222
0 0.579674 0.306557 0.037473 0.031864
0 0.589549 0.259896 0.038473 0.038542
5 0.487227 0.457598 0.077580 0.040197
5 0.438118 0.514830 0.098111 0.079661
5 0.407480 0.469615 0.114961 0.104855
5 0.315903 0.525852 0.097431 0.129828
5 0.206855 0.443103 0.073084 0.104956
5 0.267741 0.329748 0.069858 0.068872
5 0.232577 0.261891 0.087030 0.114408
5 0.238762 0.173108 0.058775 0.064966
5 0.153593 0.274359 0.072811 0.079967
5 0.171067 0.328627 0.098384 0.088505
5 0.151766 0.411505 0.047281 0.079259
5 0.107358 0.438653 0.077216 0.077306
5 0.351305 0.914314 0.086986 0.094253
5 0.251848 0.718103 0.072447 0.058081
5 0.203411 0.836616 0.072447 0.085733
5 0.175787 0.742123 0.057823 0.071745
5 0.063065 0.770359 0.076130 0.078219
5 0.271913 0.932171 0.087575 0.095592
5 0.189017 0.957376 0.093659 0.064752
5 0.146766 0.081752 0.096656 0.088505