5 0.925265 0.321207 0.134905 0.111164
5 0.874823 0.408802 0.155897 0.136353
5 0.901998 0.540698 0.157122 0.143895
5 0.805207 0.312067 0.132289 0.127259
5 0.758069 0.233527 0.128638 0.142053
5 0.633090 0.269355 0.119305 0.094961
5 0.664019 0.310359 0.137412 0.114467
5 0.633532 0.372582 0.142064 0.138914
5 0.512098 0.280018 0.121070 0.119411
5 0.371223 0.264593 0.126822 0.141686
5 0.518295 0.398332 0.139714 0.149789
5 0.399466 0.357063 0.130181 0.104750
5 0.465891 0.270512 0.069283 0.094148
5 0.400376 0.458757 0.138252 0.145639
5 0.527891 0.538795 0.137033 0.140089
5 0.728464 0.431423 0.135053 0.131595
5 0.668854 0.511981 0.115833 0.114587
5 0.803588 0.612779 0.113425 0.153683
5 0.698857 0.596102 0.100839 0.085955
5 0.416630 0.614536 0.136386 0.147822
5 0.328181 0.530703 0.153237 0.130156
5 0.300438 0.293774 0.082125 0.115673