5 0.350065 0.399202 0.143880 0.182780
5 0.455697 0.307178 0.198894 0.198731
5 0.550651 0.249463 0.126302 0.133300
5 0.652637 0.318734 0.186523 0.206217
5 0.520605 0.449105 0.209961 0.216959
5 0.708887 0.503304 0.217773 0.184733
5 0.370670 0.623616 0.166341 0.153483
5 0.504785 0.645036 0.200195 0.177572
5 0.416276 0.754443 0.188802 0.187011
5 0.570898 0.779606 0.138672 0.156087
5 0.681120 0.702523 0.196614 0.192545
5 0.036784 0.731527 0.073567 0.181803
5 0.028402 0.269059 0.056803 0.175619
5 0.044759 0.591032 0.089519 0.094564