5 0.686752 0.596468 0.111003 0.108561
5 0.635482 0.664893 0.086589 0.107911
5 0.809017 0.545850 0.130534 0.101075
5 0.939323 0.456364 0.122395 0.118978
5 0.977474 0.392790 0.045573 0.041830
5 0.847005 0.413021 0.115886 0.135417
5 0.274642 0.713477 0.083659 0.095703
5 0.216634 0.644873 0.073894 0.067872
5 0.231022 0.558415 0.090169 0.088705
5 0.252084 0.514372 0.072917 0.066244
5 0.286198 0.632210 0.075520 0.083170
5 0.359375 0.612045 0.078125 0.086589
5 0.388119 0.526253 0.085613 0.090006
5 0.450944 0.554183 0.086262 0.095866
5 0.445052 0.456950 0.080730 0.101400
5 0.483138 0.443636 0.063152 0.099772
5 0.559896 0.511149 0.104167 0.084798
5 0.560221 0.597623 0.136067 0.092122
5 0.607877 0.482634 0.112630 0.112142
5 0.625781 0.418506 0.101562 0.108887
5 0.722298 0.462159 0.107097 0.111817
5 0.717643 0.386572 0.100911 0.098144
5 0.534668 0.457894 0.053711 0.062662
5 0.569727 0.424723 0.017578 0.036947