5 0.272439 0.539979 0.098003 0.089333
5 0.311602 0.467732 0.079455 0.088589
5 0.393682 0.501555 0.093614 0.081234
5 0.363005 0.561763 0.094761 0.079775
5 0.308141 0.623933 0.091281 0.097866
5 0.458888 0.640000 0.058402 0.061250
5 0.508384 0.676048 0.076144 0.086470
5 0.486083 0.592366 0.090916 0.090981
5 0.516377 0.524331 0.070253 0.079912
5 0.569822 0.556230 0.089644 0.087459
5 0.587556 0.639498 0.090737 0.082122
5 0.603080 0.536239 0.065534 0.075603
5 0.714802 0.678727 0.082730 0.085580
5 0.760832 0.753205 0.081039 0.084534
5 0.692323 0.707603 0.069020 0.062081
5 0.715466 0.615687 0.065306 0.065748
5 0.800507 0.682752 0.079139 0.078005
5 0.804658 0.614472 0.084316 0.069569
5 0.757774 0.611784 0.043673 0.061067