5 0.410416 0.818457 0.145833 0.196289
5 0.608268 0.511556 0.054036 0.132488
5 0.522135 0.504232 0.091145 0.149089
5 0.440463 0.430778 0.155925 0.136556
5 0.551400 0.376579 0.030925 0.106283
5 0.624545 0.383870 0.086589 0.158366
5 0.248307 0.622770 0.134114 0.095541
5 0.176986 0.111930 0.091472 0.123861
5 0.307129 0.438884 0.098633 0.096517
5 0.294727 0.547689 0.080078 0.079753
5 0.510514 0.776091 0.064778 0.089681
5 0.647819 0.451465 0.070637 0.096680
5 0.295573 0.357731 0.106770 0.077963
5 0.313477 0.284603 0.111328 0.097331
5 0.375619 0.241846 0.085613 0.096192
5 0.448730 0.239274 0.069336 0.084798
5 0.136100 0.362174 0.094075 0.077473