0 0.526172 0.666113 0.089844 0.110352
0 0.452084 0.586540 0.104167 0.073080
5 0.060709 0.550538 0.121419 0.101075
5 0.101400 0.484977 0.077800 0.073080
5 0.167871 0.576546 0.104492 0.112467
5 0.221908 0.482048 0.040691 0.051595
5 0.429004 0.479899 0.114258 0.100423
5 0.868295 0.428370 0.102214 0.109864
5 0.821810 0.502816 0.106120 0.058756
5 0.958854 0.442366 0.083333 0.090983
5 0.944238 0.525440 0.110352 0.119630
5 0.857780 0.584327 0.115559 0.103028
5 0.948145 0.648942 0.102539 0.107259
5 0.849772 0.655420 0.105794 0.079591
0 0.538541 0.429443 0.098958 0.108886
0 0.169694 0.449674 0.101887 0.108723
5 0.490006 0.429704 0.055012 0.090658
5 0.509277 0.504720 0.065430 0.071941