5 0.520480 0.043542 0.119084 0.087084
5 0.099105 0.858596 0.198211 0.164067
5 0.279738 0.838800 0.140727 0.130725
5 0.194364 0.693119 0.154353 0.189362
5 0.511552 0.476399 0.076228 0.090298
5 0.371754 0.492629 0.068508 0.116508
5 0.456387 0.422980 0.125273 0.136584
5 0.362891 0.375717 0.113281 0.120184
5 0.417309 0.306322 0.118992 0.112644
5 0.524833 0.313958 0.099666 0.115416
5 0.528698 0.186997 0.051145 0.089619
5 0.602998 0.839641 0.099745 0.085531
5 0.966882 0.693977 0.058764 0.078580
5 0.850270 0.681164 0.072414 0.096703
5 0.783696 0.643910 0.070517 0.062820
5 0.800425 0.577603 0.097725 0.077081
5 0.935241 0.412102 0.086108 0.067953