5 0.176237 0.400472 0.124348 0.129069
5 0.153580 0.461670 0.054036 0.048341
5 0.161686 0.566423 0.123372 0.114095
5 0.214518 0.524333 0.147786 0.142416
5 0.246029 0.608041 0.051433 0.066081
5 0.340592 0.621956 0.146809 0.156413
5 0.428287 0.637695 0.078450 0.103516
5 0.474479 0.534098 0.161458 0.130697
5 0.342350 0.480030 0.156575 0.138184
5 0.266048 0.397380 0.122722 0.122884
5 0.319498 0.291260 0.138997 0.145020
5 0.391178 0.349398 0.144856 0.145670
5 0.470670 0.412386 0.135091 0.115397
5 0.936328 0.817595 0.128906 0.188314
5 0.946387 0.625162 0.108398 0.125325
5 0.929264 0.522998 0.127278 0.145997
5 0.818424 0.581136 0.124348 0.099772
5 0.825684 0.712012 0.120117 0.108398
5 0.516732 0.477767 0.039714 0.036784