3 0.538867 0.373047 0.146484 0.136719
5 0.771875 0.488281 0.187500 0.148438
5 0.784961 0.584570 0.154297 0.103516
5 0.671875 0.702930 0.140625 0.146484
5 0.450586 0.571094 0.107422 0.132812
5 0.337500 0.529297 0.125000 0.121094
5 0.491602 0.521484 0.064453 0.042969
5 0.527930 0.473633 0.115234 0.072266
5 0.309375 0.438086 0.093750 0.091797
5 0.442969 0.323242 0.117188 0.130859
5 0.360352 0.309375 0.111328 0.140625
5 0.244531 0.371484 0.117188 0.105469
5 0.121680 0.366602 0.130859 0.111328
5 0.141992 0.253906 0.115234 0.085938
5 0.251758 0.264258 0.119141 0.103516
5 0.181250 0.222266 0.078125 0.050781
5 0.165430 0.175195 0.099609 0.072266