5 0.765249 0.171576 0.099248 0.158777
5 0.874457 0.224163 0.120789 0.126452
5 0.927971 0.304228 0.140317 0.114706
5 0.859826 0.465724 0.100902 0.143948
5 0.788685 0.384020 0.121120 0.111789
5 0.761311 0.285729 0.103872 0.087083
5 0.678607 0.232815 0.119714 0.134380
5 0.675892 0.349657 0.136159 0.102439
5 0.753566 0.463309 0.110258 0.114117
5 0.791807 0.507707 0.074239 0.074789
5 0.635426 0.392473 0.061477 0.050570
5 0.529214 0.352468 0.092803 0.126811
5 0.447201 0.383614 0.122527 0.082853
5 0.464909 0.457088 0.132944 0.089177
5 0.555498 0.513519 0.126622 0.117663
5 0.576660 0.624986 0.106445 0.140597
5 0.250590 0.455919 0.073055 0.105587
5 0.308662 0.495635 0.117323 0.141270
5 0.220038 0.528870 0.105702 0.042116
5 0.218230 0.584609 0.133336 0.072344
5 0.270120 0.655549 0.099614 0.101723
5 0.359843 0.665740 0.116561 0.112730
5 0.360384 0.760021 0.108269 0.113792