5 0.880273 0.912262 0.091797 0.077650
5 0.788477 0.916877 0.095703 0.080628
5 0.711328 0.865739 0.097656 0.093978
5 0.565039 0.842400 0.126953 0.131675
5 0.584375 0.749535 0.125000 0.108445
5 0.622461 0.699652 0.123047 0.096178
5 0.366211 0.724535 0.138672 0.108445
5 0.639648 0.474454 0.091797 0.114533
3 0.566797 0.461212 0.152344 0.141175
3 0.399414 0.829327 0.142578 0.155530
2 0.481836 0.655533 0.138672 0.176691
2 0.422461 0.585797 0.123047 0.127844
2 0.398047 0.495557 0.121094 0.106739
4 0.587891 0.593587 0.128906 0.137173
5 0.584961 0.271883 0.123047 0.121891
5 0.438477 0.290306 0.111328 0.114987