5 0.050944 0.619076 0.101887 0.110027
5 0.088119 0.504053 0.101238 0.120606
5 0.191634 0.480745 0.105144 0.111491
5 0.152506 0.572054 0.117512 0.122233
5 0.114844 0.680941 0.117188 0.121256
5 0.437402 0.453239 0.127930 0.103353
5 0.474935 0.334131 0.106120 0.124512
5 0.573209 0.344710 0.090169 0.083170
5 0.541732 0.413233 0.117839 0.126466
5 0.545541 0.567497 0.097331 0.128744
5 0.971908 0.517823 0.056316 0.129395
5 0.971908 0.517823 0.056316 0.129395
5 0.932389 0.360303 0.127278 0.136231
5 0.932389 0.360303 0.127278 0.136231
5 0.859440 0.451188 0.112630 0.102377
5 0.838672 0.316651 0.105469 0.133302
5 0.838672 0.316651 0.105469 0.133302