5 0.139811 0.097152 0.107747 0.119303
5 0.275879 0.038493 0.114258 0.076986
5 0.256185 0.115153 0.090495 0.089681
5 0.327441 0.167204 0.114258 0.121908
5 0.239713 0.255159 0.110677 0.113444
5 0.264746 0.351074 0.104492 0.124023
5 0.355859 0.274300 0.074219 0.101725
5 0.362435 0.574268 0.137370 0.123536
5 0.429199 0.486426 0.092773 0.110352
5 0.526205 0.432113 0.130534 0.132975
5 0.458366 0.628174 0.113606 0.146973
5 0.527377 0.578971 0.126628 0.136067
5 0.594043 0.515934 0.116211 0.113119
5 0.620834 0.473584 0.088542 0.081544
5 0.595866 0.856104 0.097981 0.105958
5 0.711914 0.896794 0.142578 0.156087
5 0.817643 0.820101 0.163411 0.149577
5 0.931966 0.906462 0.113933 0.147298
5 0.948470 0.960189 0.103191 0.079753