5 0.098776 0.123681 0.081927 0.097362
5 0.100355 0.374842 0.141336 0.146559
5 0.141316 0.220869 0.173256 0.129238
5 0.198137 0.283308 0.065023 0.050991
5 0.037809 0.128925 0.072494 0.176600
5 0.373509 0.533438 0.159519 0.145002
5 0.459205 0.554570 0.065284 0.068516
5 0.608480 0.543473 0.138834 0.086947
5 0.603793 0.451248 0.157586 0.133745
5 0.632231 0.385488 0.161337 0.105352
5 0.548727 0.317669 0.125580 0.138462
5 0.982824 0.639503 0.034398 0.094631
5 0.987505 0.545967 0.025011 0.091934
5 0.954060 0.477985 0.092495 0.118470