4 0.541406 0.646484 0.148438 0.167969
4 0.446289 0.577930 0.142578 0.162109
4 0.115625 0.654883 0.171875 0.181641
5 0.727539 0.470703 0.111328 0.097656
5 0.593359 0.501563 0.152344 0.109375
5 0.561133 0.404102 0.119141 0.126953
5 0.507227 0.334961 0.064453 0.091797
5 0.458008 0.368945 0.103516 0.150391
5 0.368164 0.447070 0.142578 0.103516
5 0.203125 0.511719 0.187500 0.164062
5 0.557617 0.818750 0.083984 0.078125
5 0.385742 0.877734 0.083984 0.105469
5 0.432227 0.819141 0.080078 0.066406
5 0.146875 0.428516 0.125000 0.113281
5 0.058594 0.486719 0.117188 0.164062
5 0.376367 0.757227 0.083984 0.095703
5 0.117969 0.877734 0.070312 0.058594
5 0.084375 0.808398 0.093750 0.076172
5 0.123438 0.762500 0.093750 0.046875