5 0.214321 0.938543 0.128642 0.120836
5 0.104727 0.883597 0.118830 0.129694
5 0.521389 0.559048 0.133403 0.114970
5 0.633241 0.617968 0.113358 0.139061
5 0.583371 0.658554 0.097992 0.117108
5 0.458249 0.561761 0.063373 0.098522
5 0.496875 0.476914 0.109375 0.075703
5 0.846898 0.378046 0.125045 0.134217
5 0.961881 0.425138 0.076887 0.059650
5 0.951348 0.362002 0.096447 0.089630
5 0.803916 0.260249 0.110958 0.123623
5 0.719336 0.224282 0.126172 0.111064
5 0.801877 0.139005 0.097503 0.121761
5 0.884184 0.161832 0.121494 0.145539