3 0.792932 0.782192 0.088989 0.080009
3 0.610462 0.905819 0.077173 0.077262
3 0.538256 0.834629 0.073388 0.097383
3 0.729822 0.658566 0.069019 0.067131
3 0.614282 0.536059 0.109814 0.106492
3 0.535486 0.509791 0.095972 0.091456
3 0.423034 0.607227 0.086694 0.080078
3 0.497082 0.342730 0.072289 0.085459
3 0.317713 0.448691 0.113550 0.097383
3 0.333838 0.541102 0.095800 0.110330
3 0.427795 0.441239 0.111841 0.094978
2 0.375891 0.356387 0.111158 0.125273
2 0.549170 0.648633 0.098339 0.103516
4 0.769421 0.887001 0.076342 0.077127
4 0.688648 0.902241 0.096045 0.101358
4 0.743091 0.825766 0.114306 0.098406
4 0.692041 0.779824 0.102833 0.094023
4 0.610070 0.829452 0.098266 0.102653
4 0.506763 0.581107 0.091650 0.112214
4 0.448620 0.335556 0.084741 0.111738
5 0.501342 0.450809 0.071434 0.057869
5 0.488672 0.420805 0.077344 0.082236
5 0.452954 0.663631 0.090283 0.077262
5 0.603479 0.617841 0.069458 0.060683
5 0.429297 0.710333 0.058594 0.051916
5 0.574841 0.695102 0.065308 0.065203
5 0.569409 0.765014 0.070069 0.070653
5 0.662670 0.842163 0.044091 0.053075
5 0.739026 0.754517 0.018677 0.030909
3 0.432593 0.519755 0.105811 0.098884
4 0.715430 0.707803 0.083984 0.071856
4 0.635193 0.725180 0.082886 0.084734
4 0.656189 0.654746 0.087378 0.087617
4 0.660230 0.569779 0.079834 0.092683
4 0.496057 0.737773 0.101489 0.125545
3 0.074817 0.296655 0.102759 0.105809
3 0.278418 0.190327 0.088086 0.115030
3 0.212073 0.183637 0.124145 0.107900
3 0.231530 0.086251 0.116186 0.106877
3 0.153112 0.041753 0.106225 0.083506
5 0.165173 0.283910 0.064722 0.061570
5 0.144690 0.254043 0.080005 0.086211
4 0.092175 0.193632 0.118725 0.106014
5 0.033223 0.224966 0.066445 0.078056
5 0.036604 0.133907 0.073208 0.099064