5 0.398763 0.416211 0.141277 0.107422
5 0.245084 0.450423 0.168294 0.122722
5 0.296908 0.360823 0.181316 0.146647
5 0.558756 0.455323 0.164387 0.129395
5 0.614291 0.559994 0.144206 0.148113
5 0.513639 0.304573 0.142903 0.193522
5 0.381869 0.246777 0.116863 0.159180
5 0.274186 0.251139 0.107747 0.096028
5 0.708398 0.071777 0.154297 0.143555
5 0.847233 0.097738 0.150716 0.148600
5 0.834994 0.216178 0.132488 0.113606
5 0.714551 0.198682 0.110352 0.109864
5 0.951302 0.143245 0.096355 0.127116
5 0.949805 0.041911 0.099609 0.083822
5 0.629557 0.084229 0.071614 0.121583