5 0.552209 0.914986 0.082544 0.104972
5 0.468778 0.923430 0.081306 0.103109
5 0.481669 0.884993 0.069587 0.098111
5 0.389462 0.822153 0.103925 0.081806
5 0.469150 0.786452 0.088300 0.088528
5 0.571480 0.847643 0.058586 0.076536
5 0.635134 0.801854 0.104642 0.075583
5 0.571062 0.758658 0.051498 0.051691
5 0.583488 0.698606 0.101350 0.100337
5 0.617732 0.617779 0.113589 0.094933
5 0.431534 0.557550 0.081819 0.083850
5 0.391345 0.620066 0.095191 0.065133
5 0.414021 0.659747 0.099917 0.100744
5 0.423127 0.716387 0.061878 0.057775
5 0.569755 0.373561 0.083259 0.100247
4 0.628391 0.452518 0.116156 0.095661
0 0.577219 0.272175 0.088813 0.113100
3 0.651795 0.215845 0.128591 0.119189
2 0.563956 0.519205 0.093537 0.110284