5 0.644355 0.762051 0.088709 0.111602
5 0.630596 0.672579 0.095567 0.079533
5 0.388845 0.671763 0.068314 0.062275
5 0.576472 0.838891 0.062319 0.084033
5 0.420480 0.860605 0.053459 0.083711
3 0.337609 0.786563 0.090842 0.120002
4 0.401204 0.758091 0.143033 0.144306
4 0.564558 0.737010 0.122866 0.130270
2 0.465920 0.631151 0.125591 0.134177
5 0.635120 0.324478 0.107741 0.108331
5 0.368759 0.411082 0.053144 0.053414
4 0.554052 0.386125 0.123728 0.112875
4 0.440589 0.408470 0.099928 0.095066
2 0.483853 0.320949 0.123956 0.141898
2 0.573197 0.254030 0.130769 0.139309
0 0.369967 0.340285 0.105559 0.093070
5 0.302939 0.297910 0.137128 0.105195
3 0.428288 0.051848 0.050327 0.088072
5 0.394552 0.023380 0.101603 0.046759
4 0.535483 0.030802 0.080341 0.061603