5 0.655671 0.394537 0.167592 0.154698
5 0.515561 0.354698 0.124872 0.156270
5 0.397952 0.413601 0.158403 0.158452
5 0.317609 0.413070 0.088342 0.132391
5 0.365036 0.553371 0.151947 0.144242
5 0.357891 0.658227 0.156406 0.116453
5 0.460592 0.712950 0.121184 0.138400
5 0.520148 0.649165 0.140295 0.138955
5 0.542012 0.541750 0.165273 0.149125
5 0.025321 0.639990 0.050642 0.136230
5 0.017774 0.402040 0.035548 0.119705
5 0.937431 0.430901 0.102988 0.121177
5 0.949481 0.591797 0.067712 0.108594
5 0.880396 0.592699 0.101417 0.097898
5 0.873191 0.450429 0.093258 0.085233
5 0.971052 0.466950 0.032730 0.093275
5 0.948568 0.360563 0.084636 0.043002