5 0.057587 0.628861 0.115173 0.163972
5 0.067009 0.490673 0.134017 0.146970
5 0.161359 0.372867 0.160219 0.158234
5 0.040031 0.360384 0.080063 0.145769
5 0.121414 0.320591 0.099078 0.100556
5 0.472044 0.405878 0.122212 0.121131
5 0.414018 0.572592 0.134286 0.104559
5 0.763877 0.461798 0.062130 0.101722
5 0.824475 0.461670 0.111450 0.117089
5 0.900305 0.411481 0.106859 0.119837
5 0.903759 0.524027 0.110644 0.107430
5 0.878620 0.664224 0.110364 0.134698
5 0.751220 0.587559 0.124316 0.059494
5 0.282998 0.793569 0.097247 0.093387