5 0.445802 0.756158 0.166605 0.181066
5 0.603871 0.752484 0.154617 0.170594
5 0.634289 0.642968 0.196703 0.192186
5 0.443063 0.592430 0.189250 0.178609
5 0.333251 0.612056 0.125877 0.152237
5 0.555919 0.466894 0.174337 0.180663
5 0.417918 0.456511 0.126461 0.116147
5 0.323127 0.397202 0.102505 0.122528
5 0.370135 0.326572 0.180895 0.184394
5 0.489336 0.296128 0.081797 0.186006
5 0.572098 0.291304 0.162945 0.201358
5 0.341005 0.496000 0.066386 0.038875
5 0.976034 0.613377 0.048942 0.139253
5 0.975834 0.350367 0.048542 0.119484