5 0.935510 0.554995 0.092895 0.094364
5 0.805005 0.557233 0.078761 0.089466
5 0.724000 0.545968 0.088625 0.088811
5 0.773195 0.461205 0.090139 0.088034
5 0.750395 0.422488 0.069541 0.057477
5 0.690091 0.457632 0.077058 0.049639
5 0.473652 0.527513 0.091055 0.095652
5 0.513546 0.438738 0.086467 0.093100
5 0.524103 0.363938 0.091956 0.081002
5 0.475683 0.378323 0.038866 0.066022
5 0.427923 0.384379 0.074597 0.071883
5 0.417953 0.451032 0.101531 0.095814
5 0.402383 0.499508 0.076641 0.058391
5 0.163337 0.485648 0.098550 0.105672
5 0.250916 0.420357 0.108081 0.093839
5 0.106349 0.462752 0.065823 0.066130
5 0.122411 0.386551 0.119822 0.110602
5 0.221352 0.326034 0.108330 0.108317
5 0.282084 0.311787 0.070419 0.098573
5 0.161755 0.302881 0.076634 0.087013
5 0.029126 0.295425 0.058252 0.103350