5 0.136155 0.085724 0.106686 0.118323
5 0.274632 0.027494 0.114889 0.054988
5 0.252330 0.093568 0.089036 0.087136
5 0.320176 0.139941 0.115352 0.123631
5 0.229087 0.235623 0.111300 0.114995
5 0.250750 0.328620 0.104625 0.125989
5 0.345483 0.245132 0.072216 0.099639
5 0.338370 0.545241 0.139241 0.127983
5 0.410104 0.450714 0.092083 0.110803
5 0.507812 0.388205 0.131250 0.132659
5 0.431475 0.591253 0.112950 0.148131
5 0.504025 0.537086 0.126800 0.136672
5 0.573090 0.467309 0.114930 0.112744
5 0.601500 0.421920 0.087375 0.078214
5 0.560160 0.806022 0.098445 0.105794
5 0.675449 0.838963 0.141523 0.156050
5 0.784273 0.752840 0.162297 0.146305
5 0.895295 0.831646 0.115591 0.150792
5 0.909410 0.882712 0.106320 0.087298