5 0.911459 0.381234 0.135417 0.112467
5 0.859375 0.464014 0.156250 0.134278
5 0.881576 0.598421 0.156902 0.143717
5 0.792969 0.362581 0.132812 0.125163
5 0.748666 0.280843 0.128581 0.139811
5 0.622315 0.308317 0.119630 0.091634
5 0.651172 0.354069 0.136719 0.117512
5 0.620475 0.412679 0.140950 0.137858
5 0.501172 0.312777 0.121094 0.119303
5 0.359863 0.286930 0.125977 0.139486
5 0.503873 0.429476 0.138997 0.149577
5 0.385580 0.380225 0.130534 0.101075
5 0.454639 0.300505 0.071778 0.091634
5 0.383398 0.483773 0.138672 0.145670
5 0.509147 0.572705 0.137044 0.139161
5 0.711459 0.478011 0.135417 0.131022
5 0.648405 0.552360 0.115559 0.114095
5 0.780241 0.663998 0.113606 0.152995
5 0.677181 0.641162 0.101238 0.085450
5 0.393197 0.640186 0.136394 0.145997
5 0.309147 0.550635 0.152669 0.129395
5 0.290039 0.313362 0.080078 0.117350