5 0.059082 0.822266 0.118164 0.128906
5 0.074447 0.690316 0.120769 0.152506
5 0.191830 0.653580 0.130534 0.147786
5 0.218034 0.838102 0.167317 0.119955
5 0.583398 0.689860 0.154297 0.176595
5 0.296127 0.513981 0.126628 0.171712
5 0.704069 0.773030 0.164387 0.155436
5 0.752832 0.656624 0.211914 0.147623
5 0.941244 0.364079 0.116863 0.184408
5 0.857975 0.287093 0.140950 0.155436
5 0.671484 0.495557 0.105469 0.141114
5 0.547330 0.523161 0.147786 0.161947
5 0.504297 0.405387 0.074219 0.085775
5 0.393229 0.600016 0.098958 0.090658
5 0.463248 0.735205 0.092122 0.107911
5 0.774740 0.577067 0.065105 0.029134
5 0.952734 0.245459 0.089844 0.065919
3 0.614095 0.429280 0.165691 0.202311
3 0.409310 0.485319 0.184245 0.180012