5 0.051527 0.636442 0.103053 0.091634
5 0.200220 0.406202 0.097316 0.103028
5 0.230694 0.471273 0.111388 0.114420
5 0.256502 0.576514 0.122380 0.103028
5 0.302601 0.434196 0.092702 0.096517
5 0.344745 0.545817 0.095741 0.060384
5 0.447283 0.407862 0.125816 0.100098
5 0.463197 0.505583 0.126394 0.111166
5 0.487382 0.337191 0.024764 0.074381
5 0.544051 0.333545 0.103727 0.142091
5 0.631699 0.376937 0.100898 0.085123
5 0.591743 0.442855 0.120986 0.123209
5 0.614977 0.542757 0.136203 0.110514
5 0.526602 0.600049 0.109455 0.131348
5 0.977448 0.305616 0.029895 0.104981