5 0.566797 0.321924 0.089844 0.131348
5 0.476074 0.352458 0.108398 0.095541
5 0.507129 0.444091 0.114258 0.091308
5 0.537338 0.587288 0.093425 0.118327
5 0.452572 0.534473 0.120769 0.106445
5 0.620670 0.368083 0.088216 0.095541
5 0.420541 0.478174 0.066081 0.021973
5 0.420117 0.418831 0.083984 0.031412
5 0.778320 0.483610 0.103516 0.067220
5 0.827572 0.440381 0.058269 0.108887
5 0.876400 0.448063 0.093425 0.102377
5 0.866830 0.533024 0.099284 0.084798
5 0.796061 0.570915 0.092122 0.057455
5 0.745443 0.563851 0.037761 0.055827
5 0.507715 0.641032 0.065430 0.063314
5 0.436393 0.590772 0.069661 0.065919
5 0.421777 0.641813 0.081055 0.086752
5 0.391992 0.697559 0.099609 0.073242
5 0.389779 0.751937 0.098308 0.069498
5 0.696875 0.767399 0.078125 0.069173
5 0.757617 0.726319 0.068359 0.077637
5 0.795768 0.706852 0.054036 0.073080
5 0.887663 0.619743 0.094075 0.092611
5 0.881934 0.676807 0.073242 0.062989
5 0.181771 0.409261 0.135417 0.115397