5 0.527344 0.518799 0.132812 0.131348
5 0.411198 0.546729 0.122395 0.137208
5 0.503255 0.642334 0.131511 0.128419
5 0.375065 0.677491 0.128255 0.136231
5 0.334766 0.577881 0.082031 0.108887
5 0.058920 0.574561 0.117839 0.114747
5 0.166927 0.556820 0.127605 0.126139
5 0.041992 0.695882 0.083984 0.126139
5 0.067545 0.392806 0.103841 0.116863
5 0.346420 0.401302 0.102214 0.111980
5 0.424609 0.419873 0.136719 0.130370
5 0.478158 0.337223 0.118816 0.115072
5 0.541373 0.408041 0.107747 0.097331
5 0.610709 0.478483 0.105794 0.103841
5 0.557584 0.687093 0.090169 0.108561
5 0.477279 0.710596 0.082683 0.064942
5 0.961361 0.556657 0.075847 0.125814
5 0.948633 0.475342 0.103516 0.091309
5 0.198600 0.461149 0.109700 0.053548
5 0.149284 0.416780 0.089192 0.092936
5 0.042969 0.307113 0.085938 0.086100
5 0.013591 0.340479 0.027181 0.105958