5 0.094596 0.637223 0.136067 0.130697
5 0.127311 0.769548 0.138997 0.145345
5 0.292416 0.729704 0.159831 0.121908
5 0.264616 0.590723 0.097981 0.122070
5 0.391959 0.489046 0.105794 0.143717
5 0.356673 0.415706 0.107097 0.109537
5 0.494108 0.418864 0.135091 0.134603
5 0.449040 0.386507 0.073080 0.079264
5 0.574740 0.311881 0.127605 0.164387
5 0.682194 0.340902 0.101887 0.119303
5 0.733008 0.382503 0.150391 0.152506
5 0.706348 0.515772 0.153320 0.144044
5 0.539551 0.545850 0.157227 0.132325
5 0.623568 0.588005 0.131511 0.076009
5 0.596061 0.694190 0.138997 0.135255
5 0.274512 0.826562 0.139648 0.125000
3 0.184537 0.548128 0.125325 0.168131
3 0.061849 0.602523 0.123698 0.145670