5 0.018177 0.330497 0.036355 0.107869
5 0.035948 0.242419 0.071897 0.112963
5 0.083751 0.243722 0.105002 0.090569
5 0.091004 0.324091 0.110133 0.088806
5 0.180697 0.274831 0.098894 0.112163
5 0.059942 0.413849 0.101134 0.099573
5 0.157897 0.397541 0.125169 0.101331
5 0.278158 0.333140 0.106316 0.110030
5 0.436577 0.357930 0.116905 0.140859
5 0.575696 0.406891 0.098267 0.088781
5 0.493733 0.361014 0.028091 0.065778
5 0.523285 0.444236 0.137195 0.132222
5 0.436472 0.558872 0.101069 0.114619
5 0.378370 0.631088 0.103616 0.140300
5 0.505158 0.611951 0.129066 0.133277
5 0.803071 0.751765 0.146767 0.172280
5 0.909381 0.748077 0.087513 0.121153
5 0.891433 0.495600 0.120366 0.122450
5 0.279182 0.483197 0.092739 0.057019
5 0.625266 0.976112 0.122408 0.049100