5 0.056028 0.586624 0.108931 0.120123
5 0.041016 0.479039 0.082031 0.117453
5 0.135438 0.430976 0.136500 0.133827
5 0.183543 0.550128 0.142086 0.128381
5 0.257600 0.428873 0.124575 0.113995
5 0.148309 0.330562 0.112244 0.114250
5 0.111535 0.313791 0.085570 0.108833
5 0.241155 0.347105 0.076061 0.066084
5 0.421279 0.489233 0.098808 0.106591
5 0.510627 0.483853 0.102505 0.117706
5 0.536277 0.558138 0.103803 0.097527
5 0.489163 0.680539 0.118952 0.117328
5 0.150698 0.633898 0.129520 0.114670
5 0.936753 0.953280 0.045381 0.094059