5 0.042623 0.474268 0.085247 0.126661
5 0.091759 0.682109 0.124144 0.120469
5 0.110868 0.566518 0.127986 0.123661
5 0.155884 0.480246 0.096142 0.097992
5 0.216827 0.639621 0.143030 0.110492
5 0.485759 0.583820 0.152767 0.130141
5 0.485759 0.583820 0.152767 0.130141
5 0.458663 0.451020 0.136077 0.142666
5 0.408391 0.377241 0.113658 0.129483
5 0.408391 0.377241 0.113658 0.129483
5 0.538420 0.409642 0.108089 0.119284
5 0.583156 0.554137 0.106937 0.070773
5 0.214495 0.493672 0.091491 0.096719
5 0.214495 0.493672 0.091491 0.096719
5 0.846970 0.634205 0.153314 0.174661
5 0.770461 0.505277 0.169047 0.148053
5 0.770461 0.505277 0.169047 0.148053
5 0.745432 0.377022 0.165864 0.132169
5 0.745432 0.377022 0.165864 0.132169
5 0.879380 0.283770 0.152511 0.192541
5 0.879380 0.283770 0.152511 0.192541
5 0.920555 0.430593 0.125486 0.167436
5 0.916422 0.574447 0.114094 0.136394
5 0.916422 0.574447 0.114094 0.136394
5 0.790716 0.284396 0.053306 0.093792
5 0.790716 0.284396 0.053306 0.093792