5 0.433506 0.267302 0.117013 0.134603
5 0.350428 0.310687 0.100856 0.108873
5 0.361457 0.418209 0.072914 0.098917
5 0.421923 0.393268 0.112597 0.124036
5 0.524333 0.350013 0.114291 0.112527
5 0.617691 0.329354 0.104131 0.086833
5 0.614720 0.289471 0.110689 0.053942
5 0.584689 0.428478 0.110003 0.113206
5 0.461244 0.459641 0.097488 0.103658
5 0.625409 0.605249 0.091442 0.113623
5 0.588455 0.639829 0.105034 0.120283
5 0.702237 0.685587 0.126348 0.102423
5 0.694679 0.793256 0.108108 0.127137
5 0.593670 0.807477 0.137341 0.152453
5 0.548608 0.837692 0.056591 0.087884
5 0.226162 0.628199 0.083573 0.078273
5 0.217851 0.537275 0.073202 0.080800
5 0.146509 0.590386 0.086769 0.077647