5 0.331250 0.378809 0.109375 0.120117
5 0.383138 0.339030 0.063152 0.053059
5 0.434830 0.402620 0.116536 0.142741
5 0.278841 0.461442 0.082683 0.060384
5 0.354525 0.495329 0.140300 0.106283
5 0.500488 0.515739 0.110352 0.118978
5 0.541602 0.608480 0.126953 0.123209
5 0.364616 0.623259 0.129231 0.127767
5 0.336784 0.580257 0.089192 0.079264
5 0.648828 0.469222 0.113281 0.082194
5 0.641732 0.572738 0.102214 0.054850
5 0.704980 0.601546 0.116211 0.096842
5 0.723080 0.418083 0.099284 0.111166
5 0.825000 0.402425 0.093750 0.086100
5 0.729134 0.369027 0.073894 0.056803
5 0.880209 0.466666 0.104167 0.114583
5 0.795475 0.460433 0.078450 0.080241
5 0.823795 0.550179 0.088216 0.075358
5 0.743652 0.674333 0.096680 0.126791
5 0.850293 0.617366 0.084961 0.090983
5 0.918685 0.589144 0.090495 0.093912
5 0.941666 0.565120 0.098958 0.080241