5 0.494886 0.167200 0.124147 0.146900
5 0.643325 0.187757 0.105400 0.109889
5 0.439232 0.249040 0.115964 0.091830
5 0.482055 0.356091 0.104734 0.121556
5 0.548020 0.308755 0.127289 0.133134
5 0.666946 0.336562 0.124517 0.123123
5 0.700384 0.468134 0.153892 0.095644
5 0.657055 0.547456 0.123486 0.107412
5 0.532934 0.548102 0.056492 0.111830
5 0.456363 0.549954 0.131477 0.128033
5 0.436850 0.662264 0.123700 0.105778
5 0.487771 0.693865 0.125542 0.128355
5 0.594812 0.639901 0.108373 0.104802
5 0.707874 0.712598 0.146998 0.147072
5 0.605081 0.748730 0.097662 0.125584
5 0.521991 0.763902 0.093983 0.099680
5 0.654868 0.248366 0.094111 0.052983
5 0.702155 0.532294 0.041811 0.042713