5 0.294202 0.390442 0.154028 0.146509
5 0.431705 0.356938 0.138411 0.148252
5 0.560702 0.344574 0.133905 0.157898
5 0.634519 0.433949 0.178413 0.124148
5 0.621273 0.548192 0.108170 0.108884
5 0.568309 0.637787 0.124119 0.109950
5 0.516509 0.525328 0.139269 0.138156
5 0.394832 0.464175 0.136539 0.131475
5 0.268002 0.524798 0.164128 0.124595
5 0.368423 0.612889 0.127470 0.169528
5 0.258390 0.606552 0.116780 0.075605
5 0.388654 0.673829 0.077308 0.063283
5 0.501998 0.289051 0.100870 0.090602
5 0.565330 0.221269 0.115036 0.095662
5 0.432338 0.228653 0.083425 0.104181
5 0.352330 0.226536 0.089036 0.084322