5 0.139865 0.605896 0.170355 0.143042
5 0.111680 0.545923 0.148359 0.101220
5 0.206663 0.701741 0.116452 0.119108
5 0.119310 0.713667 0.082370 0.077334
5 0.202522 0.474059 0.117544 0.126242
5 0.468251 0.467941 0.111502 0.123383
5 0.438128 0.565452 0.088756 0.105905
5 0.504843 0.644952 0.100311 0.083653
5 0.535067 0.578057 0.104509 0.124864
5 0.618859 0.568479 0.081467 0.090083
5 0.589611 0.493817 0.107347 0.087634
5 0.383251 0.419759 0.116502 0.117642
5 0.432662 0.328618 0.105948 0.122861
5 0.531415 0.379622 0.119080 0.118619
5 0.494729 0.315927 0.045708 0.047478
5 0.595062 0.379725 0.068250 0.109450
5 0.668498 0.362169 0.099495 0.086837
5 0.690803 0.453828 0.072231 0.035781
5 0.771640 0.464088 0.099530 0.093800
5 0.779273 0.519973 0.096047 0.077447
5 0.882085 0.446703 0.117295 0.093406
5 0.822906 0.374208 0.102062 0.107791
5 0.757698 0.316235 0.106022 0.113720
5 0.686421 0.310188 0.044717 0.045377