5 0.937894 0.176512 0.122663 0.174898
5 0.937894 0.176512 0.122663 0.174898
5 0.839363 0.288369 0.156850 0.161112
5 0.839363 0.288369 0.156850 0.161112
5 0.569674 0.336381 0.114348 0.119637
5 0.569674 0.336381 0.114348 0.119637
5 0.638795 0.345225 0.105716 0.106075
5 0.634602 0.487055 0.125455 0.114736
5 0.498315 0.474569 0.118505 0.114762
5 0.558073 0.552924 0.088020 0.112098
5 0.558073 0.552924 0.088020 0.112098
5 0.450645 0.551959 0.110664 0.100792
5 0.346845 0.526286 0.090564 0.074447
5 0.346845 0.526286 0.090564 0.074447
5 0.348495 0.436177 0.093864 0.106728
5 0.943693 0.382076 0.112386 0.151652
5 0.981516 0.476520 0.038031 0.040541
5 0.084956 0.068984 0.116788 0.137969