5 0.149805 0.342659 0.099609 0.113444
5 0.139160 0.453776 0.106445 0.110677
5 0.228939 0.480745 0.095378 0.064616
5 0.240430 0.414599 0.115234 0.101073
5 0.284798 0.340706 0.107097 0.093912
5 0.413541 0.616080 0.098958 0.100911
5 0.434375 0.544580 0.078125 0.076661
5 0.469662 0.615934 0.045573 0.081869
5 0.528971 0.587159 0.104817 0.080567
0 0.514486 0.525342 0.091472 0.106934
5 0.591471 0.505290 0.089192 0.088705
5 0.550391 0.441390 0.097656 0.089030
5 0.529183 0.421501 0.080241 0.071127
5 0.711426 0.749919 0.063477 0.062338
5 0.727734 0.815446 0.074219 0.080892
5 0.758594 0.759815 0.070312 0.072755
5 0.824674 0.754737 0.077473 0.068848
5 0.788248 0.840495 0.076497 0.102864
5 0.899674 0.782569 0.108723 0.093262
5 0.885807 0.688948 0.102864 0.099772
5 0.923373 0.654476 0.059245 0.071452
5 0.848535 0.628287 0.090820 0.094075
5 0.896582 0.841520 0.086914 0.048666