5 0.373901 0.416527 0.147802 0.186180
5 0.473580 0.326987 0.200286 0.197723
5 0.563710 0.275103 0.127420 0.134581
5 0.670255 0.350413 0.184261 0.203952
5 0.547120 0.473927 0.209866 0.216603
5 0.738584 0.535055 0.217792 0.185734
5 0.405886 0.639997 0.161772 0.151869
5 0.542077 0.668659 0.199778 0.177944
5 0.460584 0.773235 0.186792 0.187095
5 0.616541 0.806057 0.139333 0.155864
5 0.722987 0.733700 0.199098 0.195525
5 0.077165 0.731674 0.079330 0.182098
5 0.041940 0.269063 0.062005 0.175627
5 0.076265 0.591556 0.090030 0.092488