5 0.171749 0.286420 0.099748 0.110341
5 0.300394 0.236303 0.097662 0.113231
5 0.254959 0.294234 0.119294 0.116592
5 0.225902 0.413636 0.123678 0.124147
5 0.385641 0.254899 0.102533 0.112923
5 0.329011 0.301494 0.026772 0.031112
5 0.370070 0.331884 0.052641 0.045019
5 0.411569 0.550885 0.051263 0.067395
5 0.463441 0.567812 0.133131 0.113750
5 0.454355 0.666162 0.118084 0.110450
5 0.507597 0.458298 0.068319 0.104095
5 0.573164 0.468024 0.118203 0.136048
5 0.614380 0.501868 0.088136 0.109986
5 0.624162 0.543720 0.085825 0.071814
5 0.847260 0.698403 0.110145 0.087431
5 0.850459 0.772752 0.132169 0.126753
5 0.734876 0.710176 0.104127 0.104727
5 0.691009 0.787178 0.113267 0.089981
5 0.704495 0.886487 0.140239 0.116723