5 0.720527 0.474477 0.169180 0.158330
5 0.708263 0.347817 0.125900 0.126884
5 0.583510 0.479026 0.163895 0.142427
5 0.457347 0.642920 0.155319 0.157716
5 0.371833 0.494659 0.153041 0.170567
5 0.383301 0.360420 0.125977 0.142714
5 0.265823 0.488031 0.109770 0.119813
5 0.287997 0.587980 0.144744 0.116584
5 0.315973 0.416846 0.044445 0.030567
5 0.215894 0.398451 0.109912 0.140652
5 0.150562 0.439213 0.104250 0.162800
5 0.052220 0.536323 0.104441 0.157022
5 0.065368 0.727359 0.130736 0.142219
5 0.212588 0.705302 0.112677 0.157478
5 0.067342 0.487668 0.109684 0.115961
5 0.077798 0.418017 0.055597 0.067284