5 0.040690 0.216075 0.081380 0.097775
5 0.080241 0.193690 0.082356 0.093630
5 0.132877 0.354773 0.128255 0.112672
5 0.195020 0.264373 0.102539 0.113122
5 0.310905 0.254645 0.099934 0.115539
5 0.272233 0.368756 0.103841 0.112512
5 0.248828 0.447640 0.082031 0.085905
5 0.317676 0.465424 0.079102 0.068348
5 0.379883 0.428845 0.119141 0.126439
5 0.381315 0.358798 0.112630 0.076972
5 0.528646 0.303668 0.088542 0.116711
5 0.621420 0.365641 0.133464 0.131281
5 0.627409 0.529516 0.120442 0.099658
5 0.566048 0.618778 0.122722 0.121931
5 0.459310 0.550703 0.106120 0.126406