5 0.286374 0.747812 0.100873 0.089375
5 0.621108 0.503495 0.085966 0.100741
5 0.695842 0.464986 0.088559 0.070597
5 0.534503 0.408066 0.100256 0.097383
5 0.606873 0.325916 0.091872 0.095581
5 0.641308 0.417398 0.079491 0.072295
5 0.676084 0.198171 0.089669 0.093217
5 0.655055 0.147732 0.088236 0.073589
5 0.777743 0.233229 0.080486 0.097708
5 0.780365 0.129019 0.095105 0.098663
5 0.875701 0.188799 0.107652 0.086973
5 0.876943 0.077393 0.072636 0.086036
5 0.274066 0.819428 0.070008 0.070106
5 0.450778 0.877040 0.120306 0.122830
5 0.472836 0.928397 0.070672 0.053669
0 0.339533 0.792822 0.125941 0.113769