3 0.842773 0.586328 0.123047 0.113281
3 0.229102 0.521484 0.158203 0.152344
3 0.949219 0.737109 0.085938 0.105469
4 0.718164 0.600586 0.126953 0.123047
5 0.192773 0.617969 0.107422 0.101562
5 0.286523 0.619531 0.091797 0.085938
5 0.359766 0.580859 0.113281 0.105469
5 0.399219 0.494141 0.101562 0.097656
5 0.338672 0.430078 0.136719 0.128906
5 0.400391 0.360352 0.097656 0.095703
5 0.381641 0.288672 0.082031 0.074219
5 0.302734 0.316406 0.105469 0.117188
5 0.744531 0.427539 0.085938 0.095703
5 0.719727 0.498828 0.095703 0.082031
5 0.207813 0.374805 0.093750 0.083984
5 0.254883 0.298633 0.056641 0.087891
5 0.902930 0.665430 0.068359 0.068359
5 0.862891 0.657617 0.082031 0.068359
5 0.783594 0.677148 0.101562 0.091797
5 0.735938 0.707422 0.078125 0.089844
0 0.818945 0.497461 0.087891 0.091797
5 0.977148 0.677734 0.044922 0.074219
5 0.960938 0.605273 0.078125 0.076172
5 0.979297 0.542578 0.042969 0.066406
5 0.916406 0.556055 0.070312 0.068359
5 0.968750 0.508203 0.062500 0.066406
0 0.129688 0.525000 0.062500 0.078125
5 0.230859 0.396875 0.105469 0.093750