5 0.846666 0.701491 0.112083 0.131108
5 0.811437 0.491066 0.147873 0.116506
5 0.754255 0.468120 0.089759 0.095616
5 0.604459 0.621596 0.105794 0.108817
5 0.649130 0.519355 0.123259 0.116834
5 0.503026 0.579539 0.131052 0.118453
5 0.384809 0.680902 0.110242 0.127428
5 0.208231 0.633994 0.125837 0.111738
5 0.301981 0.596204 0.116462 0.123658
5 0.237055 0.519227 0.136611 0.113453
5 0.376253 0.496445 0.124381 0.114766
5 0.252746 0.415494 0.111742 0.118487
5 0.349065 0.391981 0.101255 0.140213
5 0.469056 0.428766 0.075612 0.110656
5 0.179445 0.420686 0.065139 0.078872
5 0.486871 0.499914 0.101867 0.046703
3 0.563877 0.432034 0.162128 0.145319