5 0.060456 0.236540 0.099038 0.088705
5 0.182032 0.321029 0.110939 0.113933
5 0.286062 0.335759 0.103375 0.112142
5 0.369190 0.366292 0.085255 0.076334
5 0.320794 0.490787 0.085337 0.094075
5 0.431108 0.440348 0.112216 0.115072
5 0.561611 0.401384 0.113847 0.127767
5 0.639832 0.421598 0.092164 0.099447
5 0.599848 0.491227 0.099697 0.073080
5 0.490323 0.501041 0.118145 0.114583
5 0.547387 0.577393 0.097898 0.123536
5 0.635315 0.577393 0.136255 0.123536
5 0.703343 0.524626 0.069186 0.055502
5 0.760648 0.561816 0.121297 0.114258
5 0.823061 0.487777 0.108622 0.056803
5 0.851092 0.556885 0.105309 0.113770
5 0.691916 0.678760 0.099458 0.113770
5 0.746769 0.729427 0.112288 0.127605
5 0.819957 0.677425 0.133664 0.132975