5 0.099990 0.550793 0.112480 0.126586
5 0.094718 0.419114 0.123811 0.138228
5 0.056545 0.300566 0.072466 0.141756
5 0.248156 0.314164 0.143187 0.168953
5 0.319175 0.334623 0.050850 0.122370
5 0.392753 0.391011 0.148006 0.110147
5 0.412272 0.311036 0.118294 0.097072
5 0.395994 0.498435 0.154487 0.121870
5 0.433542 0.612930 0.151459 0.128986
5 0.470962 0.434930 0.098173 0.094859
5 0.538672 0.347035 0.099219 0.122195
5 0.627354 0.387383 0.123458 0.152891
5 0.684877 0.367956 0.076005 0.117162
5 0.736595 0.482482 0.129439 0.105589
5 0.685130 0.510180 0.157759 0.129734
5 0.926959 0.600436 0.144544 0.128997
5 0.620479 0.627023 0.140958 0.138420
5 0.598708 0.722023 0.125541 0.162797
5 0.493853 0.572689 0.075206 0.082878