5 0.488301 0.961928 0.070352 0.076981
4 0.424150 0.958830 0.088925 0.083284
4 0.455237 0.823741 0.082350 0.088106
4 0.478404 0.508611 0.094308 0.101597
4 0.529698 0.430537 0.096897 0.086073
2 0.306645 0.987669 0.072664 0.025338
2 0.359115 0.957014 0.046355 0.054653
2 0.456268 0.890948 0.078161 0.081895
2 0.472190 0.755548 0.103755 0.086097
3 0.354818 0.805406 0.097136 0.085812
3 0.339030 0.749822 0.106184 0.084019
3 0.494231 0.646088 0.085337 0.085927
0 0.510045 0.704527 0.066964 0.052803
0 0.524816 0.764666 0.040256 0.060581
3 0.473098 0.385409 0.108695 0.095817
3 0.397381 0.448041 0.107262 0.105458
3 0.406214 0.502890 0.053053 0.021405
3 0.355364 0.410730 0.079478 0.083961
3 0.418327 0.341814 0.102278 0.105503
3 0.551176 0.240470 0.080477 0.099689
2 0.492398 0.085088 0.112920 0.117052
0 0.589409 0.177084 0.091319 0.066667
0 0.400391 0.246173 0.082031 0.086097
0 0.450253 0.266746 0.056756 0.074117
4 0.441258 0.192210 0.104391 0.109420
4 0.390350 0.135179 0.099450 0.085983
4 0.484574 0.018778 0.047273 0.031306