5 0.077734 0.290999 0.121094 0.131998
5 0.086459 0.432862 0.119792 0.100098
5 0.164486 0.313753 0.075847 0.090006
5 0.055502 0.564811 0.111003 0.107747
5 0.404166 0.517155 0.114583 0.099934
5 0.394401 0.418831 0.110677 0.047037
5 0.437500 0.359163 0.078125 0.102702
5 0.497233 0.333675 0.088216 0.117350
5 0.531998 0.441260 0.107747 0.113770
5 0.573828 0.389925 0.113281 0.101725
5 0.518490 0.536377 0.080730 0.088380
5 0.473275 0.595491 0.093425 0.122233
5 0.940039 0.412045 0.095703 0.086589
5 0.956478 0.503402 0.081706 0.088053