5 0.885495 0.430271 0.136614 0.113667
5 0.829479 0.508477 0.158958 0.132580
5 0.842534 0.645223 0.156942 0.143572
5 0.768551 0.403912 0.133977 0.123448
5 0.730153 0.318988 0.129056 0.137977
5 0.602542 0.339923 0.120709 0.089220
5 0.628661 0.388144 0.135447 0.120037
5 0.596016 0.444001 0.138906 0.138002
5 0.479833 0.340188 0.122166 0.121002
5 0.341301 0.305011 0.126352 0.138147
5 0.476865 0.456220 0.138105 0.149941
5 0.360940 0.399074 0.131255 0.098148
5 0.436616 0.324655 0.076356 0.089936
5 0.352534 0.504098 0.139444 0.145697
5 0.471891 0.600451 0.137533 0.138402
5 0.680834 0.515277 0.136669 0.130553
5 0.613285 0.584998 0.117195 0.113745
5 0.736658 0.703459 0.113941 0.153794
5 0.636921 0.675644 0.101967 0.085663
5 0.352041 0.659784 0.138458 0.144567
5 0.272688 0.565948 0.151627 0.128772
5 0.267849 0.329820 0.076323 0.119014