5 0.333030 0.405397 0.150436 0.135794
5 0.299781 0.520079 0.068312 0.102658
5 0.383657 0.512375 0.139189 0.143500
5 0.373859 0.611148 0.128969 0.112922
5 0.434041 0.632026 0.083706 0.070302
5 0.502363 0.568745 0.135977 0.134366
5 0.434761 0.351555 0.110147 0.121861
5 0.431591 0.240397 0.141306 0.146419
5 0.571259 0.243634 0.142519 0.162267
5 0.682493 0.480131 0.121236 0.029013
5 0.687765 0.404608 0.138030 0.049841
5 0.808256 0.337266 0.122762 0.137033
5 0.868027 0.278948 0.123553 0.089145
5 0.919259 0.351536 0.110392 0.124947
5 0.917643 0.444299 0.107161 0.151098
5 0.805456 0.570228 0.135912 0.162331
5 0.766252 0.516434 0.091878 0.085994
5 0.943125 0.538998 0.039375 0.043620