5 0.035482 0.540251 0.070964 0.102377
5 0.040527 0.642237 0.081055 0.100098
5 0.102441 0.676823 0.098633 0.122395
5 0.191406 0.651872 0.101562 0.081869
5 0.198014 0.589665 0.096028 0.088705
5 0.117611 0.545752 0.107097 0.104005
5 0.068034 0.443799 0.104817 0.115723
5 0.192838 0.483773 0.110677 0.098795
5 0.482227 0.533187 0.111328 0.100748
5 0.501660 0.435075 0.106445 0.101400
5 0.504199 0.365381 0.108398 0.093262
5 0.576107 0.366944 0.070964 0.093262
5 0.601791 0.433741 0.097331 0.120606
5 0.573763 0.555502 0.094402 0.111003
5 0.610416 0.608155 0.098958 0.106934
5 0.641992 0.511866 0.115234 0.089356
5 0.673177 0.417497 0.080730 0.097494
5 0.920638 0.539274 0.110027 0.100423
5 0.871452 0.359619 0.111653 0.094238
5 0.968587 0.456592 0.062175 0.106934
5 0.970084 0.336556 0.058919 0.085613
5 0.984049 0.344092 0.030598 0.091309