4 0.609961 0.908594 0.107422 0.132812
4 0.676367 0.825195 0.130859 0.119141
4 0.493945 0.873437 0.103516 0.093750
4 0.533984 0.623828 0.105469 0.082031
4 0.739062 0.565039 0.125000 0.111328
4 0.662891 0.504883 0.113281 0.119141
4 0.506836 0.504883 0.107422 0.087891
4 0.592383 0.455469 0.103516 0.117188
3 0.556641 0.562891 0.128906 0.113281
3 0.649805 0.628516 0.115234 0.128906
5 0.507422 0.807031 0.089844 0.085938
4 0.630859 0.163672 0.105469 0.105469
4 0.612891 0.250391 0.097656 0.082031
4 0.649805 0.035156 0.083984 0.070312
5 0.568164 0.225586 0.048828 0.076172
5 0.636328 0.296289 0.035156 0.048828
5 0.735156 0.250000 0.085938 0.078125
5 0.783984 0.186328 0.089844 0.082031
5 0.724414 0.169727 0.080078 0.080078
5 0.721484 0.093164 0.089844 0.095703
5 0.785937 0.096484 0.046875 0.058594
5 0.773438 0.039062 0.078125 0.078125
5 0.716406 0.012695 0.070312 0.025391
5 0.657813 0.093164 0.062500 0.080078
5 0.603906 0.051562 0.054688 0.062500