5 0.079423 0.286339 0.121345 0.132053
5 0.089562 0.428648 0.119748 0.101047
5 0.165970 0.304717 0.075689 0.090684
5 0.058647 0.561636 0.111044 0.110772
5 0.407273 0.491312 0.114547 0.101375
5 0.397548 0.393148 0.110722 0.045672
5 0.440732 0.330522 0.078339 0.101669
5 0.498791 0.302159 0.088208 0.116819
5 0.535134 0.406985 0.107769 0.113970
5 0.575400 0.352222 0.113300 0.101319
5 0.521652 0.503629 0.080805 0.088508
5 0.476400 0.564528 0.093425 0.122806
5 0.943177 0.352677 0.095728 0.086605
5 0.959477 0.442627 0.081453 0.088378