5 0.608398 0.176563 0.138672 0.171875
5 0.673828 0.263672 0.160156 0.136719
5 0.688477 0.374414 0.158203 0.111328
5 0.169922 0.138281 0.089844 0.101562
5 0.059375 0.226562 0.078125 0.078125
5 0.824805 0.896875 0.115234 0.140625
5 0.747461 0.965430 0.107422 0.068359
5 0.941406 0.927148 0.117188 0.060547
5 0.825195 0.835742 0.134766 0.115234
5 0.047852 0.759180 0.095703 0.099609
5 0.047656 0.621875 0.054688 0.093750
5 0.572656 0.963672 0.101562 0.074219
5 0.174609 0.666602 0.105469 0.111328
5 0.064258 0.427148 0.072266 0.076172