5 0.177279 0.522461 0.082683 0.091797
5 0.275748 0.521012 0.092122 0.085775
5 0.384017 0.462940 0.114909 0.119630
5 0.328092 0.558610 0.068684 0.114095
5 0.302051 0.666227 0.141602 0.119955
5 0.385416 0.755452 0.114583 0.135905
5 0.435352 0.676644 0.111328 0.125163
5 0.503646 0.732601 0.104167 0.118327
5 0.450358 0.793766 0.072591 0.075033
5 0.696940 0.487484 0.112630 0.096842
5 0.726612 0.434880 0.037598 0.044759
5 0.780729 0.455030 0.098958 0.106934
5 0.863574 0.447738 0.077148 0.070475
5 0.917318 0.505843 0.115886 0.124186
5 0.954785 0.633382 0.090820 0.110514
5 0.877767 0.608024 0.130534 0.116048
5 0.791699 0.671663 0.108398 0.118327
5 0.810612 0.522526 0.108723 0.126302
5 0.713607 0.561345 0.086589 0.047689
5 0.702409 0.598030 0.120442 0.092936
5 0.716406 0.680973 0.085938 0.083822
5 0.824837 0.750960 0.109050 0.130045
5 0.879883 0.742139 0.041016 0.103028
5 0.732650 0.728695 0.077800 0.032389
5 0.399349 0.567106 0.123698 0.109213
5 0.505502 0.519288 0.111003 0.116700