3 0.525504 0.595938 0.160383 0.173127
5 0.785628 0.962687 0.102506 0.075373
5 0.741534 0.887913 0.142442 0.125827
5 0.747675 0.814495 0.098475 0.057116
5 0.662069 0.819516 0.092887 0.114033
5 0.586129 0.941680 0.131633 0.117736
5 0.522299 0.989416 0.066473 0.022583
5 0.458666 0.927063 0.136083 0.141627
5 0.427684 0.843172 0.133494 0.105094
5 0.515952 0.783897 0.085028 0.105294
5 0.556218 0.823843 0.134311 0.132061
5 0.705386 0.967090 0.123272 0.065430
5 0.668469 0.654339 0.118188 0.096178
5 0.670848 0.573330 0.151072 0.131034
5 0.714703 0.520923 0.113781 0.091847
5 0.596920 0.458033 0.156341 0.150441
5 0.458934 0.467493 0.133494 0.131861
5 0.463963 0.633025 0.040427 0.062925
5 0.664280 0.166744 0.087936 0.117863
5 0.513899 0.079479 0.121548 0.099583
5 0.602539 0.052401 0.095703 0.032927
4 0.691852 0.104173 0.127453 0.123972