5 0.867416 0.944401 0.128581 0.110677
5 0.747591 0.892920 0.129558 0.126466
5 0.868490 0.836686 0.111980 0.123372
5 0.561035 0.613900 0.090820 0.093425
5 0.693620 0.551481 0.118489 0.093588
5 0.456901 0.548861 0.126302 0.122722
5 0.571191 0.489827 0.114258 0.120280
5 0.647461 0.478174 0.076172 0.115723
5 0.530566 0.321501 0.083008 0.102377
5 0.265495 0.199919 0.118489 0.109213
5 0.237955 0.311084 0.100911 0.112794
5 0.372396 0.228727 0.088542 0.088705
5 0.346973 0.162288 0.075195 0.087077
5 0.468262 0.411361 0.077148 0.091472
5 0.738574 0.503695 0.092773 0.079264