5 0.139330 0.643923 0.138034 0.131595
5 0.181498 0.778496 0.137995 0.144492
5 0.343997 0.750113 0.159869 0.122102
5 0.306773 0.609684 0.094795 0.119369
5 0.426980 0.517370 0.107084 0.144116
5 0.385140 0.439229 0.107780 0.109708
5 0.523257 0.452415 0.134014 0.132955
5 0.475156 0.417800 0.069062 0.076225
5 0.598163 0.352367 0.130700 0.167234
5 0.706332 0.387502 0.097039 0.115630
5 0.761719 0.436238 0.148438 0.153725
5 0.741670 0.565270 0.152091 0.143039
5 0.577377 0.584149 0.154755 0.130798
5 0.665061 0.631987 0.130122 0.076475
5 0.645167 0.734965 0.143459 0.138680
5 0.332594 0.846383 0.143313 0.130266
3 0.222137 0.560770 0.125523 0.168416
3 0.100829 0.604762 0.126658 0.147025