5 0.076359 0.491196 0.124592 0.104267
5 0.186033 0.416837 0.097066 0.105548
5 0.216511 0.463339 0.111147 0.101678
5 0.153305 0.568025 0.100359 0.107925
5 0.175641 0.671262 0.101283 0.108150
5 0.042198 0.661234 0.056270 0.078717
5 0.243301 0.600241 0.114727 0.109856
5 0.437401 0.491824 0.121677 0.108648
5 0.442561 0.433311 0.088247 0.054122
5 0.512863 0.549536 0.110102 0.064697
5 0.732586 0.567037 0.127672 0.127823
5 0.811894 0.542440 0.136288 0.116130
5 0.701632 0.456856 0.100139 0.101212
5 0.777057 0.390950 0.135364 0.125650
5 0.688881 0.332629 0.112138 0.137133
5 0.612070 0.359210 0.096014 0.115295