5 0.766830 0.131495 0.099284 0.156739
5 0.875846 0.178760 0.120442 0.129395
5 0.929362 0.254573 0.139973 0.115397
5 0.862955 0.421859 0.100911 0.143717
5 0.791797 0.342009 0.121094 0.112142
5 0.762858 0.246501 0.103841 0.086752
5 0.678646 0.195850 0.119792 0.132325
5 0.677409 0.314014 0.136067 0.103028
5 0.755013 0.423909 0.110027 0.113444
5 0.794922 0.464567 0.074219 0.076009
5 0.638574 0.359115 0.061523 0.049480
5 0.530762 0.325245 0.092773 0.125489
5 0.450423 0.361735 0.122722 0.082845
5 0.467969 0.432178 0.132812 0.089356
5 0.558627 0.483512 0.126628 0.117025
5 0.581348 0.592920 0.106445 0.142091
5 0.252084 0.443359 0.072917 0.105469
5 0.311881 0.480843 0.117512 0.139811
5 0.223209 0.514925 0.105794 0.039225
5 0.221420 0.574707 0.133464 0.071289
5 0.273080 0.640739 0.099284 0.103353
5 0.364518 0.646534 0.116536 0.111817
5 0.364974 0.739762 0.108073 0.117025