4 0.525872 0.655962 0.148619 0.168173
4 0.432613 0.585691 0.143352 0.162008
4 0.100318 0.656752 0.172511 0.182255
5 0.716761 0.483493 0.111647 0.098236
5 0.582627 0.512705 0.152753 0.109784
5 0.552485 0.413272 0.120595 0.126544
5 0.499096 0.343012 0.063817 0.092273
5 0.450286 0.376877 0.103697 0.150630
5 0.357317 0.452218 0.142759 0.104436
5 0.191239 0.514605 0.188728 0.163586
5 0.539254 0.827955 0.084758 0.077784
5 0.364458 0.884019 0.085166 0.105537
5 0.413727 0.825544 0.080578 0.066712
5 0.135960 0.429959 0.125045 0.113042
5 0.053036 0.486957 0.106072 0.164539
5 0.357640 0.763647 0.084030 0.096044
5 0.096184 0.879450 0.070494 0.058900
5 0.064449 0.808228 0.094523 0.075831
5 0.106159 0.763182 0.093569 0.048239