5 0.033127 0.620935 0.066253 0.107495
5 0.058505 0.510593 0.101386 0.121186
5 0.163980 0.495212 0.106084 0.112298
5 0.120155 0.582872 0.118436 0.121994
5 0.075848 0.689283 0.117320 0.122316
5 0.410698 0.483949 0.127645 0.102273
5 0.455158 0.367951 0.104066 0.126527
5 0.552452 0.386274 0.089278 0.085048
5 0.517375 0.450556 0.119125 0.126113
5 0.512633 0.605082 0.097141 0.128914
5 0.943519 0.586771 0.058912 0.129792
5 0.943519 0.586771 0.058912 0.129792
5 0.912152 0.425649 0.127430 0.135673
5 0.912152 0.425649 0.127430 0.135673
5 0.832495 0.509951 0.111866 0.104277
5 0.820149 0.375732 0.105923 0.135839
5 0.820149 0.375732 0.105923 0.135839