5 0.076097 0.363737 0.111569 0.155598
5 0.155417 0.387370 0.085834 0.118489
5 0.043395 0.426644 0.033666 0.093912
5 0.076744 0.562223 0.084737 0.161947
5 0.441833 0.619531 0.130541 0.101562
5 0.109511 0.570362 0.065897 0.115723
5 0.415212 0.528727 0.158548 0.135580
5 0.414607 0.415755 0.151089 0.100261
5 0.468667 0.332048 0.131084 0.145345
5 0.596936 0.367595 0.137622 0.141439
5 0.552179 0.491976 0.135608 0.133952
5 0.850595 0.427327 0.151189 0.104655
5 0.922766 0.614372 0.154906 0.144369
5 0.526235 0.595882 0.055595 0.048014