3 0.662940 0.680232 0.132130 0.122964
3 0.579086 0.801610 0.139422 0.156345
3 0.462382 0.845584 0.106014 0.075544
3 0.445688 0.767450 0.141375 0.131775
3 0.398310 0.645791 0.146620 0.141581
3 0.412655 0.577609 0.106559 0.067717
4 0.551547 0.677519 0.121844 0.126913
4 0.648227 0.769628 0.049578 0.058006
5 0.654297 0.629266 0.105469 0.033531
5 0.612119 0.605370 0.096113 0.063866
3 0.555648 0.299414 0.139422 0.111328
3 0.358002 0.401698 0.122253 0.106520
3 0.348159 0.315214 0.111942 0.105428
2 0.460066 0.364034 0.132633 0.137442
0 0.461142 0.258232 0.109784 0.085214
3 0.344268 0.733848 0.107286 0.105195