5 0.091988 0.396158 0.143352 0.107941
5 0.116752 0.498002 0.142880 0.105380
5 0.195667 0.354743 0.135084 0.131361
5 0.210984 0.298066 0.106342 0.111756
5 0.322665 0.420541 0.123455 0.078583
5 0.219677 0.461748 0.092478 0.082872
5 0.214584 0.567343 0.110419 0.122186
5 0.287712 0.504652 0.094175 0.084303
5 0.374412 0.607923 0.120698 0.103345
5 0.379191 0.508776 0.099006 0.095677
5 0.443182 0.620887 0.076989 0.098023
5 0.522034 0.623266 0.103442 0.121531
5 0.604173 0.576298 0.098972 0.086970
5 0.546761 0.538830 0.118522 0.105786
5 0.511250 0.453166 0.119375 0.103208
5 0.584412 0.434060 0.087573 0.083745
5 0.537935 0.389188 0.078995 0.028375
5 0.444496 0.371991 0.110867 0.128356