5 0.329816 0.497513 0.156506 0.129402
5 0.340050 0.382795 0.139475 0.099964
5 0.425803 0.573845 0.114106 0.157064
5 0.333666 0.588151 0.082956 0.088802
5 0.487330 0.601456 0.099661 0.134163
5 0.532528 0.486047 0.140056 0.131469
5 0.450177 0.317291 0.134730 0.143956
5 0.422164 0.241550 0.116203 0.129975
5 0.598902 0.498895 0.097805 0.116541
5 0.649498 0.384509 0.145872 0.128394
5 0.560908 0.351400 0.068691 0.068425
5 0.607177 0.281646 0.117480 0.113292
5 0.714361 0.273560 0.106847 0.143995
5 0.832620 0.297296 0.143364 0.141467
5 0.806849 0.416623 0.113698 0.092620
5 0.712943 0.474864 0.110261 0.121603