5 0.198991 0.276481 0.113606 0.109213
5 0.075162 0.229216 0.125325 0.120931
5 0.042806 0.315120 0.085613 0.111491
5 0.096354 0.442855 0.114583 0.138834
5 0.202670 0.417302 0.117839 0.103353
5 0.396777 0.323942 0.143555 0.154134
5 0.534342 0.312712 0.131184 0.131673
5 0.627995 0.353890 0.134114 0.120280
5 0.414909 0.485173 0.136067 0.145345
5 0.554362 0.434066 0.124348 0.121256
5 0.525260 0.543636 0.122395 0.162272
5 0.618815 0.502506 0.112630 0.070637
5 0.844466 0.327034 0.129558 0.160319
5 0.954199 0.317725 0.092773 0.069825
5 0.933008 0.426855 0.134766 0.163086
5 0.795020 0.445069 0.165039 0.155762
5 0.950130 0.590641 0.100261 0.168783
5 0.801107 0.603337 0.164714 0.162923
5 0.901074 0.675309 0.139648 0.191244
5 0.252213 0.309229 0.079427 0.074708