5 0.546073 0.027768 0.079647 0.055536
5 0.497900 0.017484 0.080175 0.034969
5 0.420229 0.030382 0.074833 0.060764
5 0.380229 0.089341 0.076083 0.081806
5 0.428750 0.102534 0.032500 0.073819
5 0.494634 0.086688 0.048644 0.073375
5 0.450973 0.182829 0.080070 0.118783
5 0.369109 0.246701 0.088217 0.068402
5 0.392473 0.272876 0.097445 0.086377
5 0.409479 0.362702 0.043958 0.075405
5 0.450089 0.328233 0.084553 0.093966
5 0.536491 0.331991 0.082356 0.088981
5 0.599109 0.316135 0.076344 0.069770
5 0.596679 0.246535 0.090233 0.089945
5 0.515342 0.252379 0.096309 0.086008
5 0.643746 0.569784 0.109367 0.095819
5 0.544615 0.548626 0.104855 0.109752
5 0.570425 0.634251 0.093975 0.081002
5 0.652766 0.487913 0.071158 0.075827
5 0.594091 0.495655 0.081933 0.085059
5 0.618270 0.440008 0.061539 0.030016
5 0.578904 0.412357 0.076558 0.096589
5 0.518820 0.450884 0.100141 0.117394
5 0.427556 0.458245 0.098862 0.107114
5 0.445765 0.590652 0.116530 0.103178
5 0.420337 0.668336 0.100048 0.096047
5 0.444833 0.712110 0.039666 0.058595
5 0.368590 0.680480 0.062180 0.101586
5 0.334648 0.597574 0.103672 0.079523
5 0.363711 0.537662 0.111797 0.122198