3 0.448588 0.705927 0.109675 0.136855
3 0.540530 0.805267 0.131061 0.141784
3 0.729633 0.836152 0.071766 0.037928
2 0.530814 0.678677 0.142878 0.138603
2 0.647360 0.649729 0.122845 0.136958
2 0.764548 0.690803 0.138470 0.119106
2 0.749143 0.601402 0.054536 0.084053
3 0.704634 0.763637 0.153019 0.136650
5 0.690259 0.607107 0.105519 0.111089
4 0.643915 0.844216 0.112830 0.138433
4 0.552346 0.520881 0.120317 0.154262
4 0.531157 0.594257 0.118564 0.088514
3 0.612048 0.423403 0.155347 0.140556
4 0.456828 0.454730 0.129281 0.103209
4 0.476657 0.359087 0.150189 0.136923
5 0.697911 0.013471 0.105197 0.026942
5 0.662048 0.072656 0.108472 0.117188
5 0.447776 0.041180 0.145552 0.082361
5 0.466241 0.082958 0.066858 0.053416
0 0.563439 0.083526 0.126878 0.163927