5 0.479250 0.501948 0.146000 0.147645
5 0.531695 0.651480 0.132141 0.181086
5 0.617035 0.536057 0.146570 0.128364
5 0.546666 0.398101 0.143331 0.146202
5 0.409673 0.356742 0.141222 0.147859
5 0.498075 0.308830 0.118025 0.111409
5 0.640048 0.472161 0.045722 0.022447
5 0.637736 0.405260 0.056722 0.057395
5 0.626232 0.839620 0.102464 0.122991
5 0.724070 0.888275 0.120016 0.120300
5 0.622295 0.956488 0.110216 0.087975
5 0.718912 0.976007 0.084700 0.048889
5 0.274442 0.960155 0.086384 0.079684
5 0.732758 0.820996 0.081141 0.038867