5 0.156152 0.025433 0.062305 0.050866
5 0.105492 0.022007 0.051609 0.044014
5 0.118434 0.068943 0.061869 0.053511
5 0.109380 0.119707 0.053134 0.061289
5 0.172902 0.079766 0.067678 0.056406
5 0.276381 0.094005 0.087138 0.063009
5 0.194924 0.147034 0.071098 0.081569
5 0.158139 0.136920 0.041278 0.064464
5 0.236529 0.207294 0.069933 0.098962
5 0.346762 0.149111 0.081023 0.076347
5 0.344220 0.199016 0.079066 0.085533
5 0.292445 0.195357 0.047389 0.059464
5 0.432320 0.185924 0.077139 0.081223
5 0.484603 0.192366 0.034831 0.044106
5 0.467583 0.239033 0.094541 0.068691
5 0.453737 0.294949 0.076223 0.080523
5 0.361719 0.268622 0.067187 0.059119
5 0.323006 0.308974 0.080388 0.064823
5 0.394588 0.343461 0.076677 0.096297
5 0.333800 0.356882 0.055100 0.054389
5 0.584261 0.366238 0.077897 0.091852
5 0.506159 0.409955 0.087317 0.076161
5 0.462178 0.480510 0.093106 0.089145
5 0.552981 0.532536 0.077838 0.108822
5 0.594482 0.453725 0.095214 0.082450
5 0.298928 0.416648 0.044731 0.045795
5 0.234655 0.411021 0.053686 0.040792
5 0.361525 0.537486 0.063675 0.043722
5 0.287038 0.560787 0.064702 0.059073
5 0.227517 0.565964 0.061284 0.060053
5 0.265786 0.611455 0.050322 0.057286
5 0.251974 0.667654 0.072698 0.060308
5 0.360104 0.669980 0.067083 0.055586
5 0.331907 0.717689 0.057564 0.069753
5 0.289138 0.697370 0.053277 0.057239
5 0.268078 0.746794 0.058031 0.068587
5 0.259279 0.952362 0.068558 0.070350
5 0.292108 0.965386 0.065466 0.062022
5 0.376155 0.963458 0.071059 0.064416
5 0.410751 0.936914 0.077752 0.070703
5 0.657680 0.464751 0.074734 0.082627
5 0.759413 0.595941 0.087577 0.098131
5 0.835965 0.653416 0.112555 0.088083
5 0.840687 0.730147 0.071998 0.072794
5 0.788248 0.735648 0.088995 0.108795
5 0.710801 0.655561 0.074727 0.067372
5 0.688930 0.734979 0.093484 0.085583
5 0.634744 0.755224 0.078863 0.088573
5 0.633298 0.506434 0.050972 0.028494
5 0.260730 0.450365 0.049584 0.050730
5 0.219593 0.371380 0.054811 0.039634