3 0.336609 0.633546 0.135717 0.154592
3 0.273134 0.762305 0.168144 0.146484
3 0.272218 0.654991 0.053811 0.072481
3 0.303470 0.839648 0.072566 0.076172
3 0.404204 0.839734 0.145908 0.170092
4 0.498290 0.800288 0.065330 0.081827
4 0.551562 0.650190 0.093750 0.072255
2 0.608734 0.704605 0.136219 0.115461
2 0.470227 0.711518 0.159205 0.138661
3 0.391251 0.389683 0.157502 0.169991
2 0.614588 0.240786 0.172925 0.150322
2 0.554915 0.370916 0.144205 0.123081
3 0.506055 0.420208 0.068359 0.068541
2 0.491922 0.316084 0.121344 0.129042
2 0.334993 0.291016 0.116861 0.097656
3 0.329484 0.159483 0.152719 0.156466
4 0.297416 0.266975 0.066706 0.083950
2 0.632712 0.309055 0.062298 0.036859