5 0.549448 0.104834 0.108270 0.112794
5 0.592517 0.152165 0.078784 0.088705
5 0.689523 0.155648 0.113422 0.098795
5 0.742084 0.221598 0.074794 0.083822
5 0.683957 0.241976 0.077289 0.071452
5 0.553321 0.234684 0.112892 0.113119
5 0.431321 0.448128 0.100142 0.105631
5 0.512411 0.425538 0.115447 0.116700
5 0.674821 0.449919 0.127767 0.109213
5 0.600777 0.485270 0.107805 0.095541
5 0.581486 0.569320 0.116097 0.110514
5 0.459569 0.540934 0.103513 0.097494
5 0.430816 0.924202 0.124133 0.120280
5 0.314332 0.942399 0.122414 0.116048
5 0.293132 0.830095 0.105014 0.125814