5 0.061002 0.212940 0.097005 0.088380
5 0.082943 0.266373 0.084636 0.092122
5 0.023112 0.317757 0.046223 0.094889
5 0.033366 0.406006 0.066731 0.093262
5 0.176855 0.290999 0.100586 0.100748
5 0.270736 0.285108 0.107097 0.110841
5 0.277441 0.231917 0.098633 0.076334
5 0.218197 0.371175 0.089519 0.101725
5 0.274577 0.439990 0.096028 0.089355
5 0.357357 0.332276 0.055339 0.039552
5 0.326009 0.371241 0.105144 0.073731
5 0.334017 0.473975 0.083659 0.101075
5 0.248893 0.506722 0.085286 0.097819
5 0.191309 0.470915 0.073242 0.088705
5 0.466406 0.561752 0.101562 0.079753
5 0.555241 0.522998 0.113606 0.099122
5 0.575326 0.411442 0.094402 0.107259
5 0.646842 0.439600 0.099934 0.101075
5 0.604199 0.563362 0.108398 0.101725
5 0.547037 0.588948 0.062825 0.052897
5 0.915853 0.770443 0.097331 0.115886
5 0.956120 0.675016 0.087239 0.106283
5 0.973242 0.752979 0.052734 0.090333