5 0.052079 0.495324 0.072908 0.100023
5 0.095656 0.515804 0.069437 0.072233
5 0.450055 0.575699 0.118861 0.101398
5 0.517782 0.511744 0.101189 0.117237
5 0.560608 0.434110 0.099341 0.096345
5 0.470626 0.423064 0.091252 0.105503
5 0.443733 0.497592 0.062466 0.057684
5 0.945316 0.431124 0.075006 0.096623
5 0.980061 0.426482 0.041372 0.090464
5 0.545156 0.633622 0.096562 0.104744
5 0.468008 0.650829 0.089141 0.073533
0 0.135855 0.440723 0.106086 0.112695
0 0.129675 0.675457 0.096850 0.110289
0 0.066611 0.603110 0.092597 0.071845