5 0.079334 0.556086 0.118044 0.112172
5 0.175648 0.501905 0.116922 0.122561
5 0.162470 0.437409 0.103066 0.087317
5 0.123305 0.676949 0.118486 0.135148
5 0.242389 0.670501 0.128528 0.119127
5 0.292849 0.555689 0.138823 0.142628
5 0.279884 0.484187 0.094144 0.040248
5 0.375015 0.414513 0.131280 0.132152
5 0.419637 0.497861 0.139273 0.145722
5 0.535183 0.458746 0.123491 0.092492
5 0.503562 0.578993 0.119625 0.057986
5 0.832913 0.394898 0.181452 0.161670
5 0.824491 0.589676 0.192731 0.163727
5 0.842012 0.692468 0.165273 0.109936