5 0.725065 0.340772 0.128255 0.128419
5 0.751693 0.404802 0.069011 0.072103
5 0.614877 0.315625 0.111003 0.171875
5 0.511100 0.342464 0.125325 0.166178
5 0.552409 0.454573 0.104817 0.115397
5 0.674186 0.464388 0.154622 0.125652
5 0.702865 0.582796 0.158855 0.128092
5 0.540104 0.583448 0.130208 0.145020
5 0.390137 0.430225 0.170898 0.116700
5 0.320931 0.558350 0.085613 0.116700
5 0.407324 0.518441 0.124023 0.074381
5 0.413477 0.357178 0.095703 0.073731
5 0.351498 0.300928 0.106120 0.104981
5 0.251725 0.284652 0.094075 0.119303
5 0.116537 0.411637 0.139323 0.101400