5 0.513005 0.527593 0.116634 0.114561
5 0.642606 0.449234 0.163337 0.101594
5 0.561339 0.373407 0.147678 0.165564
5 0.585332 0.500524 0.114414 0.085423
5 0.481651 0.295593 0.116427 0.122436
5 0.408817 0.362775 0.155134 0.172425
5 0.506121 0.555641 0.140367 0.120658
5 0.367763 0.567204 0.154277 0.171908
5 0.317951 0.458552 0.142152 0.126478
5 0.341195 0.337116 0.085516 0.136733
5 0.281236 0.600556 0.099972 0.129238
5 0.198967 0.651120 0.097934 0.108489
5 0.188059 0.540949 0.097994 0.113148
5 0.073509 0.578095 0.140767 0.115564