5 0.290766 0.539979 0.097156 0.089333
5 0.328595 0.467732 0.079064 0.088589
5 0.409250 0.501555 0.093500 0.081234
5 0.380085 0.561763 0.094545 0.079775
5 0.327924 0.623933 0.090223 0.097866
5 0.480723 0.640000 0.058322 0.061250
5 0.531537 0.676048 0.075573 0.086470
5 0.504804 0.592366 0.090858 0.090981
5 0.533484 0.524331 0.070094 0.079912
5 0.586833 0.556230 0.089291 0.087459
5 0.609261 0.639498 0.090397 0.082122
5 0.620529 0.536239 0.066058 0.075603
5 0.735583 0.678727 0.083666 0.085580
5 0.785934 0.753205 0.081244 0.084534
5 0.716050 0.707603 0.069600 0.062081
5 0.734546 0.615687 0.065967 0.065748
5 0.822757 0.682752 0.079889 0.078005
5 0.824578 0.614472 0.083531 0.069569
5 0.776410 0.611784 0.043445 0.061067