5 0.611784 0.880465 0.082944 0.101555
5 0.510794 0.925419 0.084088 0.100837
5 0.441234 0.894656 0.088717 0.083062
5 0.440448 0.812282 0.096522 0.087064
5 0.524712 0.844202 0.090048 0.088403
5 0.515183 0.755962 0.089741 0.090048
3 0.390259 0.813793 0.077392 0.102586
3 0.442178 0.731976 0.087481 0.101452
3 0.498828 0.710886 0.035156 0.015522
3 0.395415 0.314844 0.125205 0.117188
3 0.419215 0.220908 0.094680 0.098066
3 0.437463 0.397820 0.059302 0.076889
3 0.500201 0.385770 0.125402 0.118416
4 0.531492 0.589193 0.103609 0.112761
4 0.412394 0.522796 0.093537 0.095592
4 0.573140 0.298015 0.099405 0.117905
5 0.619109 0.544797 0.110092 0.092719
5 0.574126 0.460979 0.092002 0.103208
5 0.575173 0.381516 0.044095 0.053656
5 0.625540 0.297954 0.035455 0.080283
2 0.610273 0.612115 0.083047 0.096105
2 0.468183 0.507636 0.108241 0.096522
2 0.470350 0.610166 0.087575 0.107831
2 0.481641 0.264802 0.097656 0.123355
5 0.516365 0.054651 0.092105 0.059302
5 0.398815 0.099563 0.091380 0.096002
4 0.415904 0.060891 0.106808 0.084283
5 0.329153 0.034278 0.080181 0.037306
5 0.495657 0.066002 0.056939 0.060130