5 0.050130 0.600553 0.100261 0.113606
5 0.111002 0.508220 0.112630 0.110189
5 0.182552 0.446761 0.096355 0.084147
5 0.222363 0.507991 0.110352 0.090983
5 0.166569 0.577263 0.086262 0.085775
5 0.133789 0.652100 0.095703 0.085450
5 0.431641 0.532308 0.097656 0.111491
5 0.529850 0.497901 0.125325 0.133302
5 0.611426 0.559977 0.110352 0.073080
5 0.558041 0.606657 0.128581 0.094564
5 0.592155 0.678255 0.115559 0.084636
5 0.456250 0.663477 0.125000 0.126953
5 0.837663 0.617757 0.140950 0.157389
5 0.935677 0.731364 0.127605 0.134603