5 0.384520 0.411172 0.150291 0.184844
5 0.480306 0.319287 0.201238 0.197948
5 0.568623 0.265488 0.127870 0.134102
5 0.677745 0.338338 0.183614 0.204802
5 0.558039 0.464619 0.209828 0.216737
5 0.751088 0.522305 0.217800 0.185236
5 0.420594 0.633941 0.159938 0.152256
5 0.556055 0.660777 0.199611 0.177803
5 0.478930 0.765407 0.185986 0.187064
5 0.633927 0.796693 0.139728 0.155886
5 0.739110 0.722203 0.200095 0.194406
5 0.094241 0.731619 0.082233 0.181987
5 0.047737 0.269062 0.064223 0.175623
5 0.090430 0.591884 0.090236 0.093144