5 0.134370 0.336100 0.099989 0.112825
5 0.117350 0.447645 0.106575 0.110916
5 0.207670 0.473947 0.096591 0.063519
5 0.220216 0.406983 0.115431 0.101466
5 0.269575 0.329795 0.107900 0.093964
5 0.384491 0.601887 0.100231 0.100650
5 0.409375 0.528873 0.078125 0.076495
5 0.440694 0.600323 0.047012 0.081897
5 0.502027 0.568821 0.104053 0.081392
0 0.490859 0.507862 0.091092 0.106348
5 0.569157 0.485287 0.088314 0.089323
5 0.530654 0.421461 0.098808 0.089797
5 0.509693 0.403640 0.081886 0.072905
5 0.677521 0.725063 0.064417 0.062627
5 0.690720 0.790409 0.075189 0.080819
5 0.722406 0.733158 0.069812 0.072566
5 0.788544 0.726541 0.077088 0.068706
5 0.749413 0.812427 0.076952 0.102978
5 0.863927 0.749730 0.109103 0.093211
5 0.853313 0.657902 0.103502 0.100178
5 0.893071 0.622740 0.058017 0.070480
5 0.820539 0.598864 0.091078 0.094603
5 0.857626 0.809251 0.087127 0.049752