4 0.192209 0.338063 0.218794 0.157377
4 0.652889 0.807924 0.118278 0.115848
0 0.523896 0.866645 0.113417 0.111414
0 0.862777 0.545834 0.144305 0.132292
4 0.924796 0.655451 0.124592 0.173402
4 0.148733 0.547102 0.219341 0.169205
5 0.313609 0.670815 0.139717 0.213505
5 0.423092 0.572117 0.168059 0.181734
5 0.474632 0.446099 0.199264 0.154698
5 0.374010 0.305603 0.176145 0.245581
5 0.480946 0.329539 0.055642 0.084078
5 0.872852 0.971680 0.111328 0.055859
5 0.930914 0.953534 0.096203 0.091442
5 0.807653 0.929511 0.077806 0.112147
5 0.498342 0.947396 0.137309 0.101042
5 0.630619 0.900182 0.111237 0.112864
5 0.234084 0.810733 0.127544 0.108966
5 0.410756 0.718927 0.109012 0.106603
5 0.944032 0.299786 0.100564 0.087072
5 0.037636 0.740104 0.075272 0.117708
5 0.035843 0.574861 0.071686 0.121597
4 0.269704 0.469537 0.189408 0.185948