5 0.354771 0.562650 0.118917 0.103425
5 0.426769 0.525017 0.106662 0.103159
5 0.399831 0.473691 0.084038 0.063006
5 0.444013 0.424158 0.069275 0.070191
5 0.487650 0.454488 0.090925 0.112100
5 0.414200 0.651298 0.097150 0.108845
5 0.553698 0.564471 0.101145 0.091442
5 0.566472 0.471445 0.104819 0.099139
5 0.640071 0.851660 0.111392 0.118945
5 0.544305 0.429326 0.032359 0.021152
5 0.710195 0.790970 0.104764 0.110064
5 0.739542 0.724706 0.107209 0.099413
5 0.826540 0.795780 0.134330 0.119686
5 0.850105 0.739154 0.112709 0.093933
5 0.175566 0.345158 0.107381 0.093441