5 0.343131 0.605843 0.133137 0.108561
5 0.363216 0.515023 0.129558 0.130045
5 0.443229 0.651807 0.098958 0.141114
5 0.539095 0.653565 0.150066 0.166505
5 0.482259 0.523291 0.136394 0.121583
5 0.631022 0.543831 0.152669 0.125163
5 0.463184 0.419450 0.104492 0.101400
5 0.570703 0.435401 0.128906 0.102052
5 0.532715 0.369791 0.049805 0.067708
5 0.485352 0.339730 0.095703 0.091959
5 0.426920 0.350538 0.056966 0.101075
5 0.712565 0.487126 0.112630 0.071127
5 0.922787 0.468441 0.154948 0.152506
5 0.887923 0.613135 0.185222 0.160645
5 0.929525 0.776774 0.140300 0.147298
5 0.868262 0.744808 0.108398 0.127116
5 0.980143 0.682862 0.038411 0.131348