3 0.089453 0.094531 0.128906 0.179688
3 0.460547 0.238086 0.136719 0.154297
3 0.324219 0.250586 0.195312 0.201172
4 0.168555 0.261719 0.146484 0.179688
5 0.047852 0.165820 0.095703 0.150391
5 0.065430 0.349219 0.130859 0.148438
5 0.150977 0.398828 0.189453 0.128906
5 0.300391 0.426367 0.113281 0.099609
0 0.345703 0.119922 0.113281 0.105469
0 0.750977 0.489063 0.142578 0.125000
0 0.702539 0.390625 0.158203 0.140625
0 0.559570 0.403711 0.166016 0.169922
0 0.495898 0.492578 0.107422 0.097656
0 0.571289 0.663867 0.173828 0.193359
0 0.761328 0.790430 0.160156 0.162109
0 0.910156 0.782813 0.148438 0.125000
0 0.968164 0.692969 0.064453 0.117188
3 0.869141 0.631250 0.160156 0.187500