4 0.636893 0.908594 0.108161 0.132812
4 0.700032 0.825195 0.131314 0.119141
4 0.518945 0.873437 0.103516 0.093750
4 0.551314 0.623828 0.105753 0.082031
4 0.754887 0.565039 0.125398 0.111328
4 0.677038 0.504883 0.113452 0.119141
4 0.521041 0.504883 0.107706 0.087891
4 0.605053 0.455469 0.103856 0.117188
3 0.572493 0.562891 0.129361 0.113281
3 0.667419 0.628516 0.116088 0.128906
5 0.530945 0.807031 0.090014 0.085938
4 0.635604 0.163672 0.105583 0.105469
4 0.620618 0.250391 0.097486 0.082031
4 0.650089 0.035156 0.084553 0.070312
5 0.574159 0.225586 0.048317 0.076172
5 0.645646 0.296289 0.035042 0.048828
5 0.741520 0.250000 0.086164 0.078125
5 0.788502 0.186328 0.089503 0.082031
5 0.729329 0.169727 0.080533 0.080078
5 0.722877 0.093164 0.089503 0.095703
5 0.787472 0.096484 0.046819 0.058594
5 0.775113 0.039062 0.078352 0.078125
5 0.716406 0.012695 0.070312 0.025391
5 0.660455 0.093164 0.061534 0.080078
5 0.605781 0.051562 0.055313 0.062500