5 0.880273 0.961523 0.091797 0.076172
5 0.788477 0.960938 0.095703 0.078125
5 0.711328 0.906250 0.097656 0.093750
5 0.565039 0.872656 0.126953 0.132812
5 0.584375 0.781836 0.125000 0.107422
5 0.622461 0.736328 0.123047 0.097656
5 0.366211 0.745898 0.138672 0.107422
5 0.639648 0.511328 0.091797 0.113281
3 0.566797 0.492773 0.152344 0.138672
3 0.399414 0.854297 0.142578 0.152344
2 0.481836 0.683203 0.138672 0.175781
2 0.422461 0.610938 0.123047 0.125000
2 0.398047 0.519336 0.121094 0.107422
4 0.587891 0.627734 0.128906 0.136719
5 0.584961 0.307422 0.123047 0.121094
5 0.438477 0.316016 0.111328 0.113281