5 0.868424 0.293864 0.093098 0.118978
5 0.820703 0.347787 0.113281 0.123698
5 0.489811 0.355534 0.107747 0.136067
5 0.403613 0.388526 0.172852 0.211427
5 0.359473 0.458220 0.137695 0.110189
5 0.279948 0.502946 0.106770 0.112142
5 0.540170 0.505876 0.180339 0.180502
5 0.371159 0.595524 0.214192 0.178548
5 0.276498 0.638135 0.137370 0.160645
5 0.482096 0.712988 0.182942 0.204102
5 0.642904 0.666227 0.145183 0.151205
5 0.559375 0.756624 0.109375 0.147623
5 0.101823 0.842041 0.200520 0.246581
5 0.057698 0.757210 0.115397 0.161295
5 0.035970 0.962679 0.071941 0.075358