5 0.052734 0.363737 0.105469 0.155598
5 0.126595 0.387370 0.087566 0.118489
5 0.014893 0.426644 0.029786 0.093912
5 0.040202 0.562223 0.080403 0.161947
5 0.398242 0.619531 0.130859 0.101562
5 0.069596 0.570362 0.073567 0.115723
5 0.378125 0.528727 0.156250 0.135580
5 0.384570 0.415755 0.150391 0.100261
5 0.445541 0.332048 0.128581 0.145345
5 0.571549 0.367595 0.139973 0.141439
5 0.517383 0.491976 0.134766 0.133952
5 0.820345 0.427327 0.150066 0.104655
5 0.884570 0.614372 0.166016 0.144369
5 0.484245 0.595882 0.055989 0.048014