5 0.090681 0.631780 0.121987 0.091684
5 0.230351 0.391101 0.098202 0.104077
5 0.265708 0.451717 0.109541 0.115934
5 0.299134 0.553788 0.123267 0.104452
5 0.334550 0.408665 0.094100 0.098580
5 0.383759 0.515535 0.095642 0.065445
5 0.478886 0.370939 0.126522 0.101253
5 0.500159 0.465760 0.125317 0.112770
5 0.512896 0.295050 0.022667 0.074475
5 0.570622 0.287691 0.103744 0.144133
5 0.659418 0.324743 0.100086 0.083861
5 0.626161 0.393352 0.121072 0.124203
5 0.656527 0.489989 0.138053 0.111228
5 0.572530 0.556066 0.110686 0.130883
5 0.992809 0.229483 0.013742 0.087091