3 0.308008 0.600195 0.119141 0.119141
0 0.394922 0.640039 0.089844 0.095703
0 0.431055 0.600977 0.099609 0.095703
0 0.525195 0.720508 0.072266 0.072266
2 0.551562 0.780859 0.093750 0.074219
2 0.343555 0.748047 0.068359 0.089844
2 0.299414 0.729102 0.048828 0.064453
2 0.287891 0.803320 0.097656 0.087891
2 0.455664 0.751563 0.080078 0.093750
2 0.501758 0.471484 0.087891 0.089844
4 0.539453 0.544336 0.097656 0.060547
3 0.386328 0.928711 0.113281 0.091797
2 0.377344 0.844531 0.101562 0.117188
2 0.483203 0.850977 0.113281 0.111328
2 0.467187 0.912109 0.046875 0.027344
3 0.515234 0.307617 0.074219 0.130859
3 0.442383 0.300391 0.119141 0.128906
3 0.577734 0.062891 0.042969 0.066406
5 0.331445 0.217578 0.134766 0.128906
5 0.443164 0.183594 0.126953 0.132812
5 0.578516 0.259766 0.128906 0.113281
5 0.607031 0.197070 0.054688 0.056641
5 0.570898 0.147266 0.123047 0.113281
4 0.495508 0.081055 0.134766 0.162109