5 0.063371 0.390813 0.089242 0.166002
5 0.120566 0.485120 0.128631 0.113989
5 0.199055 0.462405 0.088734 0.102934
5 0.225392 0.606700 0.132034 0.104025
5 0.120469 0.674143 0.109688 0.154536
5 0.392801 0.683981 0.126227 0.171088
5 0.381431 0.436306 0.134738 0.172613
5 0.468637 0.574134 0.165400 0.132642
5 0.461151 0.367345 0.106677 0.140939
5 0.489006 0.444290 0.112388 0.101080
5 0.559734 0.584486 0.081969 0.100222
5 0.736059 0.415388 0.065869 0.074527
5 0.732239 0.328402 0.111353 0.141178
5 0.840569 0.303958 0.159263 0.201666
5 0.901597 0.232123 0.121944 0.170497
5 0.923587 0.420309 0.153423 0.159367
5 0.912379 0.614607 0.165383 0.210464
5 0.956012 0.302925 0.083898 0.083975
5 0.977147 0.333929 0.044919 0.024108
5 0.948518 0.517291 0.065786 0.037708