5 0.143377 0.653723 0.143005 0.126197
5 0.312780 0.761109 0.128686 0.106592
5 0.255731 0.617498 0.061462 0.059995
5 0.298418 0.666721 0.096836 0.089692
5 0.368323 0.489951 0.174145 0.154902
5 0.560005 0.606330 0.170011 0.153286
5 0.525518 0.466587 0.157286 0.151925
5 0.525518 0.466587 0.157286 0.151925
5 0.525518 0.466587 0.157286 0.151925
5 0.443588 0.337917 0.121550 0.163334
5 0.443588 0.337917 0.121550 0.163334
5 0.549602 0.354944 0.127328 0.078637
5 0.865082 0.089347 0.152039 0.103694
5 0.964370 0.108559 0.072489 0.129617