0 0.552539 0.497070 0.158203 0.087891
0 0.636719 0.702539 0.101562 0.095703
5 0.538672 0.757617 0.121094 0.162109
5 0.458984 0.669336 0.105469 0.060547
5 0.541406 0.396094 0.132812 0.148438
5 0.310352 0.422852 0.080078 0.080078
5 0.331445 0.369531 0.103516 0.085938
5 0.231836 0.430664 0.107422 0.126953
5 0.196289 0.345117 0.111328 0.130859
5 0.362109 0.286719 0.136719 0.101562
5 0.259570 0.235156 0.134766 0.132812
5 0.325195 0.225000 0.041016 0.078125
5 0.153711 0.184961 0.123047 0.107422
5 0.153711 0.077930 0.091797 0.115234
4 0.063281 0.065430 0.117188 0.130859