5 0.931963 0.371165 0.123300 0.142330
5 0.919983 0.541751 0.143091 0.142877
5 0.966900 0.292573 0.065050 0.110145
5 0.891471 0.320672 0.095442 0.100719
5 0.556242 0.396388 0.087484 0.105277
5 0.397255 0.358705 0.103884 0.070536
5 0.397255 0.358705 0.103884 0.070536
5 0.349152 0.437417 0.063928 0.090459
5 0.349152 0.437417 0.063928 0.090459
5 0.428076 0.438850 0.124902 0.140200
5 0.521493 0.374048 0.092986 0.116847
5 0.533717 0.624145 0.114309 0.160789
5 0.446874 0.581121 0.134373 0.146617
5 0.391640 0.553263 0.089530 0.097152