5 0.393335 0.491624 0.130420 0.101998
5 0.259190 0.504105 0.077755 0.089459
5 0.231457 0.416172 0.103539 0.088594
5 0.204020 0.365880 0.098664 0.072384
5 0.319980 0.393657 0.077459 0.087314
5 0.427066 0.402469 0.113508 0.114312
5 0.449755 0.362945 0.083886 0.097766
5 0.532294 0.377423 0.092713 0.111097
5 0.536814 0.474577 0.104878 0.108530
5 0.480927 0.552848 0.133728 0.108820
5 0.651650 0.645773 0.109550 0.129047
5 0.544020 0.618885 0.084916 0.078395
5 0.369286 0.535808 0.085447 0.074741
3 0.586222 0.591020 0.094319 0.110164