5 0.207877 0.355811 0.112630 0.114747
5 0.211295 0.461849 0.103841 0.108073
5 0.104557 0.407308 0.118489 0.111491
5 0.307194 0.299007 0.101887 0.110514
5 0.278906 0.222314 0.117188 0.104003
5 0.341178 0.335173 0.051106 0.051595
5 0.442350 0.369222 0.125325 0.129069
5 0.557910 0.300798 0.122070 0.098470
5 0.567545 0.384001 0.135091 0.133627
5 0.488509 0.483773 0.105144 0.130045
5 0.612826 0.475277 0.141277 0.119303
5 0.529818 0.565772 0.115886 0.112794
5 0.582910 0.596273 0.090820 0.114420
5 0.475879 0.620231 0.098633 0.124838
5 0.413477 0.562207 0.111328 0.102539
5 0.748502 0.749495 0.128255 0.095866
5 0.894303 0.740088 0.160481 0.133302
5 0.924381 0.791911 0.133137 0.099447
5 0.933594 0.602327 0.132812 0.135905
5 0.888248 0.558643 0.076497 0.061036
5 0.992025 0.583708 0.015300 0.048666
5 0.977897 0.657015 0.043294 0.057780