5 0.083080 0.436903 0.159911 0.142556
5 0.019193 0.341013 0.038386 0.122652
5 0.086035 0.358844 0.097070 0.048938
5 0.033297 0.534821 0.066594 0.144642
5 0.049122 0.681117 0.098244 0.159109
5 0.121770 0.643973 0.134164 0.131695
5 0.099440 0.749552 0.098880 0.083480
5 0.024434 0.794300 0.048867 0.079225
5 0.380493 0.586363 0.151611 0.135227
5 0.383289 0.455273 0.138453 0.126170
5 0.355402 0.379271 0.082678 0.080417
5 0.439440 0.343258 0.132005 0.142766
5 0.521227 0.264257 0.114328 0.150389
5 0.631552 0.325370 0.147480 0.135116
5 0.563870 0.397445 0.124614 0.107389
5 0.500825 0.481108 0.142275 0.127841
5 0.502226 0.588745 0.101327 0.096239
5 0.623063 0.542966 0.152377 0.145306
5 0.576020 0.643486 0.123914 0.127597
5 0.682643 0.512070 0.115286 0.111639
5 0.921713 0.322292 0.109052 0.110209
5 0.954673 0.432000 0.084347 0.117125
5 0.931534 0.518670 0.128694 0.112339
5 0.979262 0.318959 0.036650 0.116042
5 0.970507 0.576205 0.053514 0.102409
5 0.918296 0.370113 0.074092 0.037100
5 0.870605 0.465578 0.084961 0.049906