5 0.085409 0.547408 0.111442 0.126066
5 0.083193 0.414993 0.122636 0.139361
5 0.048875 0.300573 0.069625 0.141770
5 0.239534 0.294681 0.141569 0.164362
5 0.311825 0.310752 0.048650 0.121503
5 0.382377 0.360924 0.149130 0.115598
5 0.403202 0.273968 0.118903 0.094811
5 0.381736 0.467623 0.154097 0.122747
5 0.415366 0.577228 0.149483 0.129456
5 0.458647 0.397170 0.098544 0.094341
5 0.529526 0.302710 0.099677 0.121045
5 0.617965 0.335508 0.123430 0.155391
5 0.674797 0.312698 0.074594 0.116022
5 0.723461 0.419976 0.128172 0.102452
5 0.671577 0.455784 0.158778 0.130317
5 0.919166 0.522757 0.160208 0.123639
5 0.602692 0.577166 0.139759 0.135581
5 0.579105 0.676561 0.123836 0.159372
5 0.477627 0.533633 0.074003 0.079766