5 0.110493 0.645827 0.105361 0.088528
5 0.121677 0.691137 0.130853 0.082275
5 0.246677 0.723781 0.127730 0.122562
5 0.229034 0.625038 0.136192 0.118825
5 0.100100 0.519202 0.122075 0.097780
5 0.158365 0.445831 0.129230 0.129163
5 0.269978 0.508949 0.127456 0.105398
5 0.421598 0.494392 0.127570 0.098159
5 0.461589 0.552011 0.116928 0.113397
5 0.454060 0.634704 0.117495 0.088158
5 0.553011 0.605963 0.090397 0.096302
5 0.533281 0.445946 0.110312 0.120017
5 0.467834 0.442209 0.051294 0.078169
5 0.910230 0.639913 0.076709 0.079827
5 0.965799 0.584457 0.069098 0.100164
5 0.891543 0.495134 0.117461 0.096519
5 0.979990 0.664770 0.041230 0.067039
5 0.342658 0.203941 0.079066 0.076631
5 0.064159 0.137811 0.081442 0.069372
5 0.195408 0.080602 0.068941 0.064330
5 0.614607 0.268778 0.060464 0.071931
5 0.835455 0.518381 0.055286 0.055512