5 0.968134 0.637980 0.064394 0.094709
5 0.852007 0.628148 0.079014 0.090670
5 0.769014 0.609220 0.088028 0.087189
5 0.812306 0.530268 0.090237 0.088661
5 0.786000 0.487493 0.068875 0.056236
5 0.729344 0.518552 0.077438 0.049605
5 0.517550 0.569224 0.091350 0.094698
5 0.549773 0.483745 0.087047 0.092489
5 0.554565 0.410797 0.090380 0.077844
5 0.504631 0.421652 0.037388 0.065178
5 0.458584 0.424799 0.076544 0.074598
5 0.454675 0.489378 0.103100 0.097506
5 0.443304 0.534245 0.077233 0.062239
5 0.200443 0.500353 0.097761 0.103831
5 0.283450 0.444944 0.107525 0.093012
5 0.140116 0.473249 0.064608 0.068373
5 0.152287 0.397702 0.120198 0.111030
5 0.246463 0.346685 0.108552 0.108995
5 0.305109 0.336525 0.072719 0.098050
5 0.184441 0.317211 0.075131 0.087547
5 0.046331 0.297275 0.067663 0.103925