5 0.033407 0.973856 0.066814 0.050838
5 0.082737 0.927389 0.112350 0.107903
5 0.124957 0.889395 0.096789 0.110039
5 0.110943 0.980321 0.090636 0.038767
5 0.623368 0.919958 0.149861 0.143041
5 0.930170 0.745317 0.097841 0.175009
5 0.799450 0.773770 0.095775 0.091291
5 0.694372 0.749609 0.123119 0.130467
5 0.313490 0.687689 0.126980 0.134753
5 0.253216 0.740852 0.097058 0.103578
5 0.204940 0.633019 0.150505 0.119162
5 0.029504 0.498354 0.059008 0.140458
5 0.353638 0.576135 0.126027 0.117895
5 0.277146 0.477152 0.098042 0.098055
5 0.198261 0.478238 0.071522 0.065852
5 0.532192 0.591463 0.076884 0.073550
5 0.623175 0.583173 0.127600 0.122595
5 0.563914 0.487941 0.118453 0.113383
5 0.637920 0.466477 0.082091 0.101703
5 0.493543 0.450428 0.062086 0.075856
5 0.843852 0.189140 0.143953 0.131405
5 0.183859 0.093391 0.161469 0.139908
5 0.263532 0.182684 0.105189 0.096619
5 0.139016 0.298816 0.090533 0.091381
5 0.016550 0.314391 0.033100 0.141283