5 0.177422 0.400769 0.092344 0.120287
5 0.250659 0.442537 0.082569 0.075698
5 0.259327 0.530449 0.115530 0.098398
5 0.245322 0.598929 0.096894 0.085358
5 0.567273 0.589293 0.109545 0.094211
5 0.613546 0.591617 0.052092 0.092609
5 0.986762 0.416857 0.026650 0.093089
0 0.913787 0.429696 0.090073 0.096892
0 0.964066 0.555493 0.071881 0.092236
0 0.849730 0.487730 0.102584 0.081709
0 0.581086 0.495572 0.112172 0.100519
0 0.553538 0.434413 0.075825 0.075077
0 0.023772 0.437030 0.035044 0.089686
0 0.915000 0.628228 0.098750 0.087706