5 0.239627 0.525296 0.113628 0.100592
5 0.323862 0.572636 0.107098 0.060897
5 0.267610 0.472001 0.085220 0.069002
5 0.409480 0.394427 0.081459 0.104480
5 0.474210 0.369509 0.101545 0.123394
5 0.553395 0.423841 0.134916 0.113306
5 0.470205 0.487289 0.090409 0.090203
5 0.497795 0.585484 0.111216 0.114717
5 0.579795 0.558266 0.118964 0.104031
5 0.849839 0.339690 0.109053 0.113755
5 0.868280 0.309032 0.089684 0.083689
5 0.930512 0.430712 0.070398 0.058298
5 0.855023 0.446566 0.056922 0.049381
5 0.932331 0.540527 0.055288 0.065430
5 0.069082 0.629362 0.110039 0.102473
5 0.049345 0.501751 0.098689 0.094127
5 0.035311 0.445349 0.070622 0.071948
5 0.026467 0.698412 0.052934 0.099948