0 0.586163 0.526706 0.156702 0.087787
0 0.685505 0.734966 0.105386 0.098058
5 0.591532 0.785896 0.123689 0.162417
5 0.504297 0.695182 0.105469 0.059114
5 0.567491 0.423553 0.131856 0.147106
5 0.339373 0.438603 0.084995 0.083456
5 0.357136 0.385590 0.108022 0.089930
5 0.261531 0.442908 0.110563 0.126441
5 0.220273 0.355004 0.112420 0.131883
5 0.380791 0.305827 0.136583 0.102280
5 0.275537 0.247656 0.135448 0.132812
5 0.339471 0.240984 0.044567 0.078842
5 0.165877 0.193592 0.125505 0.109059
5 0.160363 0.085179 0.089475 0.114108
4 0.067363 0.068220 0.119100 0.133316