5 0.936261 0.406058 0.106897 0.121491
5 0.930483 0.554582 0.101591 0.106039
5 0.855538 0.525689 0.104827 0.054503
5 0.493037 0.383970 0.092325 0.092941
5 0.426220 0.438820 0.118066 0.102639
5 0.425995 0.438641 0.117614 0.102283
5 0.482030 0.499164 0.104684 0.107703
5 0.482030 0.499164 0.104684 0.107703
5 0.447346 0.584665 0.116567 0.106830
5 0.048969 0.598425 0.097937 0.099975
5 0.040087 0.547173 0.080175 0.100595
5 0.035334 0.428461 0.070669 0.116297
5 0.089105 0.341351 0.106334 0.113952
5 0.060346 0.412985 0.048817 0.057220