5 0.230407 0.682505 0.117064 0.115009
5 0.158145 0.785907 0.110041 0.115564
5 0.172412 0.679772 0.069823 0.100169
5 0.367867 0.700873 0.107609 0.129870
5 0.417669 0.776495 0.125963 0.096739
5 0.403650 0.869882 0.076050 0.099139
5 0.337027 0.858775 0.117805 0.139425
5 0.270034 0.922337 0.071319 0.054048
5 0.228813 0.868355 0.107625 0.114834
5 0.303550 0.687806 0.035225 0.050613
0 0.268089 0.764184 0.123678 0.125244
5 0.412898 0.475195 0.041420 0.062891
5 0.480576 0.478173 0.120527 0.118845
5 0.568642 0.529788 0.112284 0.087700
5 0.595179 0.459699 0.109108 0.119398
5 0.644790 0.365502 0.123955 0.112255
5 0.526233 0.378427 0.111841 0.106855
5 0.424638 0.394138 0.108650 0.097652
5 0.473457 0.311795 0.093789 0.086089
5 0.573119 0.287435 0.105612 0.121745
5 0.771321 0.135599 0.111392 0.118073
5 0.714564 0.052805 0.097878 0.105609
5 0.818695 0.034643 0.112389 0.069286
5 0.648577 0.112068 0.081528 0.102261