5 0.061035 0.770134 0.122070 0.112142
5 0.161426 0.692920 0.110352 0.095216
5 0.064746 0.674073 0.104492 0.113770
5 0.069108 0.563655 0.103841 0.108561
5 0.136784 0.542855 0.089192 0.091959
5 0.043880 0.511247 0.084636 0.081869
5 0.015463 0.585823 0.030925 0.084147
5 0.081738 0.492887 0.032227 0.038900
5 0.408789 0.476123 0.080078 0.083497
5 0.445768 0.591390 0.038411 0.057780
5 0.485416 0.610856 0.067708 0.077963
5 0.553516 0.580876 0.097656 0.102377
5 0.469466 0.528434 0.098308 0.097494
5 0.459830 0.439534 0.100911 0.082194
5 0.491504 0.386377 0.083008 0.088380
5 0.547201 0.452588 0.078777 0.070802
5 0.711133 0.500195 0.087891 0.072266
5 0.780078 0.496891 0.082031 0.075033
5 0.763021 0.422282 0.104167 0.094564
5 0.702702 0.397608 0.080403 0.079591
5 0.757812 0.347770 0.078125 0.064291
5 0.894955 0.334913 0.083659 0.085450
5 0.937565 0.278580 0.081380 0.085286
5 0.962435 0.372559 0.074870 0.088867