5 0.060964 0.154852 0.121928 0.162830
5 0.175415 0.130726 0.119580 0.133327
5 0.174215 0.235651 0.126555 0.111927
5 0.244380 0.182881 0.057511 0.081388
5 0.226601 0.271119 0.115702 0.095362
5 0.070001 0.292980 0.111877 0.120336
5 0.154297 0.359428 0.124219 0.137606
5 0.066323 0.409617 0.098270 0.125484
5 0.027384 0.351631 0.054767 0.128263
5 0.251155 0.526737 0.092936 0.125348
5 0.356638 0.466952 0.125777 0.118278
5 0.349044 0.551001 0.107462 0.098877
5 0.503642 0.405682 0.107284 0.136364
5 0.612488 0.443729 0.128100 0.115583
5 0.477915 0.611320 0.115205 0.110139
5 0.400167 0.635013 0.106584 0.120027
5 0.704920 0.598159 0.109839 0.111942
5 0.721114 0.524705 0.089103 0.080661
5 0.812481 0.558702 0.128087 0.111153
5 0.808252 0.663651 0.132130 0.111677
5 0.737263 0.754902 0.115150 0.131678
5 0.618424 0.766189 0.121223 0.113628
5 0.566020 0.710157 0.116414 0.104689
5 0.784695 0.844660 0.113139 0.133070
5 0.884597 0.798114 0.103569 0.130603
5 0.823852 0.884712 0.094580 0.125673
5 0.887323 0.693173 0.087145 0.086347
5 0.909331 0.638076 0.081162 0.098027
4 0.579468 0.537914 0.118311 0.100828