5 0.159505 0.842529 0.115886 0.091308
5 0.273014 0.864632 0.111653 0.126139
5 0.319466 0.951791 0.113933 0.097331
5 0.383789 0.900228 0.095703 0.112956
5 0.675553 0.464616 0.113606 0.113606
5 0.350326 0.848747 0.047527 0.050619
5 0.599479 0.565267 0.114583 0.130534
5 0.572949 0.471403 0.108398 0.120931
5 0.486523 0.537874 0.123047 0.116373
5 0.421908 0.506429 0.071941 0.090983
5 0.451432 0.440967 0.102864 0.091309
5 0.431283 0.347363 0.118816 0.110352
5 0.396680 0.413037 0.037109 0.054198
5 0.754948 0.352100 0.091145 0.069825
5 0.835384 0.291878 0.105144 0.105631
5 0.732552 0.289534 0.111980 0.113444
5 0.784277 0.186068 0.127930 0.115886
5 0.625228 0.241178 0.112956 0.113606
5 0.594205 0.167302 0.085286 0.087728
5 0.676074 0.152637 0.092773 0.092773