5 0.261068 0.555030 0.069011 0.091309
5 0.318295 0.567187 0.133464 0.109375
5 0.387793 0.491455 0.131836 0.107911
5 0.324479 0.466862 0.114583 0.093098
5 0.462467 0.401791 0.131184 0.112956
5 0.438509 0.593604 0.120769 0.137208
5 0.388021 0.669987 0.119792 0.124348
5 0.538867 0.486019 0.099609 0.093912
5 0.585938 0.370573 0.125000 0.122395
5 0.474740 0.302067 0.127605 0.122884
5 0.622103 0.564144 0.112956 0.140788
5 0.700944 0.417269 0.133137 0.125163
5 0.755599 0.246501 0.139323 0.133627
5 0.679752 0.164470 0.128255 0.110189
5 0.621549 0.134327 0.139973 0.118653
5 0.763379 0.063884 0.129883 0.127767
5 0.680729 0.047445 0.098958 0.094889
5 0.847363 0.308155 0.110352 0.122559
5 0.716602 0.522705 0.111328 0.092286
5 0.568131 0.595264 0.086262 0.134278
5 0.441341 0.695491 0.113933 0.106608
5 0.534082 0.692887 0.086914 0.085775
5 0.793034 0.573421 0.089192 0.096842
5 0.709961 0.706202 0.091797 0.087403
5 0.491211 0.828711 0.107422 0.091797
5 0.543555 0.922282 0.083984 0.110189
5 0.574381 0.770524 0.070637 0.100423
5 0.682487 0.940804 0.093098 0.090983
5 0.725912 0.632308 0.061198 0.064616
5 0.431217 0.947233 0.084309 0.103841
5 0.527018 0.924821 0.116536 0.112142
5 0.830892 0.456299 0.083659 0.084473
5 0.838151 0.539616 0.079427 0.066731
5 0.468750 0.476514 0.046875 0.040528
5 0.393815 0.404638 0.050130 0.071777
5 0.424381 0.333252 0.023762 0.041505
5 0.636914 0.235466 0.111328 0.074056