5 0.068266 0.626988 0.136533 0.166477
5 0.075486 0.488259 0.150972 0.148392
5 0.174960 0.367163 0.159295 0.159325
5 0.046611 0.360873 0.093222 0.146745
5 0.133259 0.316598 0.097769 0.101945
5 0.485890 0.390277 0.121780 0.121180
5 0.434462 0.559649 0.134548 0.103673
5 0.780670 0.438155 0.064464 0.101309
5 0.840333 0.437864 0.111916 0.116353
5 0.916083 0.383487 0.107166 0.120098
5 0.922874 0.495907 0.111373 0.107439
5 0.901698 0.637823 0.109647 0.135020
5 0.771453 0.565220 0.124156 0.058564
5 0.310718 0.782938 0.096436 0.094002