3 0.863672 0.813477 0.089844 0.080078
3 0.693164 0.930273 0.080078 0.076172
3 0.613672 0.855078 0.074219 0.097656
3 0.790820 0.687305 0.072266 0.068359
3 0.663086 0.558984 0.107422 0.105469
3 0.582812 0.530273 0.093750 0.091797
3 0.478320 0.624414 0.087891 0.080078
3 0.531055 0.361719 0.068359 0.085938
3 0.358789 0.461328 0.111328 0.097656
3 0.382812 0.554688 0.093750 0.109375
3 0.468164 0.457813 0.111328 0.093750
2 0.407227 0.371875 0.111328 0.125000
2 0.608203 0.668945 0.097656 0.103516
4 0.849023 0.917773 0.076172 0.076172
4 0.771289 0.930469 0.095703 0.101562
4 0.819141 0.853516 0.113281 0.097656
4 0.762695 0.806250 0.103516 0.093750
4 0.685352 0.853906 0.095703 0.101562
4 0.559570 0.600977 0.087891 0.111328
4 0.477344 0.352539 0.085938 0.111328
5 0.541992 0.470508 0.068359 0.056641
5 0.525977 0.439453 0.080078 0.082031
5 0.512695 0.680273 0.087891 0.076172
5 0.658594 0.641211 0.070312 0.060547
5 0.491797 0.727930 0.058594 0.052734
5 0.638477 0.718164 0.064453 0.064453
5 0.640430 0.786719 0.068359 0.070312
5 0.739258 0.868555 0.041016 0.052734
5 0.806641 0.782813 0.019531 0.031250
3 0.479297 0.537891 0.105469 0.097656
4 0.777930 0.736133 0.083984 0.072266
4 0.701953 0.749805 0.082031 0.083984
4 0.715820 0.681445 0.087891 0.087891
4 0.712500 0.594336 0.078125 0.091797
4 0.563867 0.757812 0.099609 0.125000
3 0.102344 0.301172 0.101562 0.105469
3 0.298242 0.199805 0.083984 0.115234
3 0.228125 0.192773 0.125000 0.107422
3 0.238867 0.094336 0.115234 0.107422
3 0.156836 0.048242 0.107422 0.083984
5 0.192188 0.289648 0.062500 0.060547
5 0.168750 0.260156 0.078125 0.085938
4 0.110156 0.198047 0.117188 0.105469
5 0.048438 0.226562 0.078125 0.078125
5 0.042969 0.135742 0.085938 0.099609