5 0.764064 0.885230 0.128128 0.126709
5 0.879768 0.824735 0.122036 0.118220
5 0.966720 0.876201 0.067814 0.096152
5 0.927832 0.785648 0.099414 0.118170
5 0.723734 0.692585 0.078717 0.091420
5 0.551549 0.534963 0.112473 0.104300
5 0.535700 0.457368 0.074525 0.067861
5 0.457282 0.503741 0.108314 0.101233
5 0.407166 0.261509 0.101833 0.107394
5 0.474884 0.248985 0.087267 0.110470
5 0.273365 0.319380 0.093605 0.095009
5 0.521371 0.634184 0.098992 0.115244
5 0.887916 0.949831 0.094581 0.071538
5 0.611045 0.470259 0.075216 0.087394
5 0.575543 0.429010 0.076086 0.048645
5 0.630872 0.513073 0.055494 0.073022