5 0.370670 0.553239 0.119466 0.103353
5 0.442285 0.514095 0.106445 0.103191
5 0.413705 0.464632 0.083659 0.063639
5 0.455892 0.413363 0.068034 0.070475
5 0.500098 0.442090 0.090820 0.112305
5 0.432552 0.640544 0.096355 0.109213
5 0.569531 0.550586 0.101562 0.091797
5 0.579720 0.459098 0.103191 0.099447
5 0.663802 0.835563 0.111980 0.118002
5 0.556738 0.416911 0.032227 0.021322
5 0.732259 0.773682 0.105144 0.109864
5 0.761361 0.705648 0.107097 0.098795
5 0.848633 0.776839 0.134766 0.119303
5 0.870541 0.718343 0.112956 0.092936
5 0.186361 0.340381 0.107097 0.093262