5 0.407910 0.605452 0.122070 0.104655
5 0.542057 0.651888 0.118489 0.125652
5 0.505013 0.574626 0.094402 0.086752
5 0.480371 0.468311 0.135742 0.130372
5 0.493295 0.382812 0.102214 0.078125
5 0.386556 0.438460 0.101238 0.114420
5 0.444841 0.380745 0.058431 0.064616
5 0.380827 0.492009 0.080403 0.049642
5 0.895182 0.451351 0.102864 0.102702
5 0.830371 0.459652 0.057617 0.072428
5 0.925195 0.378792 0.103516 0.107584
5 0.900521 0.560498 0.088542 0.083497
5 0.900455 0.621663 0.069661 0.055827
5 0.965267 0.615674 0.068034 0.115723
5 0.965267 0.506299 0.068034 0.100098
5 0.983301 0.414241 0.032227 0.090983
5 0.557748 0.463395 0.027995 0.064291