5 0.116770 0.444123 0.186664 0.138245
5 0.045628 0.665998 0.091256 0.185122
5 0.043191 0.322199 0.086383 0.178773
5 0.409430 0.552771 0.128236 0.124292
5 0.410199 0.650182 0.123523 0.125364
5 0.510048 0.604581 0.098220 0.124788
5 0.438869 0.398924 0.105862 0.129098
5 0.535705 0.440864 0.127661 0.119228
5 0.618702 0.570504 0.143653 0.134758
5 0.652047 0.726025 0.116594 0.142675
5 0.741489 0.538054 0.123603 0.132358
5 0.841695 0.584307 0.155266 0.118614
5 0.806759 0.719034 0.129144 0.116194
5 0.702389 0.768190 0.101653 0.127005