5 0.472465 0.377882 0.088680 0.087014
5 0.575976 0.365944 0.095702 0.072513
5 0.580372 0.424580 0.095119 0.086659
5 0.504444 0.442112 0.065138 0.071723
5 0.586898 0.471215 0.055045 0.029930
5 0.523454 0.497971 0.087533 0.083442
5 0.438574 0.478705 0.077148 0.076161
5 0.381779 0.441170 0.076058 0.072964
5 0.418952 0.522378 0.087903 0.085381
5 0.370005 0.486407 0.058759 0.047814
5 0.380723 0.798070 0.073947 0.074264
5 0.434846 0.840284 0.088442 0.099317
5 0.533355 0.799855 0.091711 0.090334
5 0.554648 0.738470 0.074922 0.061314
5 0.437805 0.902478 0.088109 0.083081
5 0.504193 0.838573 0.055261 0.080270
5 0.542277 0.145210 0.078303 0.065420
5 0.483702 0.223812 0.011155 0.044498
5 0.440927 0.235202 0.022480 0.064155