5 0.654408 0.624556 0.111941 0.108488
5 0.600252 0.690134 0.088005 0.108394
5 0.779670 0.578198 0.131216 0.100145
5 0.915823 0.494607 0.125397 0.117339
5 0.957716 0.433418 0.046681 0.041836
5 0.826659 0.448438 0.115817 0.137502
5 0.237859 0.722873 0.085092 0.095745
5 0.184436 0.654398 0.075122 0.068172
5 0.200916 0.568310 0.089333 0.089745
5 0.224907 0.524458 0.071689 0.067666
5 0.254145 0.643164 0.077039 0.083203
5 0.327851 0.627445 0.080702 0.086141
5 0.360514 0.540710 0.086653 0.090795
5 0.421231 0.573016 0.086212 0.096031
5 0.419787 0.474397 0.080200 0.101919
5 0.460589 0.462555 0.061803 0.100111
5 0.531276 0.533863 0.103177 0.086477
5 0.528911 0.620891 0.135947 0.091781
5 0.581922 0.506402 0.110719 0.112805
5 0.603428 0.444391 0.100606 0.110658
5 0.697963 0.491378 0.108427 0.110881
5 0.697203 0.414077 0.100656 0.096905
5 0.510494 0.480336 0.055363 0.060672
5 0.546425 0.447985 0.017850 0.036595