5 0.507905 0.423094 0.087686 0.086813
5 0.611217 0.420002 0.094309 0.068130
5 0.620060 0.480838 0.096370 0.086677
5 0.545381 0.491539 0.065763 0.070578
5 0.631827 0.528879 0.054278 0.026508
5 0.569639 0.549046 0.089278 0.082467
5 0.482699 0.521492 0.077898 0.077359
5 0.422177 0.479133 0.075603 0.070766
5 0.465813 0.562104 0.087875 0.086708
5 0.413229 0.521780 0.057708 0.049811
5 0.452541 0.836389 0.073833 0.072778
5 0.510302 0.882947 0.089353 0.100269
5 0.605671 0.853215 0.092592 0.090805
5 0.622645 0.793545 0.073416 0.062089
5 0.517766 0.947544 0.088656 0.079463
5 0.579109 0.887383 0.058217 0.081016
5 0.558924 0.196960 0.077223 0.065795
5 0.505833 0.270877 0.011666 0.044878
5 0.464886 0.277488 0.023522 0.064352