5 0.109928 0.729248 0.207356 0.224120
5 0.089518 0.545784 0.179036 0.207194
5 0.513184 0.346680 0.073242 0.130859
5 0.181998 0.397087 0.170247 0.209798
5 0.597949 0.376123 0.155273 0.161620
5 0.604818 0.265870 0.115886 0.109864
5 0.739877 0.290544 0.157878 0.156087
5 0.921842 0.274854 0.115559 0.074708
5 0.933431 0.349284 0.132488 0.136067
5 0.741862 0.453174 0.171223 0.162598
5 0.577702 0.536019 0.174153 0.156413
5 0.791080 0.600114 0.179036 0.165853
5 0.633724 0.635416 0.139323 0.161458
5 0.714974 0.672803 0.092448 0.104981