5 0.662695 0.791602 0.087891 0.111328
5 0.647852 0.704102 0.095703 0.080078
5 0.406055 0.691211 0.068359 0.060547
5 0.595313 0.867578 0.062500 0.082031
5 0.441406 0.882617 0.054688 0.083984
3 0.356836 0.802734 0.091797 0.121094
4 0.419727 0.779102 0.142578 0.142578
4 0.583398 0.764453 0.123047 0.128906
2 0.481250 0.653906 0.125000 0.132812
5 0.644336 0.355273 0.107422 0.107422
5 0.377930 0.427344 0.052734 0.054688
4 0.563086 0.411914 0.123047 0.111328
4 0.449805 0.429102 0.099609 0.095703
2 0.491211 0.343750 0.123047 0.140625
2 0.579492 0.280273 0.130859 0.138672
0 0.379297 0.358398 0.105469 0.091797
5 0.310547 0.312109 0.136719 0.105469
3 0.430078 0.073633 0.050781 0.087891
5 0.531641 0.012695 0.082031 0.025391
5 0.395508 0.032227 0.103516 0.064453
4 0.536914 0.045703 0.080078 0.082031