5 0.169498 0.396240 0.092122 0.120605
5 0.242904 0.436280 0.082683 0.075684
5 0.249805 0.522184 0.115234 0.097494
5 0.234115 0.591748 0.096355 0.083497
5 0.556250 0.572037 0.109375 0.094075
5 0.604492 0.574593 0.052734 0.092936
5 0.983952 0.389046 0.033528 0.096842
0 0.906022 0.403434 0.090169 0.097494
0 0.959277 0.527311 0.081055 0.092122
0 0.841895 0.464209 0.102539 0.081544
0 0.573177 0.478337 0.111980 0.100423
0 0.545898 0.419255 0.076172 0.076009
0 0.017171 0.437028 0.034342 0.089681
0 0.905404 0.601351 0.098308 0.087077