5 0.111121 0.550566 0.112867 0.088633
5 0.111121 0.550566 0.112867 0.088633
5 0.113220 0.449715 0.113939 0.108805
5 0.190262 0.426828 0.064898 0.088031
5 0.190262 0.426828 0.064898 0.088031
5 0.229183 0.450845 0.086491 0.086066
5 0.494710 0.515772 0.120670 0.109669
5 0.629732 0.472791 0.100089 0.108083
5 0.629732 0.472791 0.100089 0.108083
5 0.568089 0.485366 0.048678 0.080106
5 0.943700 0.613035 0.112400 0.113570
5 0.943700 0.613035 0.112400 0.113570
5 0.481877 0.599023 0.095005 0.032422
5 0.958908 0.522363 0.083441 0.113475
5 0.908973 0.522666 0.030447 0.073456