5 0.229179 0.263801 0.114608 0.121352
5 0.337516 0.214991 0.106283 0.123733
5 0.341825 0.105676 0.080525 0.095727
5 0.312206 0.314587 0.083788 0.082298
5 0.416758 0.228677 0.080391 0.110480
5 0.449718 0.291969 0.105686 0.093312
5 0.455795 0.574418 0.108466 0.111336
5 0.475247 0.682991 0.100494 0.109731
5 0.514384 0.723326 0.116269 0.127902
5 0.550082 0.609738 0.112664 0.110102
5 0.574827 0.534827 0.093403 0.104030
5 0.648660 0.547549 0.094195 0.110723
5 0.685264 0.855716 0.098653 0.080183
5 0.718124 0.960880 0.111248 0.078009
5 0.760152 0.918088 0.129678 0.114300
5 0.866492 0.828311 0.123609 0.128497
5 0.789274 0.792601 0.087923 0.103952