5 0.759705 0.880292 0.085036 0.088709
5 0.732393 0.689984 0.086661 0.079967
4 0.790448 0.704346 0.046520 0.077442
4 0.642558 0.809052 0.113241 0.105605
4 0.533291 0.791074 0.110331 0.107148
4 0.568388 0.728243 0.108652 0.112736
4 0.595429 0.579554 0.078358 0.071608
4 0.747315 0.573006 0.085255 0.108512
4 0.795781 0.551885 0.041563 0.035020
4 0.661082 0.433052 0.112789 0.109853
4 0.733037 0.400214 0.091073 0.116053
5 0.573936 0.413502 0.079122 0.073878
5 0.797988 0.161859 0.080352 0.064342
5 0.781699 0.110975 0.107148 0.103200
5 0.777655 0.043012 0.049061 0.061025
5 0.717109 0.057118 0.102969 0.098611
5 0.625643 0.028598 0.082536 0.057195
5 0.538378 0.144922 0.011131 0.042969
5 0.571434 0.130605 0.067867 0.086211
5 0.610350 0.198614 0.061325 0.059728
3 0.811495 0.792646 0.072989 0.097792
3 0.680498 0.897616 0.104745 0.120231
3 0.616660 0.931176 0.058320 0.049852
3 0.576612 0.882713 0.112598 0.134177
3 0.545020 0.679911 0.096291 0.091072
3 0.650918 0.678993 0.117461 0.129861
3 0.581688 0.500630 0.113377 0.113759
3 0.676962 0.551302 0.103925 0.124480
3 0.794442 0.486220 0.117009 0.100564
4 0.803036 0.866558 0.046697 0.058116
3 0.617489 0.089277 0.113103 0.100428
4 0.630262 0.174603 0.066775 0.077331
4 0.700546 0.157050 0.094842 0.098475