5 0.437943 0.622514 0.113386 0.095028
5 0.449613 0.590720 0.086725 0.075191
5 0.438279 0.481259 0.095308 0.087517
5 0.503933 0.420684 0.104741 0.113242
5 0.434527 0.430912 0.047178 0.030575
5 0.597116 0.480633 0.112983 0.092516
5 0.561634 0.579638 0.120144 0.103027
5 0.554933 0.670034 0.109866 0.105694
5 0.717670 0.601469 0.110339 0.087313
5 0.832445 0.584170 0.089891 0.087091
5 0.749232 0.531030 0.101589 0.102686
5 0.701793 0.477509 0.106711 0.089392
5 0.740625 0.439621 0.065625 0.082367
5 0.812129 0.440120 0.105508 0.108366
5 0.563281 0.213798 0.070312 0.071345
5 0.290370 0.138502 0.074491 0.067628
5 0.816005 0.283484 0.063259 0.066967
5 0.635223 0.176256 0.051697 0.068137