5 0.245280 0.241065 0.115559 0.119630
5 0.349935 0.184717 0.106120 0.122559
5 0.346289 0.076872 0.080078 0.097494
5 0.330566 0.284522 0.083008 0.081544
5 0.429037 0.191683 0.076823 0.111491
5 0.466634 0.251807 0.105144 0.094239
5 0.490137 0.530843 0.108398 0.108561
5 0.516016 0.639209 0.097656 0.112794
5 0.556966 0.673747 0.113933 0.128744
5 0.586166 0.558887 0.112956 0.108398
5 0.605924 0.480713 0.093098 0.102052
5 0.681348 0.489958 0.090820 0.111166
5 0.736816 0.790870 0.098633 0.078614
5 0.777051 0.911670 0.110352 0.110841
5 0.814453 0.847673 0.128906 0.114095
5 0.913834 0.749398 0.121419 0.130045
5 0.833920 0.720264 0.086589 0.103028