3 0.089430 0.089401 0.128861 0.178802
3 0.460309 0.222563 0.136242 0.154502
3 0.322679 0.239955 0.195358 0.201786
4 0.166782 0.255332 0.146064 0.179414
5 0.047360 0.164019 0.094720 0.149913
5 0.064466 0.346776 0.128933 0.149802
5 0.149499 0.393226 0.189623 0.130202
5 0.298862 0.416173 0.113350 0.097972
0 0.344152 0.106774 0.113305 0.104173
0 0.747829 0.463012 0.142533 0.126023
0 0.699551 0.368034 0.158477 0.139192
0 0.557917 0.383398 0.165834 0.169922
0 0.492620 0.475623 0.107116 0.094997
0 0.566659 0.642606 0.173942 0.194587
0 0.756538 0.763185 0.159952 0.160745
0 0.905486 0.751563 0.148472 0.125000
0 0.963704 0.658866 0.064908 0.117733
3 0.865885 0.600068 0.159895 0.187636