2 0.561015 0.909273 0.115780 0.140420
2 0.267092 0.395805 0.121684 0.144736
2 0.314095 0.173424 0.146939 0.149973
3 0.384856 0.113947 0.129087 0.149769
3 0.425105 0.252545 0.134584 0.133214
3 0.032510 0.078977 0.065020 0.145453
3 0.594191 0.439184 0.085256 0.122117
3 0.496920 0.819118 0.125091 0.131986
3 0.821103 0.787119 0.076581 0.111738
4 0.748796 0.836775 0.138217 0.139175
4 0.758721 0.730209 0.111192 0.101042
4 0.544291 0.631306 0.138581 0.146987
4 0.382845 0.642844 0.131314 0.104438
4 0.425559 0.569034 0.119869 0.113069
4 0.632259 0.548503 0.086392 0.090756
2 0.321662 0.554524 0.118323 0.134048
5 0.766887 0.909840 0.121275 0.079055
5 0.656409 0.943248 0.094069 0.098995
5 0.651608 0.721717 0.109466 0.109059
5 0.663613 0.651805 0.095977 0.103609
5 0.740484 0.672256 0.059094 0.044512
5 0.614630 0.604107 0.094884 0.101964
5 0.481159 0.680939 0.109194 0.140003
5 0.552744 0.518541 0.096113 0.093333
5 0.514140 0.440913 0.100155 0.128702
5 0.398333 0.473581 0.099791 0.103412
5 0.304115 0.070555 0.058230 0.056734
5 0.255687 0.093606 0.111373 0.115338
4 0.179770 0.053447 0.103289 0.091269
4 0.220816 0.279367 0.129133 0.133734
2 0.129447 0.333040 0.130769 0.122330
2 0.377317 0.293592 0.176509 0.109059