5 0.590597 0.301478 0.090569 0.131081
5 0.503033 0.334784 0.112316 0.094569
5 0.540023 0.425362 0.114420 0.091348
5 0.580502 0.567320 0.092255 0.119014
5 0.492481 0.517570 0.119338 0.107014
5 0.648140 0.346796 0.086905 0.096717
5 0.456922 0.463489 0.066969 0.020728
5 0.451195 0.404300 0.083639 0.030475
5 0.816622 0.454635 0.105119 0.065520
5 0.859163 0.410480 0.055827 0.108461
5 0.911391 0.417884 0.094658 0.101394
5 0.907355 0.501771 0.099086 0.084792
5 0.838777 0.543645 0.093178 0.056039
5 0.789085 0.536825 0.040670 0.054900
5 0.558171 0.623506 0.066342 0.062637
5 0.481105 0.575870 0.071586 0.064241
5 0.469997 0.627350 0.083744 0.085950
5 0.443527 0.685138 0.099555 0.073402
5 0.445309 0.738656 0.096867 0.071063
5 0.754971 0.742316 0.078692 0.069008
5 0.812552 0.699958 0.068853 0.078041
5 0.847528 0.679048 0.054431 0.073722
5 0.934377 0.588541 0.093755 0.092708
5 0.931234 0.646429 0.074969 0.061608
5 0.213237 0.403132 0.132723 0.115639