5 0.816186 0.901705 0.160497 0.144036
5 0.837838 0.733284 0.213175 0.191567
5 0.674712 0.847480 0.152548 0.198084
5 0.593699 0.957723 0.124898 0.046695
5 0.380480 0.949780 0.195336 0.080809
5 0.134570 0.978903 0.119141 0.035931
5 0.489776 0.844274 0.179552 0.197923
5 0.316962 0.624349 0.168298 0.183073
5 0.192255 0.481746 0.172011 0.138492
5 0.122048 0.348760 0.150345 0.160020
5 0.141321 0.242516 0.148267 0.110033
5 0.215333 0.139673 0.161916 0.163722
5 0.205673 0.029298 0.126972 0.058597
5 0.347053 0.033146 0.150356 0.066292
5 0.504287 0.030951 0.136698 0.061902
5 0.795259 0.062787 0.162394 0.125573
5 0.921536 0.031239 0.118072 0.062478
5 0.970582 0.289453 0.056789 0.097656
5 0.924029 0.384809 0.107433 0.103994
5 0.854716 0.495248 0.187556 0.149870
5 0.790973 0.373171 0.166322 0.143217
5 0.866607 0.279533 0.158214 0.127816
5 0.799918 0.180521 0.099836 0.114167
5 0.550113 0.155292 0.156477 0.135584
5 0.418738 0.102734 0.140602 0.105469
5 0.398398 0.212227 0.140545 0.124455
5 0.388073 0.415994 0.176145 0.160112
5 0.484919 0.513855 0.176088 0.168334
5 0.593598 0.604470 0.137195 0.162066
5 0.660316 0.323518 0.164381 0.156411