5 0.072591 0.154573 0.129558 0.162272
5 0.186295 0.128239 0.119466 0.134603
5 0.194727 0.231071 0.126953 0.112142
5 0.259570 0.177946 0.056641 0.080892
5 0.250716 0.264958 0.113933 0.095541
5 0.095963 0.291553 0.110677 0.120606
5 0.185352 0.355616 0.126953 0.136231
5 0.101791 0.408301 0.097331 0.125977
5 0.042969 0.355209 0.085938 0.135417
5 0.295248 0.520557 0.090495 0.125489
5 0.396127 0.459001 0.126628 0.118002
5 0.396061 0.542497 0.107747 0.097494
5 0.539062 0.394352 0.109375 0.135580
5 0.650748 0.428011 0.123372 0.115397
5 0.530338 0.599170 0.110677 0.110841
5 0.457324 0.624447 0.108398 0.120769
5 0.756738 0.580827 0.110352 0.111653
5 0.765658 0.507308 0.087566 0.080241
5 0.859701 0.539046 0.125652 0.112467
5 0.865006 0.644483 0.133137 0.110841
5 0.801270 0.735742 0.118164 0.130859
5 0.684408 0.749398 0.118816 0.114420
5 0.627116 0.694841 0.113606 0.105306
5 0.855827 0.824463 0.111653 0.133302
5 0.949381 0.775798 0.101887 0.129720
5 0.900423 0.864470 0.091472 0.125814
5 0.947819 0.672249 0.086262 0.085123
5 0.961686 0.614860 0.076497 0.098470
4 0.625944 0.523812 0.117512 0.100748