5 0.943913 0.658876 0.112825 0.127127
5 0.943913 0.658876 0.112825 0.127127
5 0.649377 0.550646 0.101878 0.095042
5 0.649377 0.550646 0.101878 0.095042
5 0.544262 0.656891 0.104150 0.101281
5 0.544262 0.656891 0.104150 0.101281
5 0.508983 0.534039 0.121091 0.124328
5 0.508983 0.534039 0.121091 0.124328
5 0.581206 0.511866 0.081162 0.101858
5 0.126364 0.623538 0.118353 0.134577
5 0.126364 0.623538 0.118353 0.134577
5 0.281412 0.433750 0.125325 0.111250
5 0.281412 0.433750 0.125325 0.111250
5 0.158065 0.378550 0.103630 0.128975
5 0.158065 0.378550 0.103630 0.128975
5 0.084480 0.460596 0.118959 0.111817
5 0.084480 0.460596 0.118959 0.111817
5 0.057987 0.552585 0.056600 0.108295
5 0.057987 0.552585 0.056600 0.108295
5 0.873577 0.669504 0.050278 0.026508
5 0.894930 0.739015 0.111736 0.040530