5 0.075000 0.540039 0.140625 0.095703
5 0.086719 0.384766 0.148438 0.113281
0 0.248047 0.641406 0.105469 0.148438
0 0.192969 0.408594 0.117188 0.101562
0 0.268359 0.470508 0.121094 0.119141
0 0.333398 0.558203 0.154297 0.128906
0 0.342773 0.692773 0.123047 0.138672
0 0.432617 0.701758 0.083984 0.134766
0 0.521289 0.678320 0.142578 0.212891
0 0.574805 0.537109 0.177734 0.136719
0 0.618750 0.471289 0.156250 0.111328
0 0.439258 0.411523 0.134766 0.107422
0 0.364648 0.433203 0.091797 0.097656
0 0.589844 0.416016 0.117188 0.066406
0 0.500977 0.396094 0.064453 0.085938
0 0.591211 0.675195 0.060547 0.134766