5 0.082494 0.120040 0.108738 0.115080
5 0.134599 0.129209 0.050448 0.058417
5 0.034233 0.185572 0.068466 0.118019
5 0.136635 0.205592 0.126395 0.104934
5 0.066348 0.274656 0.113945 0.105563
5 0.022236 0.317318 0.044472 0.097136
5 0.448286 0.352471 0.090322 0.073692
5 0.523375 0.413979 0.084250 0.087333
5 0.459019 0.407690 0.102412 0.112255
5 0.468920 0.506623 0.106591 0.094497
5 0.528514 0.497907 0.069528 0.086439
5 0.484433 0.571390 0.090741 0.083405
5 0.382977 0.470676 0.090953 0.075727
5 0.329258 0.488718 0.080391 0.071186
5 0.368131 0.581735 0.086262 0.104095
5 0.300402 0.517534 0.032053 0.035067
5 0.320329 0.566354 0.078158 0.088958
5 0.695712 0.627526 0.085173 0.095677
5 0.426510 0.626216 0.084270 0.068056
5 0.771664 0.642052 0.096453 0.096605
5 0.695698 0.628822 0.085147 0.095144
5 0.806322 0.598623 0.065769 0.050372
5 0.867638 0.641730 0.104027 0.083459
5 0.861167 0.724142 0.116084 0.088909
5 0.758829 0.718297 0.095783 0.102219
5 0.647307 0.714257 0.078989 0.072264
5 0.683122 0.776874 0.069369 0.069373
5 0.766755 0.781440 0.092886 0.059755
5 0.817123 0.819887 0.102997 0.108525
5 0.860272 0.908720 0.095544 0.092441
5 0.772692 0.937373 0.079759 0.093495
5 0.737915 0.872344 0.103955 0.113437
5 0.654251 0.818476 0.096002 0.086952
0 0.425428 0.610007 0.041481 0.054389