5 0.731673 0.499821 0.169597 0.159017
5 0.716439 0.374235 0.126628 0.129720
5 0.595182 0.499577 0.165364 0.142903
5 0.472949 0.659945 0.155273 0.157389
5 0.384473 0.508968 0.153320 0.171061
5 0.391439 0.374235 0.126628 0.145345
5 0.277637 0.496582 0.108398 0.118164
5 0.301953 0.598323 0.144531 0.115397
5 0.326823 0.429280 0.044270 0.030436
5 0.225651 0.406088 0.110677 0.140300
5 0.161784 0.444124 0.104817 0.163248
5 0.058431 0.538395 0.116863 0.158041
5 0.078646 0.731169 0.135417 0.140462
5 0.229264 0.712907 0.111653 0.157064
5 0.077539 0.491813 0.111328 0.118002
5 0.086719 0.421191 0.054688 0.067383