5 0.351161 0.372652 0.121072 0.123428
5 0.046018 0.610367 0.092036 0.105109
5 0.358788 0.570958 0.120702 0.110666
5 0.401584 0.488166 0.131294 0.135706
5 0.475303 0.596298 0.109981 0.158222
5 0.452677 0.350773 0.120978 0.154672
5 0.508476 0.307400 0.101327 0.142925
5 0.574831 0.417058 0.155913 0.115366
5 0.758596 0.394795 0.098442 0.108339
5 0.743873 0.525627 0.109620 0.107503
5 0.711406 0.611637 0.113437 0.107650
5 0.850119 0.434978 0.118987 0.104331
5 0.817998 0.574266 0.089122 0.107906
5 0.907280 0.549687 0.105186 0.121248
5 0.650534 0.552590 0.076067 0.080180