5 0.570229 0.525038 0.134208 0.131327
5 0.455205 0.551447 0.126036 0.137269
5 0.555362 0.648503 0.132600 0.128256
5 0.430046 0.680514 0.125717 0.136028
5 0.382784 0.582516 0.084317 0.108783
5 0.104729 0.576059 0.121958 0.114619
5 0.211487 0.559991 0.129225 0.126233
5 0.096887 0.695731 0.087525 0.125837
5 0.099680 0.392813 0.102486 0.116877
5 0.375466 0.405984 0.100931 0.111967
5 0.459728 0.424651 0.138206 0.130552
5 0.506163 0.343518 0.118577 0.115161
5 0.574488 0.414377 0.108352 0.097505
5 0.649030 0.484745 0.107434 0.103864
5 0.614228 0.693240 0.087831 0.108355
5 0.535410 0.715502 0.083320 0.065378
5 0.984625 0.562638 0.031750 0.103400
5 0.966971 0.486076 0.065192 0.090902
5 0.238075 0.463070 0.110525 0.054266
5 0.184594 0.418378 0.087938 0.093006
5 0.067116 0.307159 0.090481 0.086194
5 0.038908 0.340480 0.030941 0.105959