5 0.418754 0.608510 0.121883 0.104520
5 0.553020 0.654991 0.118541 0.125606
5 0.514436 0.577766 0.094497 0.086783
5 0.488241 0.469883 0.135856 0.130391
5 0.499576 0.386066 0.102277 0.078383
5 0.394244 0.440130 0.100988 0.114634
5 0.450745 0.382253 0.057741 0.064506
5 0.388807 0.495294 0.080739 0.049962
5 0.903032 0.456077 0.102939 0.102780
5 0.838414 0.464308 0.058078 0.072366
5 0.931426 0.383567 0.103477 0.107759
5 0.909763 0.565175 0.088275 0.083475
5 0.911612 0.626466 0.070098 0.056056
5 0.970896 0.621176 0.057417 0.114227
5 0.970214 0.512585 0.059178 0.100170
5 0.987345 0.421953 0.024689 0.084531
5 0.565898 0.466567 0.028670 0.064384