5 0.242448 0.132438 0.122395 0.133627
5 0.356055 0.097054 0.115234 0.122233
5 0.469271 0.090202 0.119792 0.111653
5 0.423730 0.193002 0.116211 0.126628
5 0.294629 0.220134 0.098633 0.127767
5 0.200684 0.180924 0.088867 0.093098
5 0.177702 0.062581 0.080403 0.109537
5 0.266113 0.038981 0.125977 0.077963
5 0.388314 0.375162 0.111003 0.125325
5 0.463412 0.379085 0.076823 0.114420
5 0.528744 0.461377 0.132488 0.104005
5 0.506510 0.557991 0.106770 0.122233
5 0.387662 0.544288 0.140950 0.147950
5 0.545280 0.795134 0.131184 0.159017
5 0.615202 0.779443 0.080403 0.124511
5 0.692936 0.888248 0.107747 0.123372
5 0.627637 0.910987 0.139648 0.146973
5 0.517709 0.951627 0.119792 0.097005
5 0.399935 0.959115 0.106120 0.080730
5 0.439063 0.882829 0.046875 0.075033
5 0.423307 0.987874 0.087239 0.022623
5 0.083496 0.430550 0.088867 0.070475
5 0.633920 0.105420 0.086589 0.079591
5 0.645736 0.679834 0.060222 0.065919