5 0.766819 0.370907 0.121138 0.126189
5 0.602620 0.265273 0.120866 0.155547
5 0.475979 0.311520 0.136333 0.113664
5 0.480732 0.424438 0.123964 0.139502
5 0.446214 0.536475 0.139303 0.122950
5 0.392558 0.473184 0.085116 0.086994
5 0.846175 0.469445 0.126725 0.138889
5 0.735158 0.521880 0.135941 0.118761
0 0.532605 0.560710 0.087084 0.108920
5 0.669906 0.481474 0.058562 0.031698
5 0.706612 0.423338 0.110098 0.043552
5 0.659252 0.591575 0.074753 0.086275
5 0.607294 0.699811 0.086462 0.071497
5 0.861449 0.735060 0.076023 0.088870
5 0.578787 0.671765 0.079448 0.068530
5 0.611018 0.588077 0.047036 0.063653
5 0.226132 0.322677 0.071014 0.064103
5 0.178031 0.422033 0.087313 0.047191
5 0.488373 0.766206 0.057997 0.069913
5 0.777913 0.929100 0.065202 0.055075
5 0.423909 0.853237 0.072819 0.056473
5 0.440031 0.764694 0.051938 0.066888
5 0.319710 0.695391 0.058170 0.065783
5 0.239974 0.796115 0.067448 0.060980