5 0.318912 0.373747 0.156575 0.144369
5 0.454525 0.333610 0.140300 0.145345
5 0.580957 0.315284 0.133789 0.158692
5 0.663216 0.398845 0.176433 0.125814
5 0.659635 0.514405 0.106770 0.106934
5 0.609863 0.605680 0.125977 0.108236
5 0.551237 0.495491 0.139973 0.137858
5 0.426172 0.442073 0.136719 0.131022
5 0.303092 0.509945 0.162434 0.126139
5 0.410189 0.592530 0.126628 0.169434
5 0.298666 0.591195 0.112956 0.079264
5 0.435384 0.650147 0.073894 0.065919
5 0.519791 0.261442 0.098958 0.091634
5 0.580078 0.189470 0.113281 0.094564
5 0.446842 0.204964 0.084309 0.103678
5 0.367611 0.207291 0.091472 0.083333