5 0.500772 0.625377 0.110919 0.110128
5 0.427770 0.541061 0.121164 0.100872
5 0.556697 0.499003 0.116519 0.101131
5 0.440895 0.480312 0.103664 0.051250
5 0.431570 0.410725 0.119389 0.093325
5 0.454979 0.357453 0.044333 0.061781
5 0.516338 0.346390 0.113927 0.133405
5 0.587495 0.376173 0.053116 0.089845
5 0.895861 0.694759 0.101097 0.127019
5 0.960541 0.641080 0.080456 0.094661
5 0.831834 0.609470 0.116792 0.103314
5 0.791516 0.505182 0.117408 0.054114
5 0.830101 0.445045 0.088327 0.108839
5 0.907462 0.424627 0.093048 0.121130
5 0.969070 0.469792 0.063139 0.058334
5 0.965773 0.439846 0.031545 0.039067
5 0.962959 0.544998 0.072792 0.118122