3 0.750040 0.801045 0.078205 0.080214
3 0.345358 0.584075 0.109466 0.105650
3 0.507920 0.495322 0.093966 0.100019
3 0.452211 0.568566 0.107547 0.099633
5 0.853091 0.713099 0.078056 0.085573
5 0.692267 0.500584 0.078284 0.066792
4 0.638527 0.738636 0.080180 0.080397
4 0.346737 0.324194 0.084098 0.076513
4 0.494526 0.111787 0.085927 0.086073
4 0.513879 0.252480 0.099633 0.101836
4 0.418813 0.276320 0.093875 0.090139
4 0.364516 0.409720 0.082156 0.097566
4 0.207462 0.541704 0.074298 0.080283
4 0.195525 0.449309 0.103550 0.070494
4 0.642301 0.408283 0.062727 0.082191
0 0.933812 0.676470 0.095748 0.068564
0 0.824983 0.574805 0.078091 0.068359
0 0.669198 0.669345 0.082145 0.066816
0 0.503009 0.668255 0.068519 0.080259
0 0.323505 0.495633 0.062636 0.072516
2 0.331134 0.233996 0.099769 0.105492
4 0.565888 0.411857 0.088027 0.095589
4 0.683248 0.594438 0.097747 0.092002