2 0.709570 0.869922 0.087891 0.121094
0 0.680664 0.714844 0.080078 0.117188
2 0.553711 0.808594 0.123047 0.101562
5 0.470117 0.550586 0.099609 0.091797
4 0.542578 0.916016 0.128906 0.128906
4 0.737305 0.773828 0.083984 0.097656
4 0.615039 0.861328 0.033203 0.050781
3 0.501953 0.780859 0.097656 0.105469
3 0.580859 0.554492 0.105469 0.130859
3 0.499023 0.468555 0.138672 0.130859
3 0.516406 0.340430 0.117188 0.146484
0 0.714258 0.357031 0.119141 0.132812
5 0.431445 0.418359 0.087891 0.105469
0 0.486328 0.137109 0.082031 0.121094
0 0.435937 0.138086 0.046875 0.044922
0 0.464844 0.061133 0.148438 0.119141
0 0.583398 0.135742 0.013672 0.068359
0 0.517969 0.167383 0.054688 0.119141
0 0.610938 0.452734 0.093750 0.074219