5 0.049259 0.219805 0.082892 0.095861
5 0.088551 0.205055 0.083352 0.094486
5 0.147145 0.373888 0.128666 0.116527
5 0.206461 0.292869 0.103547 0.116987
5 0.321597 0.297685 0.099444 0.114120
5 0.287963 0.407996 0.104052 0.112867
5 0.266261 0.481624 0.082522 0.088248
5 0.338473 0.508681 0.080070 0.073612
5 0.398991 0.481423 0.119856 0.128470
5 0.397079 0.413044 0.112908 0.085462
5 0.542954 0.377663 0.089033 0.117827
5 0.638103 0.452980 0.132456 0.127836
5 0.650694 0.614291 0.120138 0.103583
5 0.591904 0.697519 0.124433 0.126287
5 0.482774 0.614652 0.106173 0.129303