5 0.149805 0.332822 0.099609 0.112519
5 0.139160 0.444600 0.106445 0.111075
5 0.228939 0.468948 0.095378 0.062897
5 0.240430 0.400864 0.115234 0.101728
5 0.284798 0.323562 0.107097 0.093998
5 0.413541 0.592425 0.098958 0.100475
5 0.434375 0.519542 0.078125 0.076584
5 0.469662 0.589395 0.045573 0.081916
5 0.528971 0.555089 0.104817 0.082053
0 0.514486 0.495172 0.091472 0.105969
5 0.591471 0.471431 0.089192 0.089737
5 0.550391 0.409217 0.097656 0.090309
5 0.529183 0.390172 0.080241 0.074094
5 0.711426 0.707973 0.063477 0.062820
5 0.727734 0.773197 0.074219 0.080769
5 0.758594 0.715963 0.070312 0.072550
5 0.824674 0.706245 0.077473 0.068739
5 0.788248 0.793798 0.076497 0.103222
5 0.899674 0.729436 0.108723 0.093247
5 0.885807 0.637813 0.102864 0.100627
5 0.923373 0.600541 0.059245 0.069831
5 0.848535 0.578836 0.090820 0.095172
5 0.896582 0.787738 0.086914 0.050477