5 0.110961 0.403420 0.137547 0.106841
5 0.209448 0.326830 0.081395 0.109909
5 0.225495 0.432373 0.107241 0.105372
5 0.170901 0.507809 0.107427 0.121867
5 0.378305 0.496916 0.140984 0.096956
5 0.414591 0.392068 0.122931 0.134136
5 0.329245 0.385703 0.052241 0.068281
5 0.283984 0.362777 0.096092 0.100553
5 0.422452 0.594220 0.129280 0.132189
5 0.539172 0.539341 0.143969 0.138058
5 0.540958 0.407553 0.125666 0.121356
5 0.613202 0.446561 0.126403 0.111872
5 0.551496 0.347458 0.077992 0.029291
5 0.533540 0.614223 0.104580 0.065945
5 0.608863 0.582188 0.048975 0.073752