5 0.072982 0.554346 0.117839 0.111817
5 0.169369 0.498780 0.116863 0.122559
5 0.157845 0.436214 0.103191 0.088053
5 0.115495 0.675440 0.118489 0.135255
5 0.236002 0.667139 0.128255 0.118653
5 0.286686 0.550895 0.138997 0.142416
5 0.273600 0.479802 0.094075 0.040853
5 0.370280 0.408350 0.131184 0.132325
5 0.415137 0.491830 0.139648 0.146159
5 0.530273 0.449838 0.123047 0.093425
5 0.497396 0.570003 0.119792 0.058756
5 0.828320 0.379411 0.181641 0.161947
5 0.818066 0.575212 0.192383 0.162923
5 0.835645 0.677458 0.165039 0.111166