5 0.152223 0.730641 0.204447 0.223781
5 0.119034 0.545737 0.184942 0.207100
5 0.531042 0.349768 0.071459 0.130786
5 0.205434 0.398675 0.173369 0.209850
5 0.619851 0.379313 0.155327 0.161752
5 0.622270 0.269143 0.116416 0.110161
5 0.757400 0.295060 0.155425 0.155745
5 0.939341 0.279424 0.116183 0.074473
5 0.943997 0.353970 0.112994 0.136066
5 0.767676 0.456209 0.169727 0.162419
5 0.607463 0.539120 0.174302 0.156366
5 0.826527 0.604899 0.181178 0.166048
5 0.673126 0.639968 0.136877 0.161186
5 0.755277 0.677527 0.091803 0.105053