5 0.791700 0.869473 0.133400 0.173320
5 0.718610 0.787780 0.165345 0.209936
5 0.820254 0.555362 0.199883 0.201350
5 0.581747 0.581329 0.144744 0.143908
5 0.596258 0.452713 0.117516 0.111677
5 0.569178 0.394244 0.138356 0.166612
5 0.496562 0.375125 0.080623 0.144000
5 0.403044 0.352150 0.140462 0.169925
5 0.345213 0.410177 0.131050 0.142228
5 0.378845 0.515453 0.092064 0.071531
5 0.316654 0.699495 0.102058 0.114616
5 0.286523 0.609089 0.091797 0.090053
5 0.228059 0.684271 0.102994 0.115417
5 0.122797 0.730245 0.101844 0.104241
5 0.180248 0.757839 0.119872 0.121928
5 0.269529 0.806410 0.107808 0.119070
5 0.362278 0.861461 0.137056 0.119797
5 0.152901 0.885261 0.127677 0.123647
5 0.723712 0.529320 0.150548 0.196139