5 0.643143 0.582066 0.117536 0.086006
5 0.542292 0.660877 0.103334 0.109253
5 0.542292 0.660877 0.103334 0.109253
5 0.529491 0.468873 0.096483 0.097122
5 0.529491 0.468873 0.096483 0.097122
5 0.609788 0.467889 0.078950 0.082653
5 0.560625 0.398523 0.099375 0.109545
5 0.560625 0.398523 0.099375 0.109545
5 0.440136 0.436463 0.105272 0.097925
5 0.337161 0.488209 0.099322 0.098294
5 0.345608 0.618726 0.109966 0.090577
5 0.255169 0.457009 0.079088 0.089019
5 0.205434 0.478691 0.098367 0.091758
5 0.205434 0.478691 0.098367 0.091758
5 0.039477 0.538509 0.057080 0.083267
5 0.044998 0.660180 0.061872 0.089109