5 0.889006 0.403963 0.171762 0.139177
5 0.905866 0.491084 0.130483 0.082169
5 0.905866 0.491084 0.130483 0.082169
5 0.586927 0.541005 0.142603 0.128884
5 0.495284 0.623194 0.112442 0.127638
5 0.495284 0.623194 0.112442 0.127638
5 0.502116 0.496380 0.116731 0.127136
5 0.502116 0.496380 0.116731 0.127136
5 0.565234 0.380243 0.133592 0.122986
5 0.565234 0.380243 0.133592 0.122986
5 0.515278 0.336130 0.108681 0.128511
5 0.515278 0.336130 0.108681 0.128511
5 0.408059 0.408480 0.128619 0.123209
5 0.408059 0.408480 0.128619 0.123209
5 0.216295 0.442877 0.095089 0.117005
5 0.205159 0.592198 0.113444 0.103147
5 0.205159 0.592198 0.113444 0.103147
5 0.280334 0.613405 0.082544 0.092436
5 0.280334 0.613405 0.082544 0.092436
5 0.809362 0.348917 0.093725 0.050959
5 0.100690 0.534395 0.120130 0.106291
5 0.031756 0.655320 0.063512 0.088764
5 0.275767 0.468927 0.095284 0.072230
5 0.291331 0.486684 0.088913 0.026492
5 0.307663 0.549094 0.112200 0.045062