5 0.194173 0.374354 0.113347 0.114333
5 0.195388 0.479459 0.103277 0.112042
5 0.090325 0.416719 0.118150 0.111563
5 0.297512 0.326274 0.101273 0.111923
5 0.271355 0.244656 0.117711 0.101813
5 0.329247 0.365419 0.052244 0.049587
5 0.428504 0.408829 0.125758 0.130158
5 0.547365 0.347262 0.122855 0.094525
5 0.553570 0.433200 0.135266 0.135150
5 0.470185 0.527701 0.105995 0.130402
5 0.595589 0.531021 0.141178 0.118292
5 0.510994 0.612839 0.115738 0.113178
5 0.561298 0.646256 0.091347 0.114388
5 0.454248 0.660977 0.099122 0.125080
5 0.393562 0.597857 0.112123 0.101964
5 0.723645 0.814993 0.128539 0.095611
5 0.867690 0.817194 0.160380 0.134387
5 0.896535 0.874356 0.133695 0.095588
5 0.912844 0.684467 0.131937 0.137684
5 0.868695 0.635430 0.078014 0.058359
5 0.973258 0.670208 0.015266 0.049791
5 0.955120 0.744052 0.044616 0.056855