5 0.933268 0.208708 0.132161 0.173666
5 0.933268 0.208708 0.132161 0.173666
5 0.823275 0.317985 0.155925 0.160970
5 0.823275 0.317985 0.155925 0.160970
5 0.552441 0.354639 0.114258 0.118653
5 0.552441 0.354639 0.114258 0.118653
5 0.621224 0.364665 0.108073 0.104330
5 0.610938 0.509098 0.125000 0.115072
5 0.475033 0.491748 0.118816 0.114747
5 0.532682 0.571859 0.087239 0.112467
5 0.532682 0.571859 0.087239 0.112467
5 0.423600 0.567887 0.109700 0.101400
5 0.323209 0.537435 0.090169 0.074870
5 0.323209 0.537435 0.090169 0.074870
5 0.327963 0.447054 0.093425 0.106608
5 0.934180 0.414827 0.130859 0.151530
5 0.969498 0.510921 0.060872 0.049967
5 0.081543 0.072380 0.116211 0.138509