0 0.167493 0.194745 0.084986 0.076991
0 0.273540 0.155741 0.081455 0.086483
0 0.344907 0.134270 0.071064 0.084166
0 0.458884 0.155787 0.089642 0.086573
0 0.526978 0.151559 0.066456 0.074992
0 0.754930 0.130201 0.100486 0.072902
0 0.191008 0.336201 0.088266 0.072402
0 0.308133 0.266715 0.088141 0.080305
0 0.506666 0.251077 0.082081 0.086528
0 0.655516 0.248079 0.082908 0.080533
0 0.731555 0.211787 0.084986 0.086073
0 0.838945 0.239280 0.087264 0.087936
0 0.183188 0.490094 0.078877 0.070813
0 0.261110 0.478121 0.090970 0.074992
0 0.408438 0.398184 0.126252 0.105742
0 0.540687 0.341670 0.078250 0.080214
0 0.625571 0.318991 0.088642 0.072356
0 0.744328 0.321321 0.098031 0.086392
0 0.930962 0.335488 0.093173 0.080352
0 0.841313 0.386555 0.079502 0.082486
0 0.777306 0.416266 0.085862 0.098156
0 0.693116 0.471898 0.083108 0.093795
0 0.634242 0.394840 0.084109 0.080305
0 0.535086 0.417288 0.076422 0.053325
0 0.334375 0.584270 0.093750 0.084166
0 0.521126 0.525400 0.079752 0.088300
0 0.601727 0.581845 0.097205 0.113691
0 0.700571 0.605777 0.088642 0.080305
0 0.812783 0.592933 0.088066 0.092116
0 0.891859 0.557295 0.089969 0.095839
0 0.764173 0.661705 0.090845 0.076536
0 0.787250 0.735511 0.093250 0.080397
0 0.863329 0.842819 0.098533 0.091887
0 0.760970 0.931823 0.087564 0.098020
0 0.677063 0.915107 0.079127 0.095839
0 0.693399 0.690348 0.077423 0.074445
0 0.620898 0.784561 0.076172 0.065997
0 0.579547 0.692496 0.074719 0.088117
0 0.482149 0.668255 0.092423 0.080259
0 0.397523 0.641084 0.091922 0.082167
0 0.469774 0.768909 0.077048 0.078444
0 0.522899 0.906481 0.077048 0.097337
0 0.424033 0.869736 0.088691 0.101972
0 0.313922 0.856237 0.090344 0.084348
0 0.305656 0.765130 0.086313 0.095884
0 0.224774 0.718459 0.077673 0.065044
0 0.291376 0.664930 0.095252 0.098611
0 0.200773 0.844877 0.092172 0.089753