5 0.367284 0.346889 0.165817 0.150028
5 0.469670 0.278088 0.114339 0.168677
5 0.469670 0.278088 0.114339 0.168677
5 0.546250 0.392330 0.136250 0.112784
5 0.377368 0.534780 0.135986 0.100811
5 0.377368 0.534780 0.135986 0.100811
5 0.452618 0.619436 0.133361 0.176372
5 0.452618 0.619436 0.133361 0.176372
5 0.889381 0.357931 0.135013 0.172113
5 0.837537 0.573379 0.162573 0.134258
5 0.837030 0.572914 0.161561 0.136453
5 0.760954 0.591960 0.106283 0.118295
5 0.760954 0.591960 0.106283 0.118295
5 0.809084 0.453184 0.105669 0.084492
5 0.984212 0.564239 0.030925 0.103478