5 0.767630 0.486071 0.129011 0.094017
5 0.753395 0.385421 0.141166 0.127092
5 0.753395 0.385421 0.141166 0.127092
5 0.733724 0.342199 0.120573 0.081273
5 0.733724 0.342199 0.120573 0.081273
5 0.635518 0.309078 0.086661 0.099406
5 0.603313 0.369143 0.125377 0.135161
5 0.603313 0.369143 0.125377 0.135161
5 0.690356 0.562139 0.105713 0.111778
5 0.558708 0.486322 0.151791 0.128894
5 0.540123 0.370315 0.048995 0.103130
5 0.470045 0.395697 0.093216 0.107019
5 0.470045 0.395697 0.093216 0.107019
5 0.395660 0.346681 0.110070 0.133987
5 0.395660 0.346681 0.110070 0.133987
5 0.263275 0.350409 0.114050 0.091444
5 0.263275 0.350409 0.114050 0.091444
5 0.289196 0.397974 0.122142 0.120948
5 0.405155 0.459313 0.119686 0.109252
5 0.405155 0.459313 0.119686 0.109252
5 0.460495 0.541939 0.139739 0.115128
5 0.460495 0.541939 0.139739 0.115128
5 0.433099 0.619071 0.103698 0.106892
5 0.433099 0.619071 0.103698 0.106892
5 0.346894 0.633750 0.115663 0.142500
5 0.346894 0.633750 0.115663 0.142500
5 0.330002 0.533718 0.097503 0.095561
5 0.030258 0.586078 0.060516 0.109656
5 0.018127 0.435866 0.036255 0.121731
5 0.360002 0.319755 0.079378 0.098884