5 0.952774 0.402025 0.058673 0.066550
5 0.793918 0.542459 0.081586 0.072419
5 0.711820 0.580069 0.095514 0.100763
5 0.758432 0.502868 0.082489 0.083861
5 0.673286 0.505770 0.090322 0.077164
5 0.758426 0.420866 0.073102 0.085483
5 0.798069 0.417325 0.027387 0.062775
5 0.714535 0.387115 0.060320 0.064855
5 0.674130 0.379162 0.038884 0.030198
5 0.677417 0.430955 0.089209 0.077534
5 0.627090 0.447848 0.060430 0.064445
5 0.629503 0.542174 0.074631 0.049973
5 0.498344 0.621305 0.074813 0.086359
5 0.414925 0.629603 0.067350 0.068581
5 0.456809 0.595009 0.076117 0.090019
5 0.378440 0.595337 0.072505 0.046923
5 0.389404 0.548856 0.094433 0.082088
5 0.454195 0.517815 0.064641 0.060630
5 0.534295 0.524858 0.102966 0.087216
5 0.476884 0.453058 0.088142 0.093616
5 0.485736 0.412683 0.074597 0.047241
5 0.407356 0.425444 0.064712 0.050887
5 0.386893 0.466995 0.092536 0.087116
5 0.121046 0.616791 0.095217 0.077331
5 0.063411 0.682199 0.086197 0.086273
5 0.037148 0.625235 0.074297 0.084845
5 0.060473 0.539416 0.086572 0.088206
5 0.060834 0.457170 0.093544 0.089339
5 0.018940 0.488124 0.037880 0.088748
5 0.014117 0.562855 0.028234 0.056961