5 0.120337 0.899806 0.168800 0.149612
5 0.149934 0.760484 0.118617 0.124094
5 0.274414 0.756985 0.148828 0.163970
5 0.553872 0.673801 0.107744 0.131977
5 0.456484 0.668722 0.087967 0.121819
5 0.413134 0.586445 0.088769 0.097889
5 0.393346 0.469712 0.086692 0.095673
5 0.457571 0.434684 0.121392 0.138119
5 0.558418 0.512588 0.132461 0.128302
5 0.640412 0.495935 0.099575 0.119995
5 0.466068 0.355380 0.079011 0.054509
5 0.557630 0.347710 0.105886 0.120420
5 0.510117 0.288949 0.092109 0.102898
5 0.353190 0.960680 0.128255 0.046361