5 0.132184 0.431914 0.186244 0.141953
5 0.064538 0.663780 0.100952 0.186936
5 0.052377 0.320459 0.092253 0.178419
5 0.427720 0.511402 0.127316 0.125930
5 0.431847 0.605508 0.123069 0.129766
5 0.530491 0.552237 0.098481 0.123223
5 0.452829 0.354556 0.105658 0.127862
5 0.550757 0.387313 0.126514 0.121502
5 0.637884 0.508723 0.144517 0.133072
5 0.677147 0.661002 0.116794 0.143880
5 0.759995 0.464258 0.123114 0.134766
5 0.861577 0.499915 0.154403 0.121705
5 0.830923 0.639287 0.130595 0.109823
5 0.729889 0.696630 0.100403 0.127634