5 0.781320 0.407212 0.122016 0.126925
5 0.614516 0.293282 0.119658 0.155314
5 0.490633 0.334838 0.137516 0.116550
5 0.499418 0.448289 0.123836 0.140328
5 0.467470 0.558262 0.138064 0.122775
5 0.412930 0.492045 0.085236 0.087214
5 0.866567 0.510139 0.126884 0.139028
5 0.758184 0.557023 0.135117 0.117170
0 0.557545 0.586100 0.086966 0.109700
5 0.690458 0.513645 0.059041 0.033541
5 0.725906 0.457761 0.111187 0.046772
5 0.682616 0.624698 0.074606 0.086895
5 0.636570 0.730632 0.085639 0.070639
5 0.892961 0.776441 0.076547 0.090383
5 0.606334 0.701009 0.078294 0.067642
5 0.635620 0.617745 0.046239 0.063616
5 0.239070 0.333170 0.071891 0.066339
5 0.195079 0.431638 0.087033 0.047652
5 0.521082 0.791305 0.057789 0.070109
5 0.817055 0.966433 0.065361 0.054741
5 0.459767 0.875282 0.072659 0.056814
5 0.471276 0.786826 0.051927 0.067402
5 0.349390 0.712325 0.058155 0.065275
5 0.272422 0.809817 0.066719 0.060259