5 0.939617 0.388609 0.104234 0.095967
5 0.954863 0.445170 0.075352 0.090339
5 0.836270 0.452035 0.103789 0.097820
5 0.882885 0.478798 0.100145 0.091972
5 0.940021 0.553587 0.098792 0.100923
5 0.911189 0.625936 0.116128 0.114372
5 0.816931 0.616261 0.077613 0.091897
5 0.446920 0.658152 0.112591 0.103803
5 0.489809 0.581035 0.120242 0.118320
5 0.515592 0.464903 0.112434 0.117306
5 0.461190 0.377655 0.091130 0.077186
5 0.432592 0.416106 0.108934 0.094713
5 0.349630 0.446314 0.058636 0.070753
5 0.404894 0.493888 0.122287 0.109650
5 0.372470 0.576906 0.126191 0.097562
5 0.052396 0.399941 0.104792 0.115508
5 0.027506 0.495311 0.055012 0.121872