3 0.746875 0.791602 0.078125 0.080078
3 0.342187 0.580859 0.109375 0.105469
3 0.506250 0.488867 0.093750 0.099609
3 0.449023 0.563867 0.107422 0.099609
5 0.850000 0.703906 0.078125 0.085938
5 0.689063 0.492578 0.078125 0.066406
4 0.633789 0.732227 0.080078 0.080078
4 0.345117 0.319336 0.083984 0.076172
4 0.494531 0.105469 0.085938 0.085938
4 0.512305 0.246094 0.099609 0.101562
4 0.418750 0.271484 0.093750 0.089844
4 0.361328 0.406641 0.082031 0.097656
4 0.205859 0.540039 0.074219 0.080078
4 0.192383 0.447656 0.103516 0.070312
4 0.640625 0.400391 0.062500 0.082031
0 0.930664 0.665430 0.095703 0.068359
0 0.821875 0.565430 0.078125 0.068359
0 0.666016 0.662891 0.082031 0.066406
0 0.499805 0.663477 0.068359 0.080078
0 0.320312 0.490820 0.062500 0.072266
2 0.329492 0.230859 0.099609 0.105469
4 0.564258 0.405664 0.087891 0.095703
4 0.680078 0.586523 0.097656 0.091797