5 0.143391 0.106988 0.108656 0.120227
5 0.277106 0.054958 0.113587 0.078666
5 0.259992 0.130535 0.091859 0.092320
5 0.333409 0.188634 0.113694 0.121017
5 0.247568 0.270477 0.110761 0.112828
5 0.276004 0.367820 0.105133 0.123141
5 0.366172 0.298556 0.076094 0.103362
5 0.381946 0.597821 0.135767 0.120642
5 0.446887 0.513291 0.093773 0.110958
5 0.541523 0.465178 0.129920 0.133481
5 0.480622 0.657773 0.114369 0.146795
5 0.547615 0.612083 0.126480 0.136666
5 0.611855 0.554404 0.117461 0.115058
5 0.638521 0.512737 0.089542 0.084850
5 0.625379 0.894068 0.097633 0.106886
5 0.743698 0.930926 0.143647 0.136852
5 0.846387 0.873194 0.164650 0.152638
5 0.954138 0.946122 0.092652 0.107869