5 0.257327 0.562848 0.155280 0.156945
5 0.350607 0.416690 0.141839 0.164630
5 0.495255 0.455531 0.149886 0.148562
5 0.542160 0.583522 0.168695 0.151419
5 0.394466 0.571543 0.167058 0.139961
5 0.410290 0.462276 0.051830 0.087052
5 0.384497 0.716659 0.118994 0.148942
5 0.258599 0.700479 0.154698 0.135333
5 0.863805 0.559805 0.143234 0.141484
5 0.830951 0.658886 0.140027 0.117772
5 0.786084 0.482923 0.125292 0.112720
5 0.877072 0.428344 0.088519 0.109813
5 0.946705 0.415766 0.068411 0.097158
5 0.944134 0.497378 0.066392 0.138506