5 0.595639 0.521212 0.116278 0.086173
5 0.485772 0.610847 0.102794 0.109194
5 0.485772 0.610847 0.102794 0.109194
5 0.490188 0.421671 0.096000 0.096467
5 0.490188 0.421671 0.096000 0.096467
5 0.569107 0.413061 0.081964 0.085497
5 0.527302 0.345102 0.101478 0.108953
5 0.527302 0.345102 0.101478 0.108953
5 0.405627 0.394875 0.105005 0.096000
5 0.295586 0.458543 0.100547 0.101461
5 0.294159 0.588411 0.110192 0.089322
5 0.217137 0.434831 0.078025 0.088413
5 0.164752 0.459273 0.098253 0.090422
5 0.164752 0.459273 0.098253 0.090422
5 0.011183 0.530402 0.022366 0.067055