5 0.046785 0.471345 0.093570 0.123939
5 0.102670 0.675234 0.124089 0.119217
5 0.120234 0.556550 0.127969 0.122475
5 0.164948 0.467330 0.095522 0.097161
5 0.227941 0.623292 0.143383 0.109084
5 0.495168 0.550473 0.152836 0.129070
5 0.495168 0.550473 0.152836 0.129070
5 0.466034 0.420348 0.135194 0.143822
5 0.414626 0.350809 0.113627 0.129744
5 0.414626 0.350809 0.113627 0.129744
5 0.544912 0.374252 0.108573 0.120380
5 0.592458 0.514112 0.106791 0.075100
5 0.223574 0.479189 0.090898 0.099003
5 0.223574 0.479189 0.090898 0.099003
5 0.856541 0.579080 0.153708 0.173784
5 0.778136 0.454208 0.168772 0.149041
5 0.778136 0.454208 0.168772 0.149041
5 0.751705 0.329028 0.165909 0.133056
5 0.751705 0.329028 0.165909 0.133056
5 0.882138 0.224815 0.151777 0.193380
5 0.882138 0.224815 0.151777 0.193380
5 0.926048 0.368296 0.123970 0.167842
5 0.925332 0.510384 0.113164 0.136394
5 0.925332 0.510384 0.113164 0.136394
5 0.794779 0.231516 0.052058 0.094283
5 0.794779 0.231516 0.052058 0.094283