5 0.243664 0.247544 0.115453 0.120087
5 0.348357 0.192626 0.106089 0.122752
5 0.346276 0.084368 0.080052 0.096861
5 0.329030 0.292434 0.083059 0.081744
5 0.427636 0.200923 0.077147 0.111222
5 0.465096 0.262621 0.105192 0.093992
5 0.486980 0.542135 0.108336 0.109270
5 0.511457 0.649739 0.097914 0.111978
5 0.552384 0.686082 0.114144 0.128414
5 0.583027 0.573131 0.112930 0.108763
5 0.602802 0.495039 0.093105 0.102578
5 0.678351 0.503962 0.091077 0.111048
5 0.732130 0.808134 0.098634 0.078769
5 0.770841 0.929234 0.110433 0.111594
5 0.809801 0.866258 0.128977 0.113766
5 0.909247 0.769477 0.121619 0.129580
5 0.830855 0.739118 0.086709 0.103236