5 0.054627 0.572640 0.096755 0.095280
5 0.010883 0.501174 0.021766 0.077348
5 0.116431 0.454372 0.126612 0.105619
5 0.202705 0.539732 0.108534 0.107589
5 0.166673 0.628193 0.111472 0.125136
5 0.257861 0.629206 0.090722 0.120913
5 0.296492 0.567607 0.077359 0.091464
5 0.296964 0.470023 0.134553 0.099420
5 0.370787 0.557636 0.113448 0.112147
5 0.491490 0.607631 0.120480 0.127763
5 0.466519 0.661887 0.083038 0.095650
5 0.513498 0.470787 0.123872 0.113448
5 0.575286 0.608245 0.106822 0.113364
5 0.539641 0.364933 0.104281 0.107991
5 0.595630 0.466982 0.063136 0.055839
5 0.834865 0.445452 0.132230 0.137778
5 0.922921 0.357115 0.114592 0.164230
5 0.950760 0.597526 0.073395 0.126302
5 0.965013 0.473644 0.048777 0.116037