5 0.037001 0.417584 0.074002 0.128919
5 0.045623 0.618667 0.091245 0.121709
5 0.101479 0.489070 0.140458 0.115639
5 0.359743 0.616320 0.125736 0.117014
5 0.391055 0.502228 0.122736 0.120081
5 0.484381 0.474012 0.096888 0.116773
5 0.469168 0.627766 0.107086 0.118031
5 0.668658 0.640359 0.112316 0.108844
5 0.713820 0.521938 0.112014 0.106377
5 0.647957 0.484618 0.108414 0.112986
5 0.751298 0.434416 0.093222 0.115708
5 0.817256 0.196944 0.200137 0.162637
5 0.926916 0.296526 0.119456 0.202427
5 0.841279 0.515341 0.110683 0.083806
5 0.930145 0.472084 0.075916 0.059794
5 0.927071 0.535468 0.072892 0.089686
5 0.921309 0.664127 0.070742 0.112630
5 0.725947 0.693839 0.095644 0.097053