5 0.223828 0.788070 0.113281 0.110514
5 0.296680 0.711084 0.099609 0.097169
5 0.326725 0.880778 0.094075 0.089681
5 0.334603 0.803174 0.081706 0.084473
5 0.409570 0.830909 0.087891 0.080567
5 0.398177 0.782601 0.033855 0.024577
5 0.347852 0.675928 0.048828 0.042481
5 0.423600 0.518912 0.094075 0.094075
5 0.416309 0.455143 0.088867 0.069661
5 0.520052 0.566813 0.080730 0.102377
5 0.519791 0.470817 0.098958 0.091634
5 0.624284 0.521989 0.104817 0.087728
5 0.569564 0.549609 0.048503 0.074219
5 0.658822 0.370687 0.073894 0.085123
5 0.713541 0.355778 0.052083 0.042806
5 0.748861 0.305111 0.075847 0.075847
5 0.682162 0.302295 0.076823 0.079591
5 0.613541 0.348096 0.020833 0.033692
5 0.569401 0.331690 0.063802 0.072755
5 0.572330 0.264698 0.085286 0.082520
5 0.561068 0.199430 0.053386 0.061361
5 0.606413 0.167562 0.078450 0.085123
5 0.627767 0.229150 0.083659 0.086425
5 0.712338 0.221256 0.093425 0.086262
5 0.696159 0.102946 0.073567 0.065267
5 0.686328 0.160140 0.066406 0.057780
5 0.800651 0.192822 0.079427 0.082519
5 0.767188 0.050619 0.078125 0.085613