5 0.077830 0.734059 0.102534 0.155617
5 0.078455 0.834918 0.091286 0.122961
5 0.165748 0.818719 0.112745 0.149938
5 0.087740 0.548606 0.134855 0.131587
5 0.083010 0.486365 0.125395 0.069605
5 0.509497 0.606017 0.128369 0.102659
5 0.541157 0.533205 0.138564 0.119534
5 0.663507 0.579449 0.123889 0.133898
5 0.487626 0.335381 0.125252 0.145762
5 0.945687 0.322514 0.110123 0.129403
5 0.921658 0.424397 0.137066 0.126919
0 0.828937 0.323227 0.126623 0.090203
0 0.639723 0.399484 0.145072 0.136467
0 0.434578 0.446080 0.141031 0.123411
5 0.972822 0.215043 0.055019 0.114461