3 0.844809 0.782192 0.089617 0.080009
3 0.670902 0.905819 0.079305 0.077262
3 0.592995 0.834629 0.073491 0.097383
3 0.774763 0.658566 0.071402 0.067131
3 0.649341 0.536059 0.108058 0.106492
3 0.569045 0.509791 0.094341 0.091456
3 0.462536 0.607227 0.087572 0.080078
3 0.522202 0.342730 0.069405 0.085459
3 0.348147 0.448691 0.111919 0.097383
3 0.369023 0.541102 0.094295 0.110330
3 0.457295 0.441239 0.111464 0.094978
2 0.399391 0.356387 0.111283 0.125273
2 0.591106 0.648633 0.097837 0.103516
4 0.827171 0.887001 0.076217 0.077127
4 0.749459 0.902241 0.095794 0.101358
4 0.798965 0.825766 0.113555 0.098406
4 0.743855 0.779824 0.103334 0.094023
4 0.665380 0.829452 0.096384 0.102653
4 0.546008 0.581107 0.088891 0.112214
4 0.469372 0.335556 0.085619 0.111738
5 0.531464 0.450809 0.069178 0.057869
5 0.516238 0.420805 0.079350 0.082236
5 0.497388 0.663631 0.088527 0.077262
5 0.642855 0.617841 0.070086 0.060683
5 0.476172 0.710333 0.058594 0.051916
5 0.621402 0.695102 0.064680 0.065203
5 0.621907 0.765014 0.068814 0.070653
5 0.719355 0.842163 0.041834 0.053075
5 0.787777 0.754517 0.019305 0.030909
3 0.466842 0.519755 0.105559 0.098884
4 0.760742 0.707803 0.083984 0.071856
4 0.683316 0.725180 0.082258 0.084734
4 0.700127 0.654746 0.087755 0.087617
4 0.698665 0.569779 0.078580 0.092683
4 0.545367 0.737773 0.100109 0.125545
3 0.094691 0.296655 0.101881 0.105809
3 0.292538 0.190327 0.085075 0.115030
3 0.224887 0.183637 0.124773 0.107900
3 0.237373 0.086251 0.115370 0.106877
3 0.156677 0.041753 0.107103 0.083506
5 0.184670 0.283910 0.063091 0.061570
5 0.161187 0.254043 0.078625 0.086211
4 0.104111 0.193632 0.117597 0.106014
5 0.043637 0.224966 0.077898 0.078056
5 0.041275 0.133907 0.082550 0.099064