5 0.047409 0.234696 0.094817 0.088142
5 0.162324 0.316154 0.109023 0.113558
5 0.264082 0.326632 0.103164 0.112639
5 0.346425 0.354008 0.086600 0.076766
5 0.289513 0.479896 0.085275 0.094167
5 0.402441 0.426510 0.111131 0.115520
5 0.536888 0.382841 0.114402 0.128181
5 0.613080 0.399647 0.094909 0.099294
5 0.567380 0.471156 0.100386 0.073563
5 0.457573 0.484220 0.118270 0.115316
5 0.511463 0.558375 0.097925 0.123000
5 0.597502 0.555583 0.135628 0.123666
5 0.669458 0.499858 0.070166 0.055966
5 0.724388 0.535743 0.120652 0.115236
5 0.790311 0.460337 0.108747 0.058173
5 0.813718 0.527535 0.108686 0.114445
5 0.648458 0.655735 0.100041 0.114595
5 0.700127 0.704365 0.112755 0.127480
5 0.777280 0.648879 0.132684 0.132133