3 0.835166 0.581691 0.123456 0.113383
3 0.222886 0.519973 0.158272 0.152445
3 0.939969 0.730820 0.086188 0.105389
4 0.710567 0.595984 0.127384 0.123217
5 0.184859 0.616361 0.107217 0.101472
5 0.278711 0.618009 0.091797 0.086017
5 0.351965 0.577752 0.113305 0.105503
5 0.393116 0.491078 0.101858 0.097781
5 0.332479 0.426981 0.136833 0.128963
5 0.395771 0.357277 0.097792 0.095805
5 0.376828 0.287184 0.081781 0.074367
5 0.299655 0.314866 0.105559 0.117233
5 0.739934 0.422846 0.086119 0.095692
5 0.713545 0.494078 0.095839 0.081906
5 0.203375 0.373350 0.094250 0.084200
5 0.252030 0.295576 0.057186 0.088027
5 0.895333 0.659237 0.068791 0.068473
5 0.855158 0.651487 0.082191 0.068598
5 0.775804 0.672495 0.101608 0.091866
5 0.728102 0.702746 0.078080 0.089867
0 0.813002 0.492933 0.088505 0.092116
5 0.969506 0.671490 0.045262 0.074230
5 0.953307 0.599029 0.078489 0.076183
5 0.971700 0.537873 0.043400 0.066372
5 0.910031 0.549793 0.070062 0.068336
5 0.962580 0.502050 0.062659 0.066600
0 0.123313 0.525051 0.062250 0.078227
5 0.226377 0.395363 0.105878 0.093852