5 0.306901 0.518734 0.157552 0.128092
5 0.320898 0.405550 0.138672 0.101725
5 0.396842 0.601155 0.115559 0.155436
5 0.306462 0.611149 0.084798 0.084798
5 0.457357 0.634001 0.102214 0.133627
5 0.507812 0.522835 0.140625 0.130045
5 0.434245 0.347022 0.134114 0.144044
5 0.408268 0.269320 0.116536 0.126139
5 0.573242 0.538948 0.099609 0.115397
5 0.629004 0.429346 0.145508 0.127442
5 0.542643 0.389372 0.069661 0.066244
5 0.591830 0.321777 0.114909 0.112305
5 0.700260 0.321696 0.106770 0.143392
5 0.816178 0.354704 0.144856 0.137533
5 0.784766 0.470557 0.113281 0.094239
5 0.687988 0.522803 0.110352 0.120606