5 0.289459 0.543196 0.066417 0.092642
5 0.347802 0.553391 0.133105 0.109906
5 0.414005 0.476591 0.131136 0.109431
5 0.348566 0.455118 0.112758 0.094611
5 0.483257 0.382994 0.132139 0.112863
5 0.471168 0.574923 0.120461 0.137347
5 0.423420 0.654601 0.118714 0.124827
5 0.564123 0.463948 0.100122 0.093522
5 0.606096 0.345699 0.124692 0.122648
5 0.491217 0.282313 0.129309 0.120875
5 0.651960 0.539002 0.113295 0.140503
5 0.723809 0.388162 0.131994 0.126323
5 0.769030 0.215580 0.138061 0.134286
5 0.689000 0.136627 0.128000 0.110753
5 0.628543 0.108159 0.138336 0.119442
5 0.766794 0.048470 0.130462 0.096939
5 0.671259 0.033130 0.076892 0.066261
5 0.863867 0.273517 0.112109 0.122034
5 0.743693 0.492943 0.112386 0.092136
5 0.600345 0.571969 0.088191 0.134563
5 0.478723 0.677852 0.110572 0.108830
5 0.570883 0.670923 0.085516 0.085595
5 0.822866 0.540738 0.089483 0.097102
5 0.747298 0.678006 0.091470 0.087262
5 0.534234 0.808379 0.109094 0.091758
5 0.591881 0.900620 0.083762 0.110616
5 0.615143 0.746891 0.070911 0.100031
5 0.731624 0.912163 0.094498 0.089952
5 0.758741 0.602491 0.061231 0.064358
5 0.481388 0.929893 0.084650 0.103536
5 0.573970 0.903798 0.116691 0.113847
5 0.854730 0.422849 0.084461 0.083198
5 0.866549 0.505184 0.079973 0.066619
5 0.492298 0.457243 0.047097 0.039486
5 0.416406 0.387116 0.051562 0.071108
5 0.440791 0.315902 0.025331 0.041180
5 0.649124 0.209737 0.110748 0.072600