5 0.323302 0.300345 0.162230 0.144439
5 0.436491 0.216360 0.113606 0.167095
5 0.436491 0.216360 0.113606 0.167095
5 0.499348 0.321997 0.142445 0.118994
5 0.309971 0.487784 0.138692 0.103694
5 0.309971 0.487784 0.138692 0.103694
5 0.373965 0.564166 0.135430 0.178331
5 0.373965 0.564166 0.135430 0.178331
5 0.850109 0.241037 0.134592 0.169573
5 0.769495 0.466405 0.163989 0.139059
5 0.767952 0.465596 0.164030 0.140567
5 0.684811 0.491195 0.100872 0.116766
5 0.684811 0.491195 0.100872 0.116766
5 0.752892 0.347113 0.102659 0.078602
5 0.933043 0.431716 0.062961 0.129058