5 0.298828 0.755385 0.100781 0.088895
5 0.630323 0.520453 0.085645 0.100281
5 0.703820 0.484041 0.088891 0.071208
5 0.542478 0.422047 0.100581 0.097219
5 0.613242 0.343205 0.092109 0.095784
5 0.647730 0.436079 0.079834 0.072158
5 0.679146 0.216668 0.089542 0.092711
5 0.658061 0.166067 0.087997 0.072759
5 0.782359 0.255020 0.080342 0.097541
5 0.783455 0.152387 0.095036 0.098525
5 0.880540 0.213935 0.107955 0.087245
5 0.878584 0.102241 0.072794 0.085733
5 0.289980 0.824596 0.070584 0.071067
5 0.466386 0.887648 0.120272 0.122170
5 0.489823 0.940447 0.070272 0.052769
0 0.353672 0.802081 0.126094 0.113537