0 0.756445 0.608008 0.087891 0.119141
0 0.777734 0.541602 0.089844 0.080078
0 0.851172 0.419922 0.152344 0.089844
0 0.753906 0.379492 0.117188 0.115234
0 0.568945 0.529687 0.087891 0.109375
0 0.486328 0.406641 0.097656 0.066406
0 0.493164 0.365820 0.095703 0.056641
0 0.438867 0.305273 0.099609 0.107422
0 0.340625 0.323828 0.093750 0.097656
0 0.296680 0.458984 0.115234 0.105469
0 0.191797 0.731445 0.074219 0.056641
0 0.145117 0.681055 0.068359 0.083984
0 0.273242 0.775000 0.083984 0.078125
0 0.311133 0.201172 0.072266 0.058594
0 0.755469 0.252930 0.039062 0.052734
0 0.595117 0.337500 0.037109 0.031250
0 0.602930 0.291992 0.037109 0.037109
5 0.509375 0.483008 0.078125 0.041016
5 0.462891 0.539062 0.097656 0.078125
5 0.431055 0.491797 0.115234 0.105469
5 0.341602 0.542578 0.095703 0.128906
5 0.228320 0.455859 0.072266 0.105469
5 0.285156 0.345117 0.070312 0.068359
5 0.244531 0.275391 0.085938 0.113281
5 0.248047 0.186914 0.058594 0.064453
5 0.167383 0.282813 0.072266 0.078125
5 0.187891 0.339258 0.097656 0.087891
5 0.171289 0.421289 0.048828 0.080078
5 0.129688 0.445312 0.078125 0.078125
5 0.395117 0.934961 0.083984 0.091797
5 0.286133 0.733984 0.072266 0.058594
5 0.243945 0.849219 0.072266 0.085938
5 0.209570 0.753906 0.056641 0.070312
5 0.099609 0.777148 0.074219 0.076172
5 0.316406 0.950000 0.085938 0.093750
5 0.234375 0.968750 0.093750 0.062500
5 0.150391 0.089258 0.097656 0.087891