5 0.874088 0.650455 0.110677 0.132161
5 0.828744 0.442073 0.148113 0.115397
5 0.770508 0.423259 0.087891 0.096517
5 0.629134 0.585530 0.105144 0.108561
5 0.669336 0.480387 0.123047 0.117025
5 0.526205 0.549952 0.130534 0.118653
5 0.412240 0.656657 0.111980 0.125814
5 0.235026 0.620296 0.126302 0.112467
5 0.325293 0.577637 0.116211 0.124023
5 0.257096 0.504085 0.136067 0.114420
5 0.396387 0.473487 0.124023 0.115723
5 0.269466 0.398812 0.113933 0.116373
5 0.364518 0.372120 0.100911 0.141114
5 0.486100 0.399756 0.078450 0.108887
5 0.197103 0.409782 0.066081 0.078939
5 0.505469 0.470655 0.101562 0.044434
3 0.579492 0.398421 0.162109 0.143717