5 0.087417 0.486441 0.124834 0.104133
5 0.196837 0.407016 0.096800 0.107783
5 0.227357 0.450928 0.110964 0.101856
5 0.165854 0.559348 0.100458 0.109322
5 0.191494 0.660445 0.101737 0.108389
5 0.058367 0.660856 0.057359 0.077963
5 0.257436 0.586009 0.114872 0.109519
5 0.450030 0.465053 0.121934 0.108231
5 0.453677 0.404074 0.088603 0.051898
5 0.525402 0.516362 0.110178 0.067098
5 0.745409 0.521432 0.128317 0.127239
5 0.824993 0.492135 0.137486 0.115520
5 0.712752 0.413488 0.100503 0.101975
5 0.786383 0.341659 0.135266 0.127067
5 0.698173 0.288742 0.111972 0.136859
5 0.620527 0.320315 0.097305 0.115630