5 0.527930 0.960352 0.068359 0.080078
4 0.464258 0.957031 0.087891 0.085938
4 0.487891 0.822070 0.082031 0.087891
4 0.500000 0.505469 0.093750 0.101562
4 0.547852 0.427344 0.095703 0.085938
2 0.347070 0.987109 0.072266 0.027344
2 0.397461 0.955469 0.044922 0.054688
2 0.492773 0.889453 0.076172 0.082031
2 0.503320 0.752344 0.103516 0.085938
3 0.388477 0.802344 0.095703 0.085938
3 0.369922 0.746680 0.105469 0.083984
3 0.520117 0.642969 0.083984 0.085938
0 0.539453 0.702930 0.066406 0.052734
0 0.557031 0.761523 0.039062 0.060547
3 0.489648 0.382227 0.107422 0.095703
3 0.414648 0.444922 0.107422 0.105469
3 0.426367 0.501367 0.052734 0.021484
3 0.371875 0.409180 0.078125 0.083984
3 0.432031 0.340234 0.101562 0.105469
3 0.561914 0.237305 0.080078 0.099609
2 0.494727 0.082031 0.111328 0.117188
0 0.597461 0.173828 0.091797 0.066406
0 0.409766 0.244531 0.082031 0.085938
0 0.461719 0.263672 0.054688 0.074219
4 0.448633 0.189062 0.103516 0.109375
4 0.395117 0.133594 0.099609 0.085938
4 0.484375 0.015625 0.046875 0.031250