3 0.853988 0.684686 0.173602 0.138122
3 0.781613 0.561375 0.141352 0.160250
3 0.242751 0.314500 0.138627 0.113375
4 0.468418 0.299911 0.114961 0.102947
4 0.107249 0.065845 0.111373 0.097316
4 0.409019 0.203921 0.121162 0.126592
4 0.575034 0.443122 0.125069 0.151869
4 0.633285 0.797525 0.122820 0.151300
4 0.641554 0.566616 0.148733 0.151983
5 0.406698 0.313534 0.097770 0.080192
5 0.230305 0.391480 0.113736 0.067336
5 0.031097 0.035479 0.062194 0.070958
5 0.092646 0.201961 0.113417 0.094547
5 0.179240 0.245873 0.105355 0.113622
5 0.143371 0.290617 0.058617 0.081234
5 0.336201 0.151684 0.103652 0.122117
5 0.262039 0.087491 0.080328 0.093731
5 0.200286 0.132746 0.088072 0.093617
5 0.708832 0.459227 0.133289 0.115328
5 0.686660 0.412847 0.107695 0.103819
5 0.488145 0.501563 0.101289 0.109375
5 0.510799 0.597093 0.115348 0.094186
5 0.437363 0.613279 0.093477 0.114058
5 0.503663 0.664948 0.066702 0.054895
5 0.574991 0.685010 0.087481 0.110645
5 0.560640 0.730894 0.068155 0.068038
2 0.719681 0.743977 0.142487 0.172330
2 0.328388 0.413135 0.103652 0.141895
2 0.343852 0.269873 0.109580 0.117870
2 0.437409 0.363249 0.031069 0.032748
2 0.391043 0.390016 0.069586 0.073783
4 0.852355 0.596355 0.070336 0.048961
2 0.258330 0.207073 0.122911 0.107897
4 0.467190 0.197941 0.040630 0.102131