4 0.625808 0.911816 0.107866 0.133006
4 0.690566 0.828411 0.131133 0.119322
4 0.508008 0.875102 0.103516 0.093955
4 0.543445 0.625521 0.105639 0.082292
4 0.748557 0.569840 0.125239 0.111555
4 0.670754 0.507996 0.113383 0.119117
4 0.516296 0.508020 0.107592 0.087914
4 0.600298 0.458616 0.103720 0.117233
3 0.566152 0.566095 0.129180 0.113441
3 0.660998 0.633316 0.115745 0.129133
5 0.521535 0.810184 0.089945 0.085994
4 0.634019 0.168416 0.105537 0.105583
4 0.617527 0.253595 0.097555 0.082191
4 0.649975 0.038418 0.084325 0.070586
5 0.571136 0.228660 0.048522 0.076070
5 0.642544 0.299397 0.035088 0.048794
5 0.738349 0.254790 0.086073 0.078330
5 0.787007 0.189544 0.089639 0.082212
5 0.726113 0.172902 0.080352 0.080180
5 0.722945 0.096187 0.089639 0.095498
5 0.787483 0.099570 0.046841 0.058514
5 0.773505 0.043795 0.078261 0.078216
5 0.716406 0.017496 0.070312 0.025617
5 0.659085 0.096261 0.061920 0.080022
5 0.604094 0.054727 0.055063 0.062580