3 0.505091 0.413820 0.147681 0.137014
5 0.729321 0.545872 0.189892 0.147994
5 0.733545 0.647448 0.157714 0.101147
5 0.610083 0.752625 0.138916 0.149000
5 0.400330 0.603750 0.106909 0.135625
5 0.291736 0.554075 0.127222 0.120650
5 0.446143 0.558153 0.061036 0.047556
5 0.486988 0.514685 0.111475 0.079370
5 0.269775 0.461523 0.095800 0.091797
5 0.415502 0.357470 0.121630 0.130564
5 0.335498 0.336603 0.114745 0.141956
5 0.211719 0.389190 0.117188 0.106505
5 0.089795 0.375080 0.129589 0.112659
5 0.120202 0.265502 0.115405 0.090378
5 0.227075 0.284052 0.122900 0.102480
5 0.162159 0.235950 0.077442 0.053150
5 0.148303 0.186881 0.102856 0.070637