5 0.828481 0.947131 0.160087 0.106763
5 0.847082 0.796687 0.212914 0.190248
5 0.684109 0.900513 0.152594 0.197902
5 0.591358 0.988827 0.098341 0.021405
5 0.393448 0.969250 0.180645 0.060375
5 0.143812 0.987074 0.112625 0.027273
5 0.499434 0.882093 0.180119 0.201686
5 0.324535 0.648553 0.167820 0.181481
5 0.198517 0.497121 0.172034 0.137992
5 0.125371 0.359039 0.150742 0.161828
5 0.144691 0.252528 0.148756 0.114431
5 0.217191 0.155020 0.162508 0.166291
5 0.206629 0.041284 0.128883 0.070067
5 0.347201 0.051791 0.150652 0.081706
5 0.504416 0.059256 0.136958 0.084138
5 0.796662 0.113079 0.162075 0.141783
5 0.914957 0.082802 0.133039 0.096853
5 0.972784 0.364432 0.054942 0.097614
5 0.928716 0.454962 0.107433 0.103675
5 0.861005 0.560594 0.187636 0.149313
5 0.796996 0.432255 0.165867 0.139511
5 0.869829 0.346499 0.158408 0.130498
5 0.802947 0.241175 0.099644 0.113600
5 0.551591 0.197388 0.156306 0.135402
5 0.420363 0.135138 0.140727 0.107777
5 0.401676 0.243341 0.140852 0.127308
5 0.392578 0.444448 0.175781 0.157645
5 0.490987 0.549996 0.175725 0.165617
5 0.601098 0.649993 0.136570 0.159361
5 0.664798 0.373864 0.163972 0.153978