5 0.367462 0.794498 0.144298 0.195247
5 0.581474 0.477067 0.053573 0.132259
5 0.496201 0.472698 0.092402 0.148520
5 0.417956 0.404688 0.154662 0.134377
5 0.532870 0.343895 0.034491 0.106539
5 0.604437 0.347634 0.087000 0.157769
5 0.215120 0.609734 0.133364 0.097592
5 0.170086 0.101045 0.093297 0.123966
5 0.284629 0.421227 0.100508 0.098705
5 0.265570 0.530916 0.078014 0.077458
5 0.470083 0.745109 0.065166 0.090219
5 0.622605 0.414723 0.070211 0.098195
5 0.277130 0.341827 0.107384 0.077403
5 0.297673 0.267044 0.110970 0.096588
5 0.362718 0.219937 0.084811 0.096125
5 0.436337 0.213162 0.069550 0.085698
5 0.118895 0.354817 0.094041 0.078384