5 0.242741 0.531787 0.113606 0.101075
5 0.326986 0.582910 0.107097 0.059570
5 0.270768 0.481624 0.085286 0.069498
5 0.411166 0.407015 0.081706 0.104655
5 0.475781 0.383480 0.101562 0.123209
5 0.554883 0.439372 0.134766 0.113119
5 0.473373 0.501172 0.090495 0.089844
5 0.500977 0.599723 0.111328 0.115072
5 0.583008 0.575602 0.119141 0.104330
5 0.851400 0.364698 0.109050 0.113770
5 0.869922 0.334749 0.089844 0.085123
5 0.933594 0.456934 0.070312 0.057617
5 0.858170 0.471696 0.056966 0.049642
5 0.935482 0.568897 0.055339 0.065919
5 0.072201 0.631038 0.110027 0.102702
5 0.050781 0.503370 0.101562 0.094239
5 0.036459 0.446403 0.072917 0.074056
5 0.028483 0.698649 0.056966 0.100423