5 0.552802 0.794761 0.089980 0.095772
5 0.531486 0.697651 0.069222 0.101552
4 0.715591 0.878238 0.093681 0.078352
4 0.620610 0.864270 0.103720 0.134789
3 0.706864 0.781548 0.126228 0.134970
5 0.484000 0.788534 0.093000 0.111442
5 0.604027 0.711178 0.114305 0.134856
5 0.769522 0.697926 0.064044 0.095852
2 0.702065 0.669449 0.104130 0.107648
2 0.788687 0.792830 0.061750 0.091911
2 0.779848 0.852004 0.056572 0.035258
5 0.535835 0.528895 0.093545 0.117164
5 0.511942 0.380410 0.083259 0.076445
5 0.500673 0.449833 0.073220 0.068416
5 0.472743 0.466676 0.067361 0.064602
0 0.709369 0.452757 0.081237 0.074264
3 0.641577 0.483880 0.133153 0.127134
2 0.663520 0.552224 0.102041 0.085698
5 0.689844 0.235369 0.039062 0.064488
4 0.523236 0.173730 0.102722 0.119334
3 0.536474 0.303555 0.104198 0.128986
2 0.632075 0.152659 0.092275 0.064692
2 0.617485 0.223673 0.119345 0.119220
3 0.451299 0.255273 0.115098 0.107422
5 0.454232 0.166245 0.052214 0.076241