5 0.040603 0.419270 0.081206 0.129164
5 0.012705 0.537769 0.025411 0.081787
5 0.050944 0.621882 0.101887 0.121889
5 0.109160 0.493448 0.140195 0.115022
5 0.370370 0.633271 0.125114 0.116542
5 0.398979 0.518627 0.122958 0.121630
5 0.492056 0.495855 0.096613 0.116711
5 0.480031 0.648327 0.106937 0.118530
5 0.679293 0.670017 0.111711 0.108784
5 0.723077 0.553025 0.111780 0.106050
5 0.655692 0.511709 0.108259 0.114042
5 0.757534 0.466341 0.093194 0.117056
5 0.819748 0.230891 0.198870 0.161781
5 0.931943 0.336776 0.117011 0.201677
5 0.848940 0.550759 0.110380 0.085894
5 0.937577 0.511924 0.075153 0.061348
5 0.936173 0.576268 0.072347 0.090036
5 0.931707 0.703532 0.069664 0.113314
5 0.738191 0.724780 0.095131 0.096434