5 0.442651 0.948306 0.072802 0.080988
4 0.379431 0.946662 0.090112 0.087073
4 0.416357 0.810883 0.082714 0.087391
4 0.455286 0.494759 0.094947 0.102017
4 0.510070 0.414980 0.098266 0.086211
2 0.259998 0.978280 0.073120 0.028434
2 0.314623 0.946412 0.047997 0.055323
2 0.415222 0.877248 0.080444 0.082622
2 0.436389 0.740048 0.104028 0.086347
3 0.318139 0.793537 0.098778 0.087073
3 0.303503 0.737669 0.107006 0.084712
3 0.463757 0.630855 0.086889 0.086711
0 0.477552 0.688867 0.067603 0.052734
0 0.489563 0.747529 0.041625 0.060683
3 0.455078 0.370159 0.110156 0.096567
3 0.376977 0.435842 0.107080 0.106059
3 0.382959 0.490816 0.053417 0.022258
3 0.335827 0.400055 0.081030 0.084484
3 0.401550 0.329434 0.103100 0.105742
3 0.540466 0.224918 0.080933 0.099836
2 0.488623 0.071366 0.114745 0.117733
0 0.581323 0.159629 0.090772 0.066133
0 0.387891 0.234997 0.082031 0.085619
0 0.438940 0.252984 0.059130 0.074719
4 0.432385 0.178443 0.105395 0.110011
4 0.384009 0.124219 0.099267 0.085938
4 0.482766 0.010136 0.046781 0.020272