5 0.276795 0.226677 0.084841 0.106480
5 0.195213 0.168655 0.109175 0.090434
5 0.336188 0.145715 0.091127 0.072680
5 0.380012 0.200735 0.119400 0.123345
5 0.433891 0.250726 0.114656 0.088952
5 0.412250 0.346051 0.087000 0.107727
5 0.306119 0.336600 0.105987 0.123200
5 0.399894 0.517794 0.109163 0.119962
5 0.392987 0.598743 0.104725 0.097486
5 0.496787 0.427847 0.121698 0.111944
5 0.682513 0.728874 0.140027 0.129623
5 0.736127 0.807914 0.125378 0.122078
5 0.771367 0.734805 0.052109 0.075859
5 0.668247 0.886120 0.136494 0.159739
5 0.582535 0.788557 0.096320 0.108364
5 0.492257 0.866951 0.140764 0.137027
5 0.572530 0.908920 0.110684 0.133466