5 0.792904 0.495557 0.129558 0.094239
5 0.772787 0.394482 0.139323 0.126464
5 0.772787 0.394482 0.139323 0.126464
5 0.751758 0.351221 0.119141 0.080567
5 0.751758 0.351221 0.119141 0.080567
5 0.651758 0.317073 0.087891 0.099772
5 0.622201 0.377165 0.125652 0.135580
5 0.622201 0.377165 0.125652 0.135580
5 0.720573 0.570134 0.106770 0.112142
5 0.584733 0.494059 0.150716 0.128744
5 0.560416 0.376595 0.052083 0.103191
5 0.491537 0.401905 0.092448 0.106934
5 0.491537 0.401905 0.092448 0.106934
5 0.413900 0.351188 0.109050 0.133627
5 0.413900 0.351188 0.109050 0.133627
5 0.281966 0.353467 0.113933 0.091309
5 0.281966 0.353467 0.113933 0.091309
5 0.309961 0.401253 0.123047 0.121256
5 0.428320 0.463981 0.119141 0.109213
5 0.428320 0.463981 0.119141 0.109213
5 0.489225 0.548242 0.140950 0.115234
5 0.489225 0.548242 0.140950 0.115234
5 0.465804 0.624023 0.106608 0.107422
5 0.465804 0.624023 0.106608 0.107422
5 0.381217 0.638395 0.115559 0.142416
5 0.381217 0.638395 0.115559 0.142416
5 0.358203 0.536833 0.097656 0.095541
5 0.045573 0.586345 0.091145 0.110189
5 0.029297 0.437288 0.058594 0.133952
5 0.377067 0.324235 0.076009 0.098470