3 0.874789 0.684686 0.174578 0.138122
3 0.799745 0.561375 0.140114 0.160250
3 0.252404 0.314500 0.139183 0.113375
4 0.476777 0.299911 0.116053 0.102947
4 0.108926 0.065845 0.111602 0.097316
4 0.416899 0.203921 0.121298 0.126592
4 0.587670 0.443122 0.125341 0.151869
4 0.658688 0.797525 0.123627 0.151300
4 0.658816 0.566616 0.148881 0.151983
5 0.416033 0.313534 0.097691 0.080192
5 0.240862 0.391480 0.112975 0.067336
5 0.031523 0.035479 0.063045 0.070958
5 0.098930 0.201961 0.113486 0.094547
5 0.185700 0.245873 0.105775 0.113622
5 0.151547 0.290617 0.059344 0.081234
5 0.341025 0.151684 0.103925 0.122117
5 0.265039 0.087491 0.080078 0.093731
5 0.205105 0.132746 0.088334 0.093617
5 0.724099 0.459227 0.132573 0.115328
5 0.700603 0.412847 0.107456 0.103819
5 0.502804 0.501563 0.102483 0.109375
5 0.529645 0.597093 0.115541 0.094186
5 0.456488 0.613279 0.094227 0.114058
5 0.523743 0.664948 0.066236 0.054895
5 0.595968 0.685010 0.088811 0.110645
5 0.582873 0.730894 0.068870 0.068038
2 0.743352 0.743977 0.142953 0.172330
2 0.340888 0.413135 0.103652 0.141895
2 0.353245 0.269873 0.109614 0.117870
2 0.448659 0.363249 0.031694 0.032748
2 0.402923 0.390016 0.071472 0.073783
4 0.871162 0.596355 0.070448 0.048961
2 0.264973 0.207073 0.123695 0.107897
4 0.472616 0.197941 0.042106 0.102131