5 0.137506 0.596598 0.137512 0.115072
5 0.088186 0.470198 0.126372 0.146647
5 0.196800 0.410954 0.106100 0.121908
5 0.228006 0.478402 0.115388 0.088053
5 0.251087 0.612028 0.108423 0.089681
5 0.453259 0.661084 0.137769 0.190919
5 0.466977 0.493278 0.152705 0.136556
5 0.585408 0.468831 0.142691 0.125163
5 0.884938 0.600667 0.151127 0.170084
5 0.944184 0.338591 0.072744 0.167806
5 0.883441 0.356527 0.054381 0.134928
5 0.793120 0.333220 0.151866 0.172689
5 0.580355 0.385563 0.138836 0.086752
5 0.529492 0.330257 0.115234 0.173014
5 0.430320 0.380452 0.138766 0.167155
5 0.360875 0.393376 0.021750 0.086752