5 0.469955 0.497249 0.146159 0.147623
5 0.520443 0.646663 0.131511 0.180827
5 0.607617 0.529509 0.146484 0.127767
5 0.540365 0.391911 0.143230 0.146322
5 0.403125 0.351855 0.140625 0.147461
5 0.493131 0.302620 0.117512 0.111491
5 0.632324 0.464437 0.045898 0.022623
5 0.630045 0.397477 0.056966 0.057455
5 0.612045 0.831673 0.102214 0.122722
5 0.708496 0.879053 0.120117 0.120606
5 0.605176 0.952132 0.110352 0.094889
5 0.702181 0.972233 0.085613 0.056966
5 0.258920 0.958448 0.086589 0.082520
5 0.718652 0.813038 0.081055 0.038575