5 0.049617 0.421594 0.099234 0.165063
5 0.016516 0.530273 0.033033 0.110547
5 0.025502 0.674844 0.051003 0.115312
5 0.131504 0.418716 0.084883 0.103058
5 0.264945 0.442755 0.117391 0.110511
5 0.276403 0.571417 0.149681 0.083459
5 0.354808 0.462253 0.147116 0.130756
5 0.394271 0.346169 0.104167 0.132963
5 0.321227 0.351762 0.067453 0.097275
5 0.565085 0.312100 0.102045 0.108575
5 0.534967 0.408573 0.094934 0.067147
5 0.627012 0.378130 0.129025 0.118759
5 0.583873 0.485053 0.133370 0.116981
5 0.581488 0.554848 0.128602 0.112822
5 0.682841 0.301787 0.131308 0.144198
5 0.693505 0.514816 0.080759 0.089006
5 0.843992 0.510573 0.047359 0.099270
5 0.809945 0.500864 0.069889 0.114228