5 0.047037 0.769190 0.094075 0.104005
5 0.034342 0.691748 0.068684 0.067872
5 0.076009 0.657471 0.105144 0.096192
5 0.036784 0.597445 0.073567 0.079264
5 0.106315 0.567887 0.081380 0.085775
5 0.149023 0.621045 0.107422 0.095216
5 0.120248 0.710010 0.059245 0.082520
5 0.162630 0.712695 0.100261 0.103516
5 0.125326 0.794190 0.094402 0.104005
5 0.249414 0.763526 0.095703 0.102052
5 0.248470 0.673877 0.134441 0.104005
5 0.325455 0.794596 0.100911 0.136067
5 0.373991 0.731869 0.097981 0.101238
5 0.223861 0.622526 0.044597 0.032552
5 0.144857 0.561686 0.039714 0.029622
5 0.149381 0.529411 0.039387 0.036947
5 0.196940 0.552198 0.081380 0.098145
5 0.214193 0.488688 0.084636 0.055502
5 0.244336 0.553077 0.076172 0.118653
5 0.292936 0.593441 0.107747 0.105631
5 0.316211 0.507503 0.076172 0.105631
5 0.300130 0.462061 0.084636 0.067872
5 0.371354 0.506038 0.067708 0.102702
5 0.397330 0.595329 0.100911 0.106283
5 0.447396 0.495882 0.119792 0.126139
5 0.491602 0.453597 0.095703 0.082194
5 0.561556 0.510661 0.116863 0.130697
5 0.449740 0.638770 0.143230 0.118164
5 0.458529 0.695622 0.113933 0.066244
5 0.445605 0.743050 0.053711 0.039225
5 0.526660 0.717871 0.106445 0.120117
5 0.625033 0.438932 0.103191 0.134114
5 0.724577 0.468538 0.111653 0.087077
5 0.735352 0.569808 0.158203 0.127116
5 0.849935 0.504802 0.152995 0.150228
5 0.820687 0.433838 0.085123 0.055177
5 0.804557 0.400863 0.087239 0.070475
5 0.926334 0.429004 0.105794 0.176758
5 0.950098 0.370101 0.090820 0.102702
5 0.815983 0.684782 0.135091 0.157064
5 0.897884 0.699772 0.089519 0.137044
5 0.756510 0.671436 0.059895 0.099122
5 0.616666 0.867302 0.067708 0.072103
5 0.737565 0.833920 0.081380 0.086589
5 0.794141 0.927751 0.082031 0.086752
5 0.886491 0.891455 0.097981 0.076661
5 0.610873 0.781331 0.059245 0.078287
5 0.565332 0.832178 0.071289 0.073731
5 0.685742 0.838216 0.052734 0.067058