0 0.361358 0.571466 0.135216 0.146056
5 0.297568 0.561602 0.085761 0.123205
5 0.372447 0.426183 0.126144 0.142991
5 0.390567 0.304956 0.112384 0.141162
5 0.476855 0.319437 0.128709 0.126373
5 0.507133 0.422980 0.139266 0.117836
5 0.476041 0.537548 0.136458 0.134470
5 0.469776 0.623646 0.105177 0.087917
5 0.414301 0.631816 0.050477 0.044883
5 0.666709 0.534816 0.174044 0.138383
5 0.756539 0.430226 0.141203 0.144827
5 0.585361 0.341868 0.105097 0.136861
5 0.762255 0.629645 0.133884 0.071791
5 0.579868 0.446936 0.050361 0.075122