5 0.601063 0.137565 0.139627 0.175130
5 0.662402 0.220237 0.162305 0.140473
5 0.673209 0.330353 0.158919 0.113831
5 0.164109 0.127782 0.090719 0.102439
5 0.048875 0.222313 0.079000 0.079002
5 0.789146 0.844000 0.115792 0.141125
5 0.707473 0.919433 0.108695 0.073241
5 0.903259 0.867339 0.119017 0.065928
5 0.791338 0.784370 0.135800 0.118739
5 0.032949 0.757922 0.065898 0.093969
5 0.023560 0.617999 0.047120 0.092248
5 0.532509 0.927799 0.102517 0.077473
5 0.147002 0.656165 0.106503 0.112330
5 0.045945 0.423024 0.073141 0.077298