5 0.316612 0.545802 0.151973 0.157230
5 0.398289 0.394986 0.143453 0.164972
5 0.545610 0.425259 0.147470 0.150519
5 0.608425 0.549134 0.163725 0.151392
5 0.457341 0.547229 0.167808 0.138208
5 0.461692 0.437322 0.045259 0.087144
5 0.463521 0.692012 0.117667 0.149650
5 0.334703 0.682191 0.150656 0.139383
5 0.926547 0.507654 0.146844 0.140308
5 0.904677 0.609749 0.140603 0.116373
5 0.840091 0.435973 0.127058 0.112570
5 0.925821 0.374968 0.086017 0.109311
5 0.981564 0.365299 0.038128 0.089973
5 0.982826 0.441845 0.034402 0.118066