5 0.789323 0.383545 0.122395 0.126464
5 0.618945 0.276074 0.119141 0.155273
5 0.495573 0.319873 0.138020 0.114747
5 0.505762 0.433968 0.124023 0.139811
5 0.478223 0.544255 0.137695 0.122884
5 0.420768 0.479476 0.085286 0.087077
5 0.874414 0.485042 0.126953 0.138834
5 0.767383 0.535645 0.134766 0.118164
0 0.566895 0.570231 0.086914 0.109213
5 0.698373 0.492757 0.059245 0.032389
5 0.732389 0.436442 0.111653 0.044759
5 0.693522 0.604151 0.074544 0.086427
5 0.648893 0.712126 0.085286 0.071127
5 0.905762 0.750928 0.077148 0.089356
5 0.618588 0.682536 0.077800 0.068197
5 0.646387 0.599007 0.045898 0.063639
5 0.245508 0.326221 0.072266 0.064942
5 0.201270 0.426807 0.086914 0.047364
5 0.533659 0.775619 0.057942 0.069988
5 0.832715 0.943050 0.065430 0.054850
5 0.473795 0.861052 0.072591 0.056478
5 0.485580 0.772591 0.052409 0.067058
5 0.361947 0.701546 0.058269 0.065592
5 0.286328 0.800667 0.066406 0.060709