5 0.516080 0.643669 0.132161 0.124838
5 0.528385 0.552067 0.153645 0.138509
5 0.552018 0.392302 0.085286 0.134603
5 0.495898 0.414144 0.138672 0.156413
5 0.766862 0.503971 0.171223 0.167317
5 0.862142 0.415787 0.161784 0.156575
5 0.801334 0.300830 0.074544 0.123536
5 0.884863 0.258854 0.141602 0.177083
5 0.951041 0.304216 0.098958 0.183431
5 0.969662 0.487223 0.061198 0.177572
5 0.351237 0.055745 0.093098 0.095866
5 0.375423 0.138493 0.091472 0.092611
5 0.294727 0.155030 0.064453 0.091309
5 0.153744 0.031006 0.101238 0.062013
5 0.209213 0.980550 0.093425 0.039225