5 0.512402 0.614437 0.159180 0.194498
5 0.607194 0.665837 0.148762 0.178548
5 0.599056 0.558187 0.116863 0.100748
5 0.350586 0.605973 0.169922 0.177572
5 0.256836 0.624381 0.076172 0.133137
5 0.265983 0.485823 0.197591 0.146647
5 0.331576 0.364632 0.203777 0.173014
5 0.494662 0.428695 0.186198 0.188639
5 0.575260 0.264241 0.184895 0.184733
5 0.645541 0.290251 0.112956 0.133627
5 0.919791 0.433155 0.161458 0.138184
5 0.968327 0.333155 0.064778 0.169434
5 0.938086 0.572184 0.123047 0.034994
5 0.884830 0.653532 0.054036 0.094564
5 0.425944 0.192302 0.164387 0.212728
5 0.345248 0.284749 0.168620 0.100748
5 0.266764 0.207634 0.158528 0.159017
5 0.143555 0.157259 0.146484 0.183269