5 0.665983 0.340706 0.166341 0.156413
5 0.526237 0.310530 0.124348 0.155436
5 0.412402 0.379931 0.159180 0.156738
5 0.331348 0.383610 0.090820 0.129720
5 0.383496 0.522673 0.151367 0.145345
5 0.379362 0.625179 0.155598 0.122233
5 0.484147 0.674366 0.121419 0.136231
5 0.540625 0.606527 0.140625 0.134928
5 0.559245 0.494776 0.165364 0.148927
5 0.036459 0.639860 0.072917 0.145345
5 0.024577 0.404378 0.049153 0.136881
5 0.949056 0.354052 0.101238 0.120605
5 0.967252 0.512581 0.065755 0.109537
5 0.898242 0.517985 0.099609 0.098470
5 0.887826 0.377930 0.094402 0.083984
5 0.984375 0.385694 0.031250 0.093262
5 0.957455 0.283968 0.083659 0.046061