5 0.345161 0.610331 0.199697 0.161288
5 0.346880 0.723253 0.131259 0.093381
5 0.490709 0.719216 0.156417 0.185306
5 0.502002 0.805648 0.144630 0.111295
5 0.607176 0.652853 0.117477 0.096331
5 0.565155 0.573647 0.183436 0.169169
5 0.587713 0.454678 0.159800 0.121856
5 0.438930 0.475343 0.146609 0.175686
5 0.323505 0.440720 0.140761 0.159566
5 0.361358 0.340213 0.144591 0.124177
5 0.467441 0.377920 0.106758 0.096464
5 0.578918 0.334057 0.151586 0.146239
5 0.473926 0.312292 0.091602 0.062084
5 0.830548 0.502159 0.132970 0.116817
5 0.902406 0.557708 0.142313 0.134166
5 0.943465 0.442437 0.083805 0.134873
5 0.821045 0.681341 0.142091 0.128306
5 0.923309 0.741496 0.099744 0.148617