5 0.407261 0.249952 0.117647 0.134278
5 0.319520 0.296455 0.098416 0.108534
5 0.319440 0.404452 0.070130 0.099530
5 0.383438 0.376413 0.113752 0.124702
5 0.489548 0.328309 0.113472 0.112869
5 0.586927 0.304966 0.101978 0.088056
5 0.584274 0.263690 0.109173 0.052380
5 0.544141 0.404889 0.107033 0.112903
5 0.415826 0.441207 0.094152 0.104289
5 0.567362 0.580013 0.087848 0.113152
5 0.526715 0.617874 0.103430 0.120123
5 0.635513 0.657484 0.127275 0.102469
5 0.619066 0.766052 0.100633 0.125853
5 0.518078 0.784287 0.136156 0.152948
5 0.466373 0.816599 0.051495 0.086323
5 0.167504 0.619306 0.085008 0.079238
5 0.165591 0.529988 0.071806 0.081852
5 0.090426 0.585784 0.087102 0.077819