5 0.075172 0.320964 0.084719 0.079428
5 0.054634 0.367376 0.106144 0.112877
5 0.134997 0.422620 0.110619 0.095239
5 0.064747 0.475009 0.110744 0.103144
5 0.084708 0.610187 0.100666 0.123500
5 0.407827 0.537397 0.096905 0.099794
5 0.471353 0.441151 0.080206 0.079177
5 0.503185 0.474566 0.109495 0.096006
5 0.510891 0.566800 0.121783 0.096100
5 0.416722 0.649879 0.089694 0.127883
5 0.632118 0.478185 0.095486 0.103245
5 0.681720 0.556668 0.079064 0.075836
5 0.722077 0.479405 0.091028 0.105686
5 0.780480 0.471156 0.067211 0.101688
5 0.783720 0.567609 0.120564 0.100842
5 0.710873 0.641588 0.090495 0.101927
5 0.829043 0.633170 0.123711 0.091339
5 0.822221 0.532874 0.056942 0.050123