4 0.200977 0.328125 0.220703 0.156250
4 0.672656 0.773242 0.117188 0.115234
0 0.542578 0.836523 0.113281 0.107422
0 0.875391 0.501367 0.144531 0.130859
4 0.938086 0.605273 0.123047 0.169922
4 0.162500 0.538086 0.218750 0.169922
5 0.328711 0.653320 0.138672 0.212891
5 0.435547 0.549219 0.167969 0.179688
5 0.483984 0.419922 0.199219 0.152344
5 0.381641 0.285547 0.175781 0.246094
5 0.488281 0.305078 0.054688 0.082031
5 0.896289 0.949219 0.111328 0.101562
5 0.952539 0.915039 0.095703 0.111328
5 0.828125 0.885352 0.078125 0.111328
5 0.519922 0.921680 0.136719 0.099609
5 0.650977 0.866602 0.111328 0.111328
5 0.252539 0.796875 0.126953 0.109375
5 0.427148 0.695898 0.107422 0.107422
5 0.949805 0.248633 0.099609 0.087891
5 0.049219 0.737695 0.085938 0.119141
5 0.045703 0.572070 0.082031 0.119141
4 0.280664 0.455859 0.189453 0.183594