5 0.053164 0.540355 0.071953 0.102586
5 0.061164 0.643151 0.081703 0.098802
5 0.127413 0.686270 0.098577 0.122539
5 0.213866 0.666278 0.102733 0.085681
5 0.218344 0.604545 0.096062 0.090339
5 0.138139 0.554023 0.107528 0.104920
5 0.082616 0.448388 0.105856 0.118652
5 0.208355 0.498740 0.110461 0.097480
5 0.500709 0.572270 0.110794 0.100789
5 0.516502 0.476776 0.108003 0.103552
5 0.516982 0.406695 0.108964 0.097766
5 0.589107 0.413294 0.071964 0.092213
5 0.617167 0.483270 0.096834 0.119666
5 0.592598 0.602673 0.094572 0.111597
5 0.630714 0.659126 0.098928 0.105752
5 0.659367 0.563780 0.115609 0.090059
5 0.687660 0.470044 0.081570 0.096337
5 0.939172 0.614002 0.109594 0.099878
5 0.883974 0.430284 0.111698 0.094942
5 0.976388 0.537023 0.046527 0.105295
5 0.976557 0.415266 0.046864 0.083656
5 0.990391 0.427845 0.018283 0.080689