5 0.714741 0.640161 0.110731 0.108447
5 0.666232 0.705898 0.085589 0.108672
5 0.833714 0.596775 0.129928 0.099800
5 0.948867 0.516176 0.100859 0.116727
5 0.986995 0.451704 0.027114 0.028408
5 0.866362 0.467832 0.117098 0.138789
5 0.306898 0.729182 0.082545 0.095864
5 0.248077 0.659220 0.074280 0.068439
5 0.256516 0.573296 0.091156 0.090342
5 0.276192 0.531269 0.074259 0.068788
5 0.316105 0.649424 0.075961 0.083223
5 0.386355 0.635176 0.075836 0.085977
5 0.412861 0.550312 0.085097 0.091248
5 0.477727 0.584002 0.086703 0.096128
5 0.465599 0.485623 0.081198 0.102497
5 0.502487 0.473590 0.064348 0.100305
5 0.584088 0.548406 0.105675 0.087438
5 0.588438 0.633493 0.136250 0.091986
5 0.630602 0.520795 0.114328 0.113464
5 0.645297 0.458961 0.103094 0.111672
5 0.744075 0.508298 0.106900 0.110345
5 0.736564 0.430909 0.101253 0.096194
5 0.555838 0.492359 0.052302 0.059719
5 0.588552 0.460384 0.017730 0.036394