5 0.647188 0.393768 0.144377 0.159411
5 0.528346 0.332215 0.128567 0.133180
5 0.436405 0.394355 0.163436 0.179334
5 0.376615 0.482695 0.156355 0.115391
5 0.450228 0.572492 0.162956 0.151234
5 0.421030 0.669178 0.101436 0.103981
5 0.527634 0.721727 0.161519 0.187203
5 0.567251 0.467021 0.153252 0.162167
5 0.590079 0.605720 0.114533 0.117691
5 0.683798 0.699179 0.170720 0.163983
5 0.870095 0.418637 0.143314 0.112273
5 0.955420 0.469961 0.088966 0.096172
5 0.678102 0.976248 0.128078 0.046247
5 0.975452 0.576066 0.047778 0.124006