5 0.547787 0.598323 0.123698 0.162272
5 0.386491 0.546713 0.144856 0.140300
5 0.377116 0.408805 0.160481 0.123861
5 0.500358 0.353662 0.150716 0.147948
5 0.451041 0.301530 0.114583 0.131184
5 0.395150 0.296077 0.062175 0.120280
5 0.563086 0.227213 0.123047 0.095052
5 0.574252 0.475245 0.142253 0.141114
5 0.704623 0.541748 0.121745 0.099122
5 0.727506 0.456103 0.164387 0.137206
5 0.650326 0.326123 0.156902 0.145997
5 0.701530 0.376481 0.068684 0.046713
5 0.812988 0.352686 0.141602 0.114747
5 0.830697 0.233170 0.152019 0.119466
5 0.725195 0.203255 0.134766 0.115886