5 0.086686 0.427555 0.123372 0.092611
5 0.080013 0.325179 0.141277 0.122233
5 0.130502 0.203987 0.126628 0.117350
5 0.247461 0.195427 0.107422 0.150228
5 0.385937 0.283448 0.125000 0.160645
5 0.279427 0.327913 0.127605 0.102702
5 0.205502 0.418180 0.095378 0.108236
5 0.320377 0.289274 0.018880 0.037923
5 0.360287 0.362435 0.045573 0.043620
5 0.283756 0.435889 0.148762 0.134278
5 0.263444 0.527067 0.133137 0.091634
5 0.377132 0.544401 0.079264 0.126302
5 0.448502 0.534391 0.175130 0.153158
5 0.481510 0.612874 0.122395 0.069498
5 0.614974 0.635303 0.123698 0.089356
5 0.728451 0.767578 0.110027 0.128906
5 0.834635 0.748909 0.200520 0.175944
5 0.877734 0.588070 0.152344 0.157389
5 0.938574 0.516406 0.124023 0.195312
5 0.776009 0.550977 0.120769 0.111328
5 0.618717 0.396338 0.099934 0.133300
0 0.507422 0.394531 0.183594 0.210938