5 0.080070 0.311530 0.085141 0.076186
5 0.060865 0.361239 0.106105 0.113103
5 0.141121 0.408900 0.110367 0.095925
5 0.072416 0.468553 0.110458 0.102731
5 0.095768 0.599158 0.100911 0.120191
5 0.415743 0.500894 0.097111 0.098663
5 0.477230 0.401782 0.079459 0.081689
5 0.510892 0.432097 0.109284 0.098569
5 0.520213 0.522485 0.121677 0.094970
5 0.427591 0.612173 0.089556 0.127470
5 0.639944 0.422480 0.095513 0.101211
5 0.690966 0.499145 0.078808 0.076416
5 0.729638 0.418595 0.090527 0.105939
5 0.787783 0.406309 0.066191 0.103242
5 0.791427 0.500523 0.120353 0.101045
5 0.720248 0.580405 0.090495 0.101434
5 0.838460 0.562691 0.123795 0.091006
5 0.830170 0.461716 0.057216 0.048431