5 0.590394 0.821630 0.090163 0.096386
5 0.562005 0.724162 0.067761 0.101448
4 0.756170 0.913637 0.093591 0.080400
4 0.661372 0.894059 0.103994 0.134994
3 0.743623 0.818406 0.127870 0.136813
5 0.519436 0.812483 0.091997 0.112466
5 0.637524 0.742838 0.115673 0.135675
5 0.803623 0.737653 0.063497 0.097181
2 0.733725 0.704848 0.104950 0.109697
2 0.825945 0.830842 0.061264 0.092934
2 0.818866 0.889965 0.056481 0.036180
5 0.560698 0.555355 0.093272 0.116959
5 0.528388 0.406638 0.084902 0.078902
5 0.521624 0.475089 0.074498 0.068928
5 0.495257 0.490778 0.068639 0.065931
0 0.730457 0.488899 0.082789 0.074673
3 0.663680 0.515949 0.133609 0.128773
2 0.688839 0.587087 0.102678 0.083548
5 0.700781 0.271459 0.039062 0.064794
4 0.530262 0.201162 0.104273 0.121075
3 0.550992 0.332039 0.105109 0.129703
2 0.640206 0.186546 0.092912 0.066842
2 0.628559 0.255281 0.119619 0.119938
3 0.462145 0.278711 0.114916 0.107422
5 0.461440 0.189990 0.054130 0.076855