5 0.091471 0.344791 0.120442 0.098958
5 0.111426 0.242888 0.125977 0.101400
5 0.216992 0.247412 0.083984 0.085450
5 0.256380 0.319776 0.115886 0.117677
5 0.174349 0.377263 0.092448 0.085775
5 0.276009 0.460498 0.105144 0.114747
5 0.166634 0.464958 0.105144 0.095541
5 0.372754 0.539795 0.129883 0.126466
5 0.493229 0.489372 0.130208 0.128744
5 0.481966 0.602132 0.113933 0.126139
5 0.604720 0.422526 0.118816 0.126302
5 0.569694 0.330697 0.133137 0.120769
5 0.921875 0.456234 0.156250 0.143717
5 0.931022 0.559830 0.137044 0.163411
5 0.955209 0.685091 0.088542 0.113933
5 0.786295 0.528044 0.150716 0.156087
5 0.847623 0.676188 0.138997 0.164877
5 0.710482 0.730876 0.133464 0.118002
5 0.793424 0.814648 0.124348 0.154297
5 0.878320 0.775472 0.150391 0.129069
5 0.934375 0.795720 0.093750 0.125814
5 0.750977 0.636881 0.048828 0.055012
5 0.327458 0.433122 0.048666 0.034994