5 0.921507 0.604128 0.114889 0.102006
5 0.827113 0.587253 0.119852 0.096381
5 0.815197 0.496709 0.096019 0.090292
5 0.742927 0.479248 0.079605 0.061620
5 0.738869 0.542787 0.080863 0.091823
5 0.857326 0.661255 0.077152 0.053759
5 0.774340 0.673384 0.111180 0.115519
5 0.654727 0.526377 0.106328 0.084003
5 0.565099 0.711910 0.092698 0.105070
5 0.488739 0.662053 0.114978 0.114731
5 0.509695 0.536878 0.116266 0.111256
5 0.540752 0.448970 0.097130 0.122939
5 0.444715 0.499122 0.105055 0.113869
5 0.254657 0.494928 0.106189 0.124231
5 0.141859 0.525038 0.146219 0.128202
5 0.249629 0.657301 0.121133 0.127102
5 0.131942 0.650732 0.126384 0.126464
5 0.470790 0.189748 0.185330 0.166995
5 0.628719 0.285138 0.188688 0.207777
5 0.807852 0.402116 0.068828 0.072981
5 0.774676 0.325294 0.074352 0.078712
5 0.739835 0.366080 0.073420 0.057159