3 0.636719 0.725195 0.132812 0.119141
3 0.550586 0.841211 0.138672 0.154297
3 0.432422 0.878320 0.105469 0.072266
3 0.418750 0.798242 0.140625 0.130859
3 0.374805 0.671875 0.146484 0.140625
3 0.390234 0.607031 0.105469 0.070312
4 0.527734 0.715625 0.121094 0.125000
4 0.619727 0.812109 0.048828 0.058594
5 0.630859 0.672461 0.105469 0.029297
5 0.588477 0.646875 0.095703 0.062500
3 0.544336 0.336914 0.138672 0.111328
3 0.343359 0.426758 0.121094 0.103516
3 0.336914 0.339258 0.111328 0.103516
2 0.446680 0.395898 0.130859 0.138672
0 0.451562 0.290430 0.109375 0.083984
3 0.317773 0.755859 0.107422 0.105469