5 0.181348 0.596598 0.137695 0.115072
5 0.123926 0.470198 0.125977 0.146647
5 0.226920 0.410954 0.103841 0.121908
5 0.265527 0.478402 0.112305 0.088053
5 0.297949 0.612028 0.108398 0.089681
5 0.504785 0.661084 0.137695 0.190919
5 0.503971 0.493278 0.151692 0.136556
5 0.619466 0.468831 0.145183 0.125163
5 0.927279 0.600667 0.145183 0.170084
5 0.968327 0.338591 0.064778 0.167806
5 0.909635 0.356527 0.059895 0.134928
5 0.817448 0.333220 0.153645 0.172689
5 0.611947 0.385563 0.136394 0.086752
5 0.551367 0.330257 0.115234 0.173014
5 0.459798 0.380452 0.138347 0.167155
5 0.392383 0.393376 0.025391 0.086752