5 0.969756 0.325898 0.061387 0.114297
5 0.890570 0.278227 0.103014 0.106453
5 0.901620 0.383520 0.109489 0.107664
5 0.915331 0.488831 0.108787 0.105787
5 0.862137 0.554097 0.118023 0.108194
5 0.797565 0.415858 0.092005 0.037966
5 0.671958 0.442580 0.084541 0.091411
5 0.623142 0.519390 0.133784 0.126280
5 0.581047 0.405422 0.146469 0.126469
5 0.513205 0.339233 0.110786 0.125341
5 0.424846 0.393010 0.121567 0.132895
5 0.499120 0.499788 0.123241 0.124577
5 0.402272 0.506886 0.088919 0.095022
5 0.422855 0.605010 0.123836 0.113145
5 0.549023 0.611416 0.119922 0.135333
5 0.342052 0.505821 0.034103 0.024142
5 0.326935 0.491353 0.047620 0.035831
5 0.345798 0.458840 0.075970 0.036430
5 0.365238 0.410162 0.039852 0.064073
5 0.053231 0.488451 0.072087 0.064402
5 0.057021 0.547570 0.076542 0.098264
5 0.091791 0.662941 0.139831 0.135258
5 0.969645 0.269526 0.061166 0.060927