5 0.112109 0.483936 0.105469 0.099122
5 0.140592 0.430387 0.068684 0.054525
5 0.110840 0.580664 0.112305 0.095703
5 0.111881 0.634749 0.070637 0.038248
5 0.189746 0.629216 0.088867 0.105306
5 0.179752 0.542399 0.081380 0.069173
5 0.170475 0.673063 0.078450 0.055502
5 0.257845 0.647412 0.087566 0.101075
5 0.279948 0.541260 0.122395 0.098145
5 0.208431 0.465544 0.101238 0.109213
5 0.237305 0.424268 0.083984 0.076661
5 0.413672 0.545459 0.074219 0.050294
5 0.498730 0.587256 0.100586 0.108887
5 0.442416 0.508838 0.097331 0.086427
5 0.584342 0.534684 0.084309 0.081869
5 0.531705 0.500733 0.085286 0.095216
5 0.529525 0.409701 0.077800 0.094402
5 0.573568 0.401481 0.053386 0.077963
5 0.489779 0.370915 0.067058 0.073080
5 0.450748 0.363688 0.029622 0.039877
5 0.402734 0.441585 0.058594 0.067545
5 0.443229 0.423080 0.098958 0.083659
5 0.807096 0.474788 0.057942 0.071452
5 0.851530 0.491748 0.068684 0.067872
5 0.929916 0.460303 0.097331 0.089356
5 0.851009 0.410303 0.089519 0.089356
5 0.778418 0.366878 0.084961 0.074381
5 0.839323 0.331429 0.091145 0.075358
5 0.919434 0.349659 0.073242 0.064942
5 0.856738 0.283741 0.079102 0.073731