5 0.096573 0.494898 0.143147 0.121047
5 0.096573 0.494898 0.143147 0.121047
5 0.158866 0.430548 0.142733 0.145472
5 0.158866 0.430548 0.142733 0.145472
5 0.408812 0.624969 0.148873 0.115562
5 0.408812 0.624969 0.148873 0.115562
5 0.472174 0.532725 0.131848 0.115450
5 0.472174 0.532725 0.131848 0.115450
5 0.543113 0.448919 0.111227 0.135337
5 0.652776 0.510048 0.133677 0.113845
5 0.652776 0.510048 0.133677 0.113845
5 0.968212 0.768121 0.064550 0.104992
5 0.968212 0.768121 0.064550 0.104992
5 0.913684 0.629404 0.124244 0.133808
5 0.961705 0.605128 0.076536 0.110256
5 0.961705 0.605128 0.076536 0.110256
5 0.546322 0.708121 0.117644 0.141242