0 0.118587 0.628760 0.124675 0.113770
0 0.356120 0.582698 0.196614 0.193522
5 0.917969 0.234098 0.164062 0.224447
5 0.905078 0.422526 0.191406 0.204427
0 0.503744 0.278597 0.163738 0.160319
0 0.388151 0.367595 0.141927 0.141439
5 0.108529 0.739567 0.113933 0.122884
5 0.226498 0.773014 0.137370 0.127278
5 0.159310 0.901709 0.137370 0.144044
5 0.058756 0.861572 0.117512 0.145019
5 0.038574 0.620003 0.077148 0.136881
0 0.532422 0.410270 0.167969 0.158041
0 0.613737 0.494124 0.155598 0.131998
0 0.544824 0.639795 0.170898 0.188966
5 0.189584 0.617041 0.057292 0.074708