5 0.227238 0.520731 0.088852 0.125837
5 0.186894 0.414277 0.105038 0.097303
5 0.186894 0.414277 0.105038 0.097303
5 0.305449 0.428125 0.114023 0.093750
5 0.296657 0.329520 0.099564 0.115291
5 0.296842 0.336687 0.099934 0.101498
5 0.420301 0.321166 0.090602 0.098583
5 0.497423 0.310566 0.088595 0.108633
5 0.463332 0.395640 0.076664 0.078780
5 0.567183 0.294480 0.074991 0.098334
5 0.624612 0.312405 0.052348 0.062311
5 0.613032 0.359588 0.057314 0.072300
5 0.612521 0.359555 0.056292 0.072234
5 0.560392 0.389706 0.108284 0.101288
5 0.501513 0.473092 0.093652 0.099309
5 0.626545 0.444780 0.112464 0.095811
5 0.652126 0.393938 0.060502 0.059752
5 0.569785 0.507205 0.086445 0.095659
5 0.492234 0.539799 0.068844 0.067098
5 0.550507 0.560753 0.063514 0.077756