4 0.526758 0.836523 0.087891 0.091797
2 0.378516 0.916797 0.097656 0.121094
2 0.341211 0.839648 0.107422 0.076172
0 0.471289 0.874023 0.048828 0.060547
4 0.484180 0.434961 0.099609 0.076172
4 0.560937 0.512109 0.078125 0.089844
2 0.506250 0.506445 0.062500 0.072266
2 0.431055 0.528711 0.037109 0.060547
2 0.389062 0.490625 0.078125 0.078125
3 0.589258 0.148047 0.087891 0.089844
3 0.536523 0.196680 0.076172 0.099609
2 0.546680 0.062500 0.083984 0.078125
0 0.466602 0.035156 0.064453 0.070312
0 0.479492 0.127734 0.068359 0.089844
0 0.444336 0.152148 0.044922 0.076172