5 0.514743 0.591715 0.110736 0.111555
5 0.440213 0.509921 0.121050 0.101092
5 0.567702 0.457413 0.116655 0.102327
5 0.452155 0.449070 0.104311 0.045014
5 0.441363 0.377953 0.120227 0.090281
5 0.463168 0.323945 0.045086 0.060389
5 0.522877 0.308822 0.114505 0.133269
5 0.596665 0.334261 0.052705 0.090397
5 0.911672 0.629620 0.101469 0.127991
5 0.966302 0.571845 0.066980 0.093689
5 0.844531 0.548770 0.117188 0.103789
5 0.802576 0.445416 0.117652 0.050208
5 0.840008 0.384696 0.089391 0.106892
5 0.916753 0.357544 0.092881 0.121338
5 0.973289 0.399424 0.052828 0.061348
5 0.974923 0.368285 0.031097 0.039695
5 0.969915 0.472758 0.061705 0.117391