5 0.568164 0.851367 0.080078 0.099609
5 0.463867 0.901367 0.083984 0.099609
5 0.396484 0.874805 0.089844 0.083984
5 0.399414 0.791406 0.095703 0.085938
5 0.482422 0.818945 0.089844 0.087891
5 0.476172 0.730859 0.089844 0.089844
3 0.348047 0.794531 0.074219 0.101562
3 0.404883 0.710742 0.087891 0.099609
3 0.462891 0.687500 0.035156 0.015625
3 0.379688 0.294531 0.125000 0.117188
3 0.408789 0.198828 0.095703 0.097656
3 0.417383 0.375586 0.056641 0.076172
3 0.481836 0.360156 0.123047 0.117188
4 0.502344 0.563477 0.101562 0.111328
4 0.386523 0.501563 0.091797 0.093750
4 0.557617 0.269531 0.099609 0.117188
5 0.592187 0.513086 0.109375 0.091797
5 0.552148 0.433008 0.091797 0.103516
5 0.557422 0.352930 0.042969 0.052734
5 0.611914 0.266602 0.033203 0.080078
2 0.580664 0.582812 0.080078 0.093750
2 0.442773 0.485352 0.107422 0.095703
2 0.439844 0.586523 0.085938 0.107422
2 0.469141 0.241211 0.097656 0.123047
5 0.516211 0.028320 0.091797 0.056641
5 0.394922 0.079687 0.089844 0.093750
4 0.414648 0.041016 0.107422 0.082031
5 0.329102 0.017578 0.080078 0.035156
5 0.494531 0.041797 0.054688 0.058594