5 0.361947 0.430778 0.152019 0.136556
5 0.333041 0.544190 0.066081 0.104005
5 0.419010 0.542676 0.138020 0.141602
5 0.412891 0.641944 0.128906 0.108887
5 0.478678 0.665999 0.082356 0.069498
5 0.540072 0.606690 0.136394 0.135255
5 0.459375 0.383822 0.109375 0.120769
5 0.450977 0.269385 0.142578 0.145020
5 0.591373 0.285921 0.138997 0.159342
5 0.715804 0.529020 0.122233 0.033041
5 0.718099 0.457113 0.139323 0.054850
5 0.834310 0.395915 0.121745 0.135580
5 0.889225 0.341716 0.125325 0.089681
5 0.945150 0.415804 0.109050 0.122233
5 0.949219 0.512777 0.101562 0.150553
5 0.845508 0.630648 0.134766 0.161295
5 0.800765 0.572087 0.089030 0.084798
5 0.980469 0.609310 0.039062 0.043620