5 0.156087 0.026774 0.062175 0.053548
5 0.102865 0.022868 0.049480 0.045736
5 0.114225 0.070524 0.062825 0.053548
5 0.102018 0.122868 0.054036 0.061361
5 0.168066 0.082927 0.067383 0.056478
5 0.269369 0.098763 0.085613 0.063152
5 0.184570 0.150147 0.072266 0.081544
5 0.149447 0.140039 0.042644 0.064453
5 0.221256 0.211898 0.070637 0.098795
5 0.334701 0.154118 0.078777 0.076986
5 0.329850 0.203744 0.078450 0.085613
5 0.276823 0.200342 0.044270 0.060059
5 0.418912 0.193571 0.078450 0.080892
5 0.468978 0.200342 0.034831 0.044434
5 0.449838 0.246924 0.093425 0.068848
5 0.431934 0.301709 0.073242 0.081544
5 0.342741 0.274854 0.066731 0.059083
5 0.301302 0.315120 0.080730 0.064616
5 0.370248 0.351302 0.074870 0.096355
5 0.309668 0.361393 0.053711 0.054036
5 0.557813 0.375341 0.078125 0.091308
5 0.476432 0.417855 0.087239 0.076334
5 0.428287 0.488102 0.094075 0.088705
5 0.515299 0.542025 0.077473 0.109050
5 0.561100 0.463298 0.094075 0.082845
5 0.268099 0.421305 0.045573 0.045736
5 0.205469 0.415577 0.054688 0.040528
5 0.323763 0.543685 0.063152 0.043620
5 0.246777 0.565479 0.065430 0.059083
5 0.187826 0.568848 0.063152 0.059570
5 0.221777 0.616146 0.049805 0.057292
5 0.206445 0.672380 0.072266 0.060384
5 0.313053 0.674788 0.066731 0.055827
5 0.281771 0.722330 0.057292 0.069661
5 0.239844 0.702002 0.054688 0.057130
5 0.215397 0.749886 0.058919 0.068522
5 0.191895 0.956788 0.071289 0.069825
5 0.222266 0.968506 0.066406 0.062013
5 0.307194 0.967838 0.070637 0.063802
5 0.345573 0.943376 0.075520 0.071127
5 0.623959 0.475879 0.072917 0.083008
5 0.716569 0.608610 0.086262 0.098470
5 0.789291 0.667302 0.112956 0.087728
5 0.789355 0.744515 0.069336 0.073405
5 0.735319 0.748356 0.086262 0.109213
5 0.663998 0.666504 0.074870 0.067383
5 0.636263 0.745850 0.094402 0.085450
5 0.580924 0.765983 0.077473 0.088216
5 0.596940 0.517530 0.050130 0.028809
5 0.969824 0.984880 0.061523 0.029134
5 0.229752 0.453434 0.050130 0.050619
5 0.192643 0.376188 0.054036 0.039877