5 0.031341 0.615099 0.062681 0.105198
5 0.055404 0.499172 0.101433 0.120219
5 0.160934 0.471230 0.106244 0.111211
5 0.115547 0.564321 0.118594 0.122392
5 0.071166 0.676127 0.117333 0.121003
5 0.407559 0.433400 0.127617 0.104300
5 0.453525 0.313148 0.103925 0.123170
5 0.550845 0.317610 0.089189 0.082095
5 0.515893 0.387101 0.119286 0.127327
5 0.509498 0.542440 0.097122 0.128630
5 0.942087 0.470815 0.059173 0.129130
5 0.942087 0.470815 0.059173 0.129130
5 0.910616 0.316738 0.127483 0.136602
5 0.910616 0.316738 0.127483 0.136602
5 0.829365 0.409930 0.111855 0.101111
5 0.818609 0.276802 0.105969 0.131730
5 0.818609 0.276802 0.105969 0.131730