5 0.185793 0.301400 0.102836 0.112175
5 0.311423 0.260418 0.097845 0.114586
5 0.269502 0.314299 0.120253 0.119223
5 0.245471 0.431425 0.122192 0.122225
5 0.397305 0.283162 0.100859 0.113200
5 0.343051 0.326648 0.026727 0.031420
5 0.385536 0.358910 0.052322 0.045945
5 0.437235 0.582792 0.049470 0.065584
5 0.489784 0.603630 0.132692 0.113511
5 0.483692 0.704443 0.117384 0.108886
5 0.526990 0.497185 0.066480 0.103745
5 0.594097 0.509345 0.116319 0.134314
5 0.637913 0.547519 0.085202 0.107537
5 0.648356 0.591983 0.084212 0.068341
5 0.879344 0.759121 0.108688 0.083867
5 0.887678 0.836592 0.131606 0.126309
5 0.768631 0.766516 0.106012 0.108031
5 0.728587 0.840149 0.113425 0.089673
5 0.745044 0.941316 0.140088 0.117008