5 0.489420 0.409001 0.088216 0.086752
5 0.592838 0.401937 0.095052 0.069498
5 0.599414 0.463526 0.095703 0.086427
5 0.523340 0.476026 0.065430 0.070802
5 0.607031 0.510628 0.054688 0.027506
5 0.545670 0.531885 0.088216 0.082520
5 0.459049 0.507243 0.077473 0.076986
5 0.400423 0.466976 0.075847 0.071452
5 0.440820 0.550944 0.087891 0.086262
5 0.390072 0.510433 0.058269 0.048991
5 0.413509 0.824121 0.073894 0.073242
5 0.469434 0.870198 0.088867 0.099772
5 0.566373 0.837516 0.092122 0.090658
5 0.585547 0.776155 0.074219 0.061686
5 0.475358 0.934034 0.088216 0.080567
5 0.539258 0.871615 0.056641 0.080730
5 0.549837 0.179671 0.077800 0.065592
5 0.494759 0.255192 0.011394 0.044759
5 0.451855 0.263395 0.022461 0.064291