5 0.101788 0.575113 0.137950 0.109600
5 0.174623 0.468390 0.127372 0.124280
5 0.281281 0.428634 0.106313 0.132269
5 0.158426 0.659826 0.123102 0.107152
5 0.557256 0.680965 0.136387 0.177555
5 0.447473 0.622941 0.160570 0.092756
5 0.460781 0.546214 0.162187 0.129928
5 0.564509 0.470998 0.138392 0.138870
5 0.472312 0.410399 0.104000 0.083298
5 0.471410 0.448724 0.070945 0.078698
5 0.586429 0.355915 0.125983 0.136830
5 0.840167 0.414455 0.174084 0.138286
5 0.933581 0.314109 0.132788 0.190719
5 0.043214 0.502589 0.048928 0.117678
5 0.097715 0.427626 0.104805 0.120877