0 0.510562 0.699246 0.089873 0.110992
0 0.437794 0.613994 0.103713 0.074862
5 0.054347 0.555226 0.108694 0.101077
5 0.090133 0.491608 0.077141 0.073841
5 0.154013 0.586270 0.104902 0.113166
5 0.209487 0.496501 0.040848 0.052377
5 0.417919 0.506936 0.113963 0.101372
5 0.857205 0.483755 0.101911 0.111259
5 0.810785 0.554944 0.105945 0.059888
5 0.948614 0.506466 0.084728 0.091056
5 0.931855 0.585059 0.110586 0.120119
5 0.843710 0.639030 0.115545 0.103059
5 0.932387 0.709376 0.102273 0.109377
5 0.834189 0.709687 0.105878 0.081873
0 0.529470 0.463552 0.099564 0.108355
0 0.158848 0.460641 0.102070 0.108783
5 0.481124 0.461994 0.055998 0.089612
5 0.498317 0.537352 0.065384 0.071580