5 0.925804 0.461357 0.107858 0.122714
5 0.916559 0.609207 0.101869 0.105914
5 0.844605 0.576019 0.104834 0.058288
5 0.483613 0.412072 0.092227 0.092894
5 0.415374 0.464137 0.118248 0.103273
5 0.415227 0.464110 0.117955 0.103220
5 0.469477 0.529889 0.104578 0.109778
5 0.469477 0.529889 0.104578 0.109778
5 0.433598 0.611027 0.117197 0.106430
5 0.042300 0.603093 0.084600 0.096811
5 0.033866 0.549768 0.067733 0.099536
5 0.030130 0.431352 0.060261 0.115830
5 0.081118 0.347078 0.105986 0.116031
5 0.050510 0.415718 0.047895 0.059561