5 0.160017 0.533771 0.082534 0.092542
5 0.257470 0.537580 0.093066 0.084536
5 0.366500 0.487611 0.114250 0.118972
5 0.309742 0.581230 0.069484 0.115586
5 0.279000 0.684784 0.142375 0.119569
5 0.359002 0.779073 0.114878 0.136270
5 0.412176 0.704795 0.111852 0.125216
5 0.477415 0.764440 0.104830 0.119505
5 0.422637 0.823459 0.073398 0.075044
5 0.680553 0.532563 0.111106 0.099502
5 0.713035 0.481259 0.038570 0.043769
5 0.764981 0.504325 0.098713 0.105525
5 0.847710 0.502368 0.076670 0.070361
5 0.899252 0.565067 0.117253 0.123884
5 0.932598 0.695358 0.093322 0.112591
5 0.857181 0.663760 0.129987 0.118145
5 0.769376 0.721013 0.107502 0.120152
5 0.792391 0.575064 0.109781 0.125128
5 0.694191 0.607488 0.085258 0.052477
5 0.681539 0.642184 0.119328 0.096869
5 0.692417 0.727824 0.084834 0.086898
5 0.798718 0.804527 0.109936 0.127803
5 0.852570 0.796737 0.042641 0.102850
5 0.707360 0.775285 0.077220 0.034945
5 0.379298 0.593288 0.124220 0.108452
5 0.488433 0.551911 0.111241 0.116322