5 0.307322 0.362200 0.155269 0.143150
5 0.443116 0.317092 0.139356 0.143559
5 0.569929 0.295235 0.133608 0.159220
5 0.649648 0.376220 0.177422 0.127441
5 0.639659 0.491280 0.107442 0.107559
5 0.589068 0.583234 0.125011 0.107094
5 0.533873 0.476642 0.139622 0.137659
5 0.410399 0.426474 0.136423 0.131073
5 0.286309 0.499778 0.163242 0.127681
5 0.388524 0.578435 0.127048 0.169370
5 0.277745 0.579914 0.114866 0.081703
5 0.412799 0.635400 0.075598 0.067675
5 0.510894 0.243036 0.099913 0.092322
5 0.572580 0.167478 0.113911 0.094331
5 0.440257 0.189172 0.083639 0.103344
5 0.359190 0.194657 0.090255 0.083064