5 0.597468 0.470806 0.104311 0.119738
5 0.495548 0.490720 0.128595 0.112691
5 0.408846 0.531564 0.111442 0.122503
5 0.272975 0.338891 0.089700 0.099656
5 0.405009 0.689585 0.122517 0.122920
5 0.503752 0.595612 0.126253 0.119350
5 0.514083 0.692189 0.100041 0.087503
5 0.589140 0.566667 0.084530 0.089584
5 0.661975 0.565025 0.105200 0.105050
5 0.606341 0.723986 0.047056 0.044847
5 0.640244 0.682608 0.121112 0.118341
5 0.870018 0.775645 0.180661 0.198166
5 0.709113 0.833026 0.196350 0.181677
5 0.733413 0.964732 0.188700 0.070089
0 0.863859 0.935467 0.162094 0.130309