5 0.031938 0.363294 0.063875 0.101588
5 0.025167 0.278488 0.050334 0.100727
5 0.093603 0.275715 0.112206 0.129555
5 0.114078 0.371401 0.112531 0.124052
5 0.042940 0.506380 0.085880 0.115884
5 0.171285 0.482167 0.117570 0.117459
5 0.082398 0.544390 0.080422 0.070030
5 0.421386 0.533787 0.136522 0.092573
5 0.480903 0.624781 0.105556 0.137063
5 0.551066 0.539100 0.102131 0.087575
5 0.641566 0.518411 0.086258 0.089947
5 0.702487 0.517625 0.089348 0.094625
5 0.518121 0.463942 0.079992 0.084134
5 0.601790 0.389978 0.097330 0.123706
5 0.578601 0.345724 0.085327 0.082073
5 0.510841 0.383347 0.087306 0.085444
5 0.455595 0.355594 0.089316 0.108062
5 0.410304 0.419644 0.117483 0.073662
5 0.506487 0.325270 0.059850 0.047416
5 0.938487 0.667433 0.083225 0.109866
5 0.857665 0.603109 0.109080 0.074969
5 0.930731 0.542459 0.102087 0.078669
5 0.962091 0.429074 0.052306 0.114398
5 0.888998 0.450409 0.096747 0.085192
5 0.882548 0.488526 0.080720 0.061427
5 0.827987 0.560158 0.055973 0.017191
5 0.838311 0.513000 0.095372 0.035375
5 0.158134 0.302758 0.031892 0.074266