5 0.070272 0.146972 0.134294 0.137694
5 0.273525 0.510174 0.137675 0.129723
5 0.332538 0.477480 0.149452 0.151836
5 0.452861 0.432002 0.133847 0.132755
5 0.469087 0.353112 0.122548 0.118723
5 0.576331 0.399668 0.115162 0.068086
5 0.582543 0.462620 0.136961 0.118991
5 0.643630 0.518176 0.134136 0.101977
5 0.743299 0.806595 0.077223 0.138189
5 0.816093 0.823920 0.141561 0.154091
5 0.846141 0.739994 0.132908 0.142487
5 0.942633 0.817577 0.113391 0.107028
5 0.927046 0.924438 0.144717 0.152002
5 0.699452 0.964458 0.130155 0.069541
5 0.803304 0.978918 0.131608 0.042211
5 0.913923 0.639269 0.171597 0.172287
5 0.957386 0.770653 0.086647 0.094431