5 0.765246 0.869473 0.133617 0.173320
5 0.695301 0.787780 0.165602 0.209936
5 0.803888 0.555362 0.201525 0.201350
5 0.564607 0.581329 0.144839 0.143908
5 0.581568 0.452713 0.119386 0.111677
5 0.557361 0.394244 0.139722 0.166612
5 0.486938 0.375125 0.083252 0.144000
5 0.391902 0.352150 0.140053 0.169925
5 0.331977 0.410177 0.129580 0.142228
5 0.362787 0.515453 0.091200 0.071531
5 0.296413 0.699495 0.102202 0.114616
5 0.267970 0.609089 0.092189 0.090053
5 0.207937 0.684271 0.103373 0.115417
5 0.102873 0.730245 0.102622 0.104241
5 0.158513 0.757839 0.120150 0.121928
5 0.244772 0.806410 0.108294 0.119070
5 0.337283 0.861461 0.137066 0.119797
5 0.126505 0.885261 0.128009 0.123647
5 0.707678 0.529320 0.152856 0.196139