3 0.041504 0.516764 0.083008 0.096028
5 0.139681 0.601416 0.116863 0.090333
5 0.159180 0.503141 0.115234 0.090658
5 0.195150 0.561247 0.109050 0.097494
5 0.307552 0.415234 0.096355 0.105469
5 0.260873 0.389339 0.074870 0.103678
5 0.305664 0.560205 0.111328 0.092286
5 0.265039 0.629151 0.095703 0.102052
5 0.449805 0.590951 0.115234 0.110027
5 0.275553 0.668995 0.082356 0.062989
5 0.427506 0.442887 0.117512 0.085775
5 0.563770 0.419190 0.118164 0.135255
5 0.522623 0.391162 0.092122 0.132325
5 0.381348 0.466048 0.090820 0.075847
5 0.366797 0.590870 0.074219 0.078614
5 0.158920 0.435270 0.070964 0.064291
5 0.568620 0.629655 0.134114 0.115559
5 0.617545 0.508268 0.135091 0.100911
5 0.674707 0.777100 0.133789 0.147950
5 0.906803 0.696305 0.097981 0.139486
5 0.033691 0.398959 0.067383 0.088542