5 0.402944 0.557934 0.168387 0.165867
5 0.375120 0.463087 0.153364 0.098050
5 0.468409 0.422072 0.080567 0.119144
5 0.560530 0.418570 0.136684 0.130891
5 0.533398 0.493362 0.129297 0.161723
5 0.409334 0.677509 0.162417 0.130017
5 0.534230 0.660243 0.065334 0.079861
5 0.712722 0.558330 0.097319 0.057284
5 0.703245 0.686747 0.059616 0.085994
5 0.759774 0.704963 0.125798 0.119302
5 0.816027 0.590419 0.147678 0.105838
5 0.885864 0.523454 0.137353 0.134408
5 0.893047 0.703225 0.154844 0.131450
5 0.861637 0.791829 0.120148 0.108658