5 0.092545 0.631089 0.097591 0.127803
5 0.085322 0.501423 0.108144 0.130972
5 0.074798 0.400508 0.030847 0.076016
5 0.135493 0.395585 0.152236 0.113045
5 0.150020 0.486388 0.150041 0.138400
5 0.184424 0.622676 0.143848 0.139102
5 0.245826 0.694198 0.122902 0.154022
5 0.264102 0.389499 0.121955 0.128998
5 0.428020 0.401334 0.143539 0.137044
5 0.529695 0.365182 0.128139 0.149114
5 0.633555 0.372926 0.092109 0.111477
5 0.492966 0.492732 0.135933 0.122964
5 0.625121 0.476637 0.134617 0.125148
5 0.438688 0.586807 0.161750 0.123614
5 0.490945 0.665553 0.125639 0.121731
5 0.594097 0.691339 0.106944 0.145178
5 0.814552 0.555116 0.138478 0.110233
5 0.786609 0.477241 0.129469 0.066983
5 0.880138 0.402448 0.104025 0.117395