5 0.093630 0.150723 0.109134 0.120195
5 0.206854 0.184731 0.119958 0.106963
5 0.162510 0.313993 0.118770 0.112361
5 0.079233 0.268377 0.124091 0.108628
5 0.045325 0.336321 0.062525 0.085142
5 0.139196 0.353151 0.094017 0.078177
5 0.503052 0.475098 0.099853 0.112695
5 0.524988 0.364537 0.090600 0.113448
5 0.603880 0.436898 0.120261 0.105045
5 0.636290 0.351414 0.113205 0.093453
5 0.577754 0.497367 0.077383 0.063484
5 0.855245 0.433109 0.088616 0.091217
5 0.899246 0.452949 0.107867 0.090273
5 0.931744 0.516153 0.069737 0.082306
5 0.870448 0.544720 0.103397 0.111316
5 0.787220 0.564003 0.090064 0.078006
5 0.755225 0.630713 0.110450 0.105175
5 0.859705 0.612266 0.110034 0.058908