5 0.543457 0.177978 0.102539 0.105956
5 0.598730 0.212745 0.116211 0.094239
5 0.467220 0.231510 0.103191 0.091145
5 0.373145 0.230192 0.102539 0.091634
5 0.411198 0.372021 0.106770 0.112792
5 0.413932 0.310954 0.087239 0.075033
5 0.548405 0.308789 0.099934 0.111328
5 0.594076 0.393359 0.094402 0.089844
5 0.507389 0.410921 0.096028 0.112467
5 0.580306 0.477034 0.069988 0.082194
5 0.541537 0.493848 0.108073 0.090820
5 0.410709 0.476612 0.105794 0.100098
5 0.364779 0.516813 0.098308 0.086752
5 0.461263 0.541520 0.094402 0.111166
5 0.477213 0.615885 0.095052 0.106770
5 0.395605 0.589372 0.069336 0.081869