5 0.952213 0.693792 0.095052 0.121959
5 0.893555 0.533566 0.115234 0.110881
5 0.893555 0.533566 0.115234 0.110881
5 0.699479 0.410350 0.114583 0.123825
5 0.699479 0.410350 0.114583 0.123825
5 0.699479 0.410350 0.114583 0.123825
5 0.598373 0.410159 0.106120 0.114067
5 0.598373 0.410159 0.106120 0.114067
5 0.583334 0.555770 0.104167 0.092791
5 0.234342 0.451491 0.146809 0.127983
5 0.063639 0.170830 0.127278 0.169784
5 0.761881 0.798562 0.086262 0.084623
5 0.761881 0.798562 0.086262 0.084623
5 0.701725 0.892491 0.094075 0.078733
5 0.701725 0.892491 0.094075 0.078733
5 0.547721 0.689572 0.073567 0.088519
5 0.547721 0.689572 0.073567 0.088519
5 0.298177 0.549459 0.096355 0.092669
5 0.298177 0.549459 0.096355 0.092669
5 0.252377 0.663155 0.095378 0.073184
5 0.235221 0.635877 0.089192 0.062378
0 0.040202 0.494850 0.080403 0.117825
5 0.282780 0.284142 0.131184 0.121409
5 0.220020 0.347386 0.071289 0.035397
5 0.318945 0.386602 0.134766 0.145080
5 0.953288 0.113055 0.094075 0.097986
5 0.941830 0.028021 0.114909 0.046667
5 0.958627 0.975482 0.079753 0.047839
5 0.920801 0.875180 0.079102 0.084734
5 0.229785 0.739802 0.059570 0.070230
5 0.163412 0.831127 0.076823 0.059130
5 0.184180 0.740211 0.052734 0.067922
5 0.049837 0.674373 0.062175 0.067497
5 0.112370 0.421891 0.087239 0.062531