5 0.104982 0.897130 0.169339 0.150509
5 0.136061 0.755740 0.118997 0.123980
5 0.262010 0.751147 0.149020 0.164794
5 0.541366 0.661150 0.107733 0.131675
5 0.444586 0.658381 0.089172 0.123012
5 0.402538 0.577448 0.089452 0.098645
5 0.385202 0.460112 0.086028 0.095225
5 0.449719 0.423987 0.121313 0.138598
5 0.549003 0.498755 0.132381 0.128759
5 0.632136 0.480392 0.098647 0.120159
5 0.459681 0.344049 0.078738 0.053723
5 0.549954 0.335495 0.106158 0.120991
5 0.503847 0.278055 0.092069 0.102986
5 0.336002 0.953805 0.128255 0.048236