5 0.034595 0.258745 0.069189 0.120614
5 0.029638 0.148797 0.059275 0.113219
5 0.088228 0.294424 0.085831 0.113848
5 0.026295 0.393991 0.052589 0.131731
5 0.355105 0.447902 0.047711 0.098928
5 0.417103 0.469482 0.137331 0.151464
5 0.477220 0.417848 0.104439 0.116945
5 0.585627 0.490747 0.105628 0.100244
5 0.524027 0.536595 0.101180 0.070064
5 0.555471 0.607495 0.142192 0.124366
5 0.638691 0.589495 0.055508 0.066489
5 0.580791 0.678667 0.114708 0.082334
5 0.526689 0.756337 0.125253 0.134550
5 0.441807 0.676545 0.136739 0.115589