3 0.511328 0.562500 0.160156 0.171875
5 0.763281 0.931641 0.101562 0.113281
5 0.721289 0.843164 0.142578 0.126953
5 0.730078 0.766992 0.097656 0.052734
5 0.644336 0.780078 0.091797 0.113281
5 0.565430 0.915820 0.130859 0.134766
5 0.505664 0.972656 0.111328 0.054688
5 0.437109 0.900000 0.136719 0.140625
5 0.408594 0.818359 0.132812 0.105469
5 0.497656 0.753711 0.085938 0.107422
5 0.537695 0.791406 0.134766 0.132812
5 0.687891 0.945898 0.144531 0.107422
5 0.653906 0.614648 0.117188 0.091797
5 0.659570 0.531641 0.150391 0.128906
5 0.703516 0.474609 0.113281 0.089844
5 0.587500 0.419531 0.156250 0.148438
5 0.449219 0.438867 0.132812 0.130859
5 0.449219 0.605273 0.039062 0.060547
5 0.661133 0.126367 0.087891 0.115234
5 0.513672 0.047852 0.121094 0.095703
5 0.602539 0.014648 0.095703 0.029297
4 0.690039 0.060547 0.126953 0.121094