5 0.124935 0.906788 0.168620 0.147950
5 0.154557 0.768505 0.118489 0.124511
5 0.279069 0.772087 0.148762 0.162923
5 0.556998 0.702588 0.107747 0.133302
5 0.460970 0.692627 0.087566 0.119630
5 0.416146 0.609034 0.088542 0.096192
5 0.396582 0.490609 0.086914 0.096842
5 0.460709 0.457829 0.121419 0.137533
5 0.561556 0.542171 0.132488 0.128092
5 0.643717 0.528565 0.099934 0.119630
5 0.469238 0.381527 0.079102 0.056803
5 0.559147 0.376758 0.105794 0.119141
5 0.511686 0.316976 0.092122 0.102702
5 0.359440 0.978890 0.128255 0.042155