5 0.349861 0.623022 0.199722 0.161669
5 0.351632 0.735241 0.131389 0.095483
5 0.493891 0.738310 0.156533 0.185995
5 0.506629 0.826427 0.144508 0.109103
5 0.610141 0.676762 0.117156 0.094150
5 0.569901 0.594507 0.183552 0.170264
5 0.589347 0.477502 0.159944 0.123753
5 0.440460 0.491205 0.146545 0.176159
5 0.326458 0.451791 0.140416 0.159833
5 0.362895 0.353491 0.144539 0.125731
5 0.470567 0.395662 0.106759 0.097575
5 0.580441 0.354905 0.151508 0.144184
5 0.475386 0.328936 0.091397 0.060997
5 0.833615 0.531917 0.132855 0.116959
5 0.905503 0.590648 0.142256 0.134422
5 0.946323 0.476973 0.083272 0.135197
5 0.825652 0.709594 0.141928 0.128562
5 0.927778 0.776273 0.099306 0.149420