5 0.903353 0.538102 0.081706 0.088705
5 0.958105 0.469857 0.084961 0.086589
5 0.898666 0.462516 0.066081 0.059408
5 0.909538 0.395915 0.094075 0.088705
5 0.885742 0.369678 0.068359 0.058106
5 0.818229 0.367985 0.067708 0.035970
5 0.821940 0.413298 0.081380 0.082845
5 0.766764 0.416618 0.064778 0.076986
5 0.828223 0.492757 0.090820 0.079264
5 0.796842 0.533805 0.068684 0.061361
5 0.831250 0.570638 0.078125 0.078777
5 0.490853 0.408480 0.081706 0.091959
5 0.523242 0.483187 0.083984 0.085123
5 0.573666 0.558984 0.081706 0.074219
5 0.494108 0.565690 0.088216 0.081380
5 0.513412 0.624593 0.076823 0.077311
5 0.432584 0.591325 0.074544 0.070150
5 0.433887 0.516423 0.092773 0.082845
5 0.399252 0.476905 0.064128 0.060059
5 0.251530 0.508545 0.053059 0.079591
5 0.210059 0.617952 0.088867 0.089030
5 0.158627 0.686442 0.079753 0.107259
5 0.253320 0.611149 0.025391 0.053548
5 0.130534 0.604737 0.073567 0.068848
5 0.187435 0.540284 0.090495 0.096192
5 0.197884 0.491358 0.073894 0.048341
5 0.081120 0.623307 0.087239 0.087239
5 0.108529 0.536377 0.082683 0.088380
5 0.118555 0.490544 0.083984 0.046713
5 0.155990 0.485368 0.033855 0.030111