5 0.552388 0.585553 0.123525 0.161731
5 0.389479 0.536453 0.144583 0.141656
5 0.380250 0.398985 0.160500 0.122970
5 0.502060 0.341103 0.150995 0.147831
5 0.452559 0.290793 0.114492 0.131586
5 0.396589 0.285233 0.061928 0.120466
5 0.564569 0.213409 0.122887 0.095567
5 0.575841 0.460888 0.142308 0.140527
5 0.707759 0.527036 0.121767 0.097822
5 0.730613 0.438880 0.164352 0.137134
5 0.653336 0.310947 0.156672 0.146894
5 0.703046 0.361358 0.068592 0.047716
5 0.816158 0.333593 0.141691 0.114061
5 0.832156 0.213370 0.151812 0.120489
5 0.725159 0.186306 0.134694 0.116362