5 0.267643 0.454102 0.132161 0.158203
5 0.301953 0.577441 0.144531 0.129883
5 0.301953 0.577441 0.144531 0.129883
5 0.323959 0.425700 0.088542 0.132650
5 0.517545 0.522477 0.150716 0.151205
5 0.517545 0.522477 0.150716 0.151205
5 0.587826 0.437419 0.141277 0.140462
5 0.587826 0.437419 0.141277 0.140462
5 0.688932 0.332112 0.134114 0.164225
5 0.688932 0.332112 0.134114 0.164225
5 0.547526 0.327327 0.063802 0.104655
5 0.547526 0.327327 0.063802 0.104655
5 0.757617 0.496468 0.177734 0.171061
5 0.758268 0.501188 0.179036 0.180502
5 0.302441 0.668669 0.129883 0.109213
5 0.609896 0.294271 0.119792 0.166667
5 0.755697 0.355159 0.073894 0.113444