3 0.568953 0.360752 0.147281 0.137128
5 0.812580 0.470168 0.187659 0.149711
5 0.831070 0.566684 0.155891 0.105244
5 0.728396 0.687168 0.144292 0.146211
5 0.496329 0.559906 0.111408 0.132312
5 0.381170 0.521962 0.124841 0.122048
5 0.533821 0.509910 0.067642 0.041695
5 0.567980 0.460383 0.120336 0.070766
5 0.345153 0.431904 0.093431 0.091933
5 0.469053 0.312850 0.116231 0.131950
5 0.383311 0.300023 0.110372 0.140670
5 0.275095 0.365371 0.118941 0.105742
5 0.152563 0.363431 0.133252 0.111237
5 0.161380 0.250531 0.116509 0.085437
5 0.272916 0.258576 0.117706 0.104652
5 0.199155 0.217488 0.079559 0.050600
5 0.181134 0.171098 0.099769 0.073447