5 0.722139 0.539843 0.169278 0.160936
5 0.709916 0.412301 0.126083 0.133977
5 0.585256 0.531789 0.164263 0.144828
5 0.462029 0.685152 0.155308 0.157805
5 0.374970 0.528089 0.153064 0.171803
5 0.384945 0.394959 0.126139 0.149294
5 0.268776 0.511284 0.109427 0.116319
5 0.292658 0.614670 0.144691 0.113716
5 0.319076 0.446370 0.044402 0.030241
5 0.219114 0.418365 0.110103 0.139855
5 0.153718 0.452273 0.104311 0.163922
5 0.053773 0.539287 0.107547 0.159823
5 0.067378 0.736101 0.134756 0.137827
5 0.215585 0.725095 0.112420 0.156441
5 0.069110 0.496470 0.110095 0.121064
5 0.079247 0.425964 0.055369 0.067553