5 0.296982 0.535861 0.065839 0.093597
5 0.354012 0.544205 0.133025 0.110286
5 0.418616 0.464694 0.130981 0.110638
5 0.354613 0.444722 0.112352 0.095694
5 0.488087 0.368898 0.132423 0.112797
5 0.477384 0.562527 0.120392 0.137555
5 0.431184 0.643834 0.118619 0.125169
5 0.568868 0.448211 0.100236 0.093297
5 0.610750 0.328602 0.124625 0.122828
5 0.494533 0.269093 0.129691 0.119436
5 0.658284 0.520207 0.113444 0.140414
5 0.728405 0.368265 0.131811 0.127155
5 0.770452 0.194000 0.137780 0.134875
5 0.690534 0.116634 0.127942 0.111394
5 0.629923 0.089691 0.137972 0.120006
5 0.766859 0.037373 0.130592 0.074745
5 0.675997 0.023055 0.070744 0.046109
5 0.867188 0.249892 0.112500 0.121659
5 0.750061 0.472635 0.112622 0.092145
5 0.608391 0.554884 0.088658 0.134767
5 0.486162 0.664616 0.109823 0.110483
5 0.578539 0.655234 0.085203 0.085467
5 0.829148 0.517439 0.089547 0.097378
5 0.755146 0.657705 0.091542 0.087284
5 0.543795 0.794302 0.109466 0.091728
5 0.602794 0.885323 0.083712 0.111272
5 0.624690 0.729583 0.071255 0.099791
5 0.742717 0.893218 0.094809 0.089561
5 0.765030 0.582189 0.061311 0.064378
5 0.492399 0.917284 0.084798 0.103317
5 0.584924 0.888868 0.116723 0.115236
5 0.859547 0.399092 0.084719 0.082559
5 0.871298 0.480260 0.080095 0.066770
5 0.498573 0.444451 0.047147 0.038902
5 0.421254 0.375939 0.051883 0.070628
5 0.444109 0.303286 0.025717 0.040947
5 0.652184 0.192203 0.110619 0.071906