5 0.763932 0.208073 0.165364 0.122395
5 0.823861 0.286345 0.153972 0.157064
5 0.928776 0.388167 0.141927 0.154459
5 0.960352 0.305795 0.080078 0.149089
5 0.931934 0.157520 0.135742 0.165039
5 0.605013 0.455517 0.172527 0.201659
5 0.627832 0.649691 0.180664 0.183756
5 0.449056 0.374772 0.163738 0.183919
5 0.401627 0.312028 0.081380 0.089681
5 0.330338 0.444564 0.157552 0.157878
5 0.460059 0.545427 0.182617 0.181478
5 0.637663 0.759261 0.156575 0.115397
5 0.469824 0.707341 0.170898 0.167806
5 0.331152 0.607015 0.174805 0.167155
5 0.043945 0.910987 0.087891 0.178223
5 0.502213 0.771842 0.126302 0.099934
5 0.828809 0.095394 0.120117 0.140788