5 0.108594 0.457243 0.085938 0.108236
5 0.144791 0.561002 0.130208 0.112630
5 0.184863 0.445134 0.125977 0.127767
5 0.271973 0.421923 0.090820 0.115722
5 0.378841 0.537223 0.129558 0.115072
5 0.493685 0.442562 0.106120 0.131998
5 0.367350 0.612712 0.125325 0.084798
5 0.416504 0.490088 0.083008 0.039552
5 0.425619 0.655795 0.101238 0.117839
5 0.042969 0.702311 0.085938 0.107747
5 0.699381 0.449284 0.086262 0.073567
5 0.605241 0.568441 0.113606 0.058756
5 0.884928 0.407080 0.082356 0.107909
5 0.946061 0.377555 0.107747 0.123861
5 0.942318 0.492123 0.115886 0.121745
5 0.939486 0.593702 0.107097 0.103028
5 0.924479 0.733513 0.067708 0.085775
5 0.959277 0.840804 0.081055 0.090983
5 0.894629 0.786116 0.098633 0.090983
5 0.872689 0.866423 0.111003 0.082845
5 0.906283 0.936052 0.087566 0.087728
5 0.976725 0.931690 0.047200 0.104005
5 0.968164 0.972982 0.064453 0.055339
5 0.675846 0.766097 0.073567 0.097819
5 0.606478 0.821891 0.097331 0.090658
5 0.623209 0.909847 0.090169 0.097819
5 0.509213 0.801058 0.077800 0.080241
5 0.430371 0.782145 0.088867 0.079916
5 0.262077 0.798552 0.064778 0.087728
5 0.193002 0.863851 0.095378 0.071452
5 0.978971 0.744027 0.042317 0.088053
5 0.066862 0.894580 0.077473 0.076661
5 0.035482 0.934342 0.070964 0.068684
5 0.069987 0.846094 0.046223 0.039062
5 0.040202 0.974154 0.080403 0.051433
5 0.072623 0.979476 0.076497 0.040202
5 0.108691 0.830420 0.067383 0.079591
5 0.143652 0.852620 0.034180 0.048991