5 0.340784 0.690059 0.119067 0.114492
5 0.286570 0.791748 0.113766 0.114747
5 0.277927 0.687026 0.062105 0.099052
5 0.481630 0.714700 0.107009 0.129400
5 0.545209 0.790002 0.124794 0.095628
5 0.548335 0.884892 0.068545 0.097909
5 0.478410 0.871036 0.119320 0.138947
5 0.418952 0.931370 0.072278 0.053364
5 0.368283 0.876227 0.105316 0.114953
5 0.415155 0.698915 0.033436 0.050955
0 0.391088 0.775003 0.122802 0.125006
5 0.489588 0.487988 0.038552 0.063475
5 0.561475 0.493758 0.119825 0.118766
5 0.658063 0.545653 0.113002 0.088181
5 0.674097 0.478535 0.113819 0.119570
5 0.707699 0.383991 0.124773 0.111733
5 0.591334 0.395631 0.113919 0.106887
5 0.493859 0.407930 0.112717 0.097111
5 0.529108 0.327422 0.095716 0.086094
5 0.625119 0.306163 0.103362 0.121702
5 0.801043 0.158954 0.111461 0.117908
5 0.730928 0.070436 0.099356 0.112747
5 0.830093 0.046471 0.110186 0.092942
5 0.674461 0.132269 0.080172 0.102038