3 0.705199 0.843573 0.079148 0.080897
3 0.311091 0.603280 0.109683 0.106561
3 0.479431 0.524471 0.093238 0.102067
3 0.418080 0.595185 0.108036 0.099745
5 0.812961 0.763751 0.079047 0.083752
5 0.664062 0.540614 0.078125 0.068728
4 0.595034 0.775370 0.080692 0.081991
4 0.327930 0.343798 0.083984 0.078220
4 0.488895 0.140253 0.087166 0.086756
4 0.500163 0.281288 0.100327 0.103202
4 0.403586 0.300497 0.094672 0.091619
4 0.339402 0.431367 0.081928 0.097109
4 0.176888 0.554716 0.075652 0.081308
4 0.169457 0.460702 0.104539 0.071405
4 0.620159 0.444619 0.062192 0.082988
0 0.896443 0.730107 0.096011 0.069589
0 0.792495 0.623242 0.078739 0.068359
0 0.631692 0.709432 0.082134 0.068864
0 0.464174 0.698398 0.068973 0.081170
0 0.294006 0.513446 0.063012 0.073767
2 0.317811 0.252802 0.101247 0.105605
4 0.542690 0.444385 0.088505 0.095020
4 0.649391 0.634013 0.098783 0.093027