5 0.075970 0.162916 0.105064 0.122706
5 0.184781 0.214694 0.119562 0.110638
5 0.126328 0.335077 0.118281 0.113905
5 0.056069 0.277846 0.112138 0.105692
5 0.019834 0.343955 0.039667 0.062911
5 0.099445 0.369802 0.089516 0.086478
5 0.444819 0.547822 0.099013 0.114394
5 0.480655 0.442145 0.092559 0.112416
5 0.549409 0.524884 0.120694 0.106019
5 0.589868 0.445973 0.114111 0.095070
5 0.516272 0.578262 0.079419 0.065898
5 0.800454 0.557093 0.091533 0.086061
5 0.840773 0.586347 0.109670 0.088319
5 0.868793 0.653573 0.068836 0.079020
5 0.804628 0.672348 0.099881 0.113445
5 0.718770 0.679319 0.090666 0.077387
5 0.678893 0.738896 0.110911 0.105917
5 0.784652 0.735917 0.109930 0.062459