5 0.763932 0.246316 0.165364 0.120758
5 0.823861 0.329578 0.153972 0.156031
5 0.928776 0.435830 0.141927 0.156036
5 0.960352 0.355768 0.080078 0.149036
5 0.931934 0.207059 0.135742 0.164117
5 0.605013 0.486523 0.172527 0.201172
5 0.627832 0.683616 0.180664 0.185983
5 0.449056 0.399848 0.163738 0.187195
5 0.401627 0.332585 0.081380 0.087045
5 0.330338 0.462092 0.157552 0.158559
5 0.460059 0.570848 0.182617 0.182322
5 0.637663 0.791341 0.156575 0.120183
5 0.469824 0.732116 0.170898 0.164231
5 0.331152 0.625010 0.174805 0.165645
5 0.043945 0.911063 0.087891 0.178377
5 0.502213 0.799824 0.126302 0.096523
5 0.828809 0.137440 0.120117 0.140505