5 0.082646 0.558358 0.102792 0.094841
5 0.086110 0.461710 0.094095 0.095295
5 0.135971 0.466395 0.031317 0.070291
5 0.416918 0.627192 0.102586 0.110634
5 0.370512 0.562892 0.100400 0.085159
5 0.368436 0.458367 0.074372 0.082359
5 0.410571 0.435673 0.096142 0.090097
5 0.443618 0.394208 0.084111 0.088416
5 0.691246 0.582567 0.110617 0.108884
5 0.807830 0.513130 0.106286 0.091886
5 0.779845 0.423803 0.090941 0.100731
5 0.656022 0.437581 0.102669 0.075162
5 0.690237 0.485412 0.092973 0.089573
0 0.462671 0.540040 0.090967 0.083205