5 0.830798 0.457827 0.130347 0.093780
5 0.803074 0.358270 0.137398 0.129039
5 0.803074 0.358270 0.137398 0.129039
5 0.777284 0.316751 0.117069 0.083502
5 0.777284 0.316751 0.117069 0.083502
5 0.674920 0.285092 0.090466 0.098309
5 0.650671 0.346773 0.126342 0.134170
5 0.650671 0.346773 0.126342 0.134170
5 0.762666 0.537054 0.109706 0.111608
5 0.622031 0.466406 0.150313 0.129688
5 0.590834 0.349911 0.056669 0.102947
5 0.522231 0.378638 0.091338 0.107275
5 0.522231 0.378638 0.091338 0.107275
5 0.441445 0.333162 0.107891 0.135073
5 0.441445 0.333162 0.107891 0.135073
5 0.307719 0.341236 0.115437 0.091847
5 0.307719 0.341236 0.115437 0.091847
5 0.340840 0.386573 0.125430 0.120020
5 0.464467 0.443748 0.119559 0.109372
5 0.464467 0.443748 0.119559 0.109372
5 0.530726 0.524592 0.142702 0.114809
5 0.530726 0.524592 0.142702 0.114809
5 0.510402 0.602650 0.111430 0.105300
5 0.510402 0.602650 0.111430 0.105300
5 0.429951 0.619816 0.116152 0.142756
5 0.429951 0.619816 0.116152 0.142756
5 0.397698 0.521369 0.098520 0.095862
5 0.088203 0.584430 0.095156 0.109484
5 0.059759 0.437292 0.063269 0.133959
5 0.399791 0.307877 0.071458 0.100130