5 0.855111 0.440576 0.122722 0.118652
5 0.861459 0.331722 0.104167 0.113444
5 0.775065 0.335173 0.081380 0.098470
5 0.754720 0.413265 0.118816 0.104655
5 0.725228 0.534880 0.128581 0.060384
5 0.563932 0.365934 0.102864 0.144369
5 0.626855 0.370036 0.038086 0.083822
5 0.482780 0.340251 0.084309 0.102377
5 0.521159 0.451579 0.136067 0.137533
5 0.431543 0.454866 0.084961 0.090983
5 0.493002 0.604118 0.111003 0.123861
5 0.185254 0.453467 0.114258 0.106934
5 0.026530 0.636735 0.053059 0.129720
5 0.067676 0.376448 0.125977 0.146647
5 0.119466 0.337516 0.098308 0.137533
5 0.948893 0.403646 0.100911 0.057292
5 0.979395 0.484424 0.040039 0.100098