5 0.708453 0.848027 0.082531 0.089803
5 0.689155 0.658402 0.087686 0.082430
4 0.748342 0.671078 0.043559 0.076531
4 0.594886 0.782581 0.111647 0.105787
4 0.486017 0.769017 0.109534 0.106784
4 0.525688 0.702878 0.107627 0.112006
4 0.560143 0.553859 0.076536 0.073342
4 0.710099 0.539362 0.085823 0.109973
4 0.762741 0.516155 0.041106 0.035436
4 0.634659 0.403683 0.109944 0.110491
4 0.707524 0.367948 0.090048 0.117147
5 0.549334 0.387070 0.079919 0.074139
5 0.786937 0.124027 0.080123 0.066805
5 0.774001 0.076132 0.107377 0.105389
5 0.778793 0.018835 0.038836 0.037670
5 0.712650 0.037011 0.103425 0.074022
5 0.623002 0.013295 0.080378 0.026589
5 0.528434 0.121484 0.009992 0.042969
5 0.563761 0.105788 0.065022 0.086575
5 0.598274 0.171505 0.059048 0.058634
3 0.762007 0.758362 0.074014 0.097975
3 0.626860 0.868659 0.103720 0.121692
3 0.560524 0.905298 0.058548 0.051220
3 0.523771 0.858626 0.113167 0.136002
3 0.504965 0.658857 0.097430 0.092714
3 0.610179 0.649945 0.117233 0.131139
3 0.551147 0.475948 0.111669 0.114397
3 0.642417 0.521010 0.103584 0.126395
3 0.765577 0.450921 0.115530 0.101842
4 0.750734 0.832242 0.045217 0.058234
3 0.612062 0.060136 0.111623 0.101522
4 0.618357 0.145691 0.064839 0.078883
4 0.689153 0.126347 0.093931 0.099569