5 0.043295 0.518180 0.086589 0.123861
5 0.051595 0.672737 0.103191 0.117350
5 0.188021 0.674235 0.135417 0.098470
5 0.149088 0.708903 0.095052 0.089681
5 0.380795 0.604671 0.102214 0.112467
5 0.472005 0.625537 0.147136 0.132325
5 0.614291 0.606038 0.128581 0.118327
5 0.715104 0.577360 0.161458 0.129720
5 0.642285 0.393864 0.090820 0.134603
5 0.939160 0.356869 0.122070 0.163738
5 0.645670 0.689046 0.119466 0.112467
5 0.877441 0.355388 0.067383 0.132650
5 0.966927 0.450342 0.065105 0.075684
3 0.509245 0.448845 0.149739 0.125814