5 0.222445 0.830188 0.116764 0.091625
5 0.338063 0.844460 0.113627 0.126420
5 0.392130 0.929355 0.115511 0.102461
5 0.452872 0.871975 0.096369 0.112700
5 0.710043 0.413236 0.116961 0.113972
5 0.414252 0.822770 0.047255 0.051791
5 0.642086 0.519588 0.115422 0.132927
5 0.610005 0.426626 0.107511 0.122002
5 0.527223 0.500948 0.123195 0.117520
5 0.458963 0.474627 0.071052 0.089878
5 0.485108 0.406128 0.104591 0.090381
5 0.457849 0.314859 0.121948 0.110969
5 0.427770 0.383035 0.036789 0.053570
5 0.781745 0.293864 0.091614 0.072103
5 0.857016 0.228981 0.107783 0.104838
5 0.754570 0.234540 0.112266 0.112830
5 0.797502 0.126524 0.126253 0.118673
5 0.643691 0.193887 0.112383 0.115900
5 0.607187 0.121562 0.086248 0.090000
5 0.686987 0.101567 0.092723 0.093759