5 0.528737 0.886931 0.079350 0.101988
5 0.422453 0.930243 0.085531 0.101111
5 0.355434 0.899241 0.092117 0.082858
5 0.362278 0.817095 0.096431 0.087314
5 0.443769 0.850509 0.090663 0.088517
5 0.442343 0.760672 0.090936 0.090094
3 0.310001 0.817032 0.073127 0.102814
3 0.372480 0.736869 0.088709 0.101862
3 0.431686 0.717125 0.035247 0.015500
3 0.364290 0.319531 0.125455 0.117188
3 0.400460 0.225641 0.097795 0.098156
3 0.397951 0.402587 0.055277 0.077048
3 0.465058 0.390595 0.123866 0.118689
4 0.475599 0.595602 0.101198 0.113080
4 0.361159 0.527689 0.091069 0.096003
4 0.544601 0.304345 0.101702 0.118064
5 0.567597 0.551149 0.110194 0.092923
5 0.530955 0.467195 0.093161 0.103141
5 0.541615 0.387868 0.042605 0.053861
5 0.600295 0.304227 0.031839 0.080328
2 0.553807 0.618627 0.079489 0.096628
2 0.419473 0.513977 0.107695 0.096705
2 0.411491 0.614898 0.085483 0.107922
2 0.457141 0.271086 0.098656 0.123422
5 0.516256 0.059635 0.091887 0.059895
5 0.390234 0.104502 0.089844 0.096503
4 0.414132 0.065830 0.109514 0.084784
5 0.329056 0.037642 0.079988 0.037784
5 0.492287 0.072423 0.053323 0.060472