0 0.355045 0.577686 0.135091 0.145997
5 0.291651 0.566130 0.086427 0.122884
5 0.367676 0.432634 0.125977 0.143392
5 0.387728 0.311345 0.112956 0.141439
5 0.473666 0.326970 0.128581 0.125814
5 0.502311 0.431038 0.138997 0.118327
5 0.471159 0.545589 0.136067 0.134928
5 0.463509 0.630290 0.105144 0.088705
5 0.406397 0.639730 0.050294 0.045084
5 0.660352 0.545980 0.173828 0.138834
5 0.750488 0.444059 0.141602 0.144369
5 0.582422 0.351253 0.105469 0.136881
5 0.755795 0.642627 0.133464 0.072755
5 0.573666 0.457910 0.050456 0.075195