5 0.947396 0.384033 0.104167 0.096191
5 0.962760 0.440479 0.075520 0.090333
5 0.843945 0.445784 0.103516 0.097819
5 0.892155 0.474105 0.099934 0.091959
5 0.949316 0.547330 0.098633 0.100911
5 0.922330 0.621110 0.116536 0.114095
5 0.827962 0.610042 0.077800 0.091959
5 0.457877 0.654964 0.112630 0.103678
5 0.500684 0.577913 0.120117 0.118327
5 0.523177 0.461800 0.111980 0.117350
5 0.467611 0.374430 0.091472 0.076986
5 0.438737 0.414470 0.108723 0.094564
5 0.357096 0.444857 0.057942 0.070964
5 0.414323 0.492269 0.122395 0.109537
5 0.381576 0.573747 0.125652 0.097494
5 0.055827 0.399886 0.111653 0.115397
5 0.031738 0.495655 0.063477 0.122559