0 0.156055 0.191211 0.083984 0.076172
0 0.265039 0.150781 0.080078 0.085938
0 0.336719 0.126367 0.070312 0.083984
0 0.450195 0.144531 0.087891 0.085938
0 0.518164 0.138672 0.064453 0.074219
0 0.746680 0.112695 0.099609 0.072266
0 0.168945 0.333008 0.087891 0.072266
0 0.292383 0.260352 0.087891 0.080078
0 0.491602 0.239844 0.080078 0.085938
0 0.641016 0.233789 0.082031 0.080078
0 0.720117 0.196094 0.083984 0.085938
0 0.825195 0.220508 0.087891 0.087891
0 0.153125 0.486719 0.078125 0.070312
0 0.230859 0.473047 0.089844 0.074219
0 0.382812 0.388672 0.125000 0.105469
0 0.520312 0.329102 0.078125 0.080078
0 0.606445 0.306445 0.087891 0.072266
0 0.725391 0.305469 0.097656 0.085938
0 0.911523 0.313477 0.091797 0.080078
0 0.818750 0.367578 0.078125 0.082031
0 0.751367 0.398828 0.083984 0.097656
0 0.663867 0.457813 0.083984 0.093750
0 0.610742 0.380664 0.083984 0.080078
0 0.508398 0.406055 0.076172 0.052734
0 0.296875 0.577930 0.093750 0.083984
0 0.489063 0.514258 0.078125 0.087891
0 0.565039 0.569141 0.095703 0.113281
0 0.662695 0.591602 0.087891 0.080078
0 0.775781 0.575586 0.085938 0.091797
0 0.857422 0.538477 0.089844 0.095703
0 0.723047 0.645898 0.089844 0.076172
0 0.740625 0.718164 0.093750 0.080078
0 0.811328 0.824023 0.097656 0.091797
0 0.700781 0.916016 0.085938 0.097656
0 0.618750 0.900977 0.078125 0.095703
0 0.649023 0.676172 0.076172 0.074219
0 0.570898 0.772266 0.076172 0.066406
0 0.535547 0.681445 0.074219 0.087891
0 0.441211 0.657227 0.091797 0.080078
0 0.356836 0.633203 0.091797 0.082031
0 0.420898 0.759375 0.076172 0.078125
0 0.466211 0.897266 0.076172 0.097656
0 0.369531 0.861719 0.085938 0.101562
0 0.260547 0.851367 0.089844 0.083984
0 0.258594 0.758789 0.085938 0.095703
0 0.178711 0.713477 0.076172 0.064453
0 0.250000 0.658203 0.093750 0.097656
0 0.147461 0.841797 0.091797 0.089844