3 0.029530 0.519822 0.059061 0.095894
5 0.111480 0.612155 0.116711 0.089934
5 0.135712 0.512465 0.115173 0.090555
5 0.170423 0.573821 0.109595 0.097642
5 0.289083 0.436351 0.096916 0.103952
5 0.244345 0.407913 0.076189 0.103325
5 0.279265 0.580964 0.111655 0.093178
5 0.235852 0.647974 0.096703 0.102198
5 0.422120 0.622284 0.116114 0.110194
5 0.244955 0.689763 0.083661 0.060777
5 0.406588 0.473935 0.116302 0.088495
5 0.543055 0.459320 0.120484 0.134264
5 0.505193 0.426241 0.094761 0.130606
5 0.359033 0.491416 0.089941 0.076583
5 0.339680 0.618523 0.076236 0.080795
5 0.137764 0.446980 0.072403 0.065836
5 0.539023 0.669538 0.134297 0.117200
5 0.592766 0.552352 0.135531 0.101580
5 0.637272 0.824837 0.133919 0.146550
5 0.871934 0.758902 0.100119 0.139680
5 0.024140 0.400877 0.048280 0.089255