5 0.203435 0.672217 0.138120 0.091309
5 0.195119 0.588948 0.133987 0.084147
5 0.284184 0.730257 0.137117 0.126139
5 0.337948 0.815479 0.104020 0.152833
5 0.368503 0.735530 0.033881 0.061686
5 0.422073 0.527246 0.119147 0.104492
5 0.418855 0.408154 0.118961 0.122558
5 0.480644 0.366585 0.105038 0.145670
5 0.482460 0.478255 0.108670 0.084636
5 0.513155 0.570948 0.116934 0.113770
5 0.500442 0.649838 0.100884 0.093425
5 0.598141 0.641911 0.096281 0.146322
5 0.650806 0.483968 0.135987 0.108561
5 0.593238 0.401334 0.102100 0.121419
5 0.817570 0.420362 0.100766 0.115723
5 0.741724 0.281966 0.111573 0.098308
5 0.822879 0.327555 0.086383 0.076986
5 0.890251 0.380290 0.089877 0.073080
5 0.869398 0.228971 0.101297 0.136067
5 0.121605 0.888655 0.102586 0.124186
5 0.256503 0.562159 0.100506 0.111817