5 0.963509 0.348161 0.073894 0.115072
5 0.880795 0.298861 0.102214 0.107097
5 0.887012 0.403792 0.108398 0.107584
5 0.898275 0.508984 0.109050 0.105469
5 0.842057 0.572868 0.118489 0.108236
5 0.782162 0.433936 0.092448 0.036622
5 0.654980 0.458480 0.084961 0.091959
5 0.604557 0.533382 0.134114 0.126139
5 0.567155 0.417757 0.146809 0.126139
5 0.500814 0.350081 0.111003 0.125163
5 0.410709 0.404151 0.121419 0.133302
5 0.481836 0.510694 0.123047 0.124512
5 0.384147 0.516032 0.090169 0.094564
5 0.401725 0.613884 0.125325 0.112142
5 0.526432 0.624040 0.118489 0.135580
5 0.323666 0.513281 0.034831 0.023438
5 0.310026 0.498666 0.048177 0.034831
5 0.329037 0.465934 0.076823 0.034994
5 0.350130 0.418245 0.037761 0.064616
5 0.036459 0.489470 0.072917 0.063314
5 0.038737 0.548259 0.077473 0.096517
5 0.069336 0.664177 0.138672 0.134603
5 0.963688 0.290967 0.071127 0.060059