5 0.179487 0.385234 0.124598 0.129844
5 0.156785 0.451253 0.054195 0.046256
5 0.164873 0.555046 0.123495 0.113217
5 0.217674 0.508040 0.147848 0.147330
5 0.249100 0.589315 0.051325 0.066130
5 0.343737 0.596928 0.146850 0.156356
5 0.431296 0.607062 0.078217 0.104748
5 0.477613 0.497914 0.161477 0.130203
5 0.343920 0.452445 0.156589 0.139264
5 0.267673 0.379508 0.122847 0.121516
5 0.321005 0.266685 0.138886 0.145870
5 0.394265 0.318993 0.144780 0.147361
5 0.473784 0.377594 0.135067 0.117687
5 0.937160 0.744467 0.124320 0.185809
5 0.947656 0.551801 0.104688 0.128602
5 0.930842 0.452412 0.127309 0.148573
5 0.821606 0.520546 0.124463 0.097342
5 0.828821 0.649380 0.120142 0.111259
5 0.519913 0.438125 0.039827 0.035625