5 0.047203 0.497356 0.072531 0.100962
5 0.089431 0.520361 0.069488 0.071972
5 0.443798 0.605352 0.118845 0.101330
5 0.511431 0.547973 0.100988 0.117822
5 0.555911 0.473019 0.099322 0.096037
5 0.465866 0.453530 0.091108 0.107061
5 0.437651 0.526671 0.062802 0.056467
5 0.940307 0.497619 0.074364 0.098362
5 0.976466 0.494987 0.046681 0.089973
5 0.537255 0.670122 0.096384 0.105869
5 0.460149 0.682862 0.089048 0.071975
0 0.129660 0.447911 0.106195 0.111447
0 0.121834 0.682980 0.096794 0.109709
0 0.060173 0.603791 0.092222 0.073208