3 0.377734 0.631836 0.136719 0.154297
3 0.322070 0.760742 0.166016 0.146484
3 0.316406 0.653320 0.054688 0.072266
3 0.355469 0.836523 0.070312 0.076172
3 0.459766 0.836523 0.144531 0.169922
4 0.547852 0.797266 0.064453 0.082031
4 0.592187 0.647070 0.093750 0.072266
2 0.652734 0.699805 0.136719 0.115234
2 0.516602 0.708398 0.158203 0.138672
3 0.415625 0.388086 0.156250 0.169922
2 0.630273 0.237695 0.169922 0.150391
2 0.579102 0.367773 0.142578 0.123047
3 0.534180 0.416992 0.068359 0.068359
2 0.512109 0.312891 0.121094 0.128906
2 0.354492 0.289453 0.115234 0.097656
3 0.340234 0.157812 0.152344 0.156250
4 0.313477 0.265430 0.064453 0.083984
2 0.652148 0.306055 0.060547 0.037109