5 0.669141 0.189860 0.082031 0.067220
5 0.560123 0.644092 0.123372 0.138184
5 0.513672 0.464470 0.121094 0.125814
5 0.513672 0.464470 0.121094 0.125814
5 0.513672 0.464470 0.121094 0.125814
5 0.217416 0.314567 0.144206 0.154134
5 0.107975 0.313233 0.125325 0.142091
5 0.107975 0.313233 0.125325 0.142091
5 0.083594 0.492985 0.148438 0.114095
5 0.083594 0.492985 0.148438 0.114095
5 0.168295 0.644873 0.086589 0.099122
5 0.416113 0.755517 0.094727 0.092284
5 0.351172 0.861377 0.105469 0.088380
5 0.351172 0.861377 0.105469 0.088380