5 0.375195 0.533268 0.166016 0.163411
5 0.352572 0.442806 0.152019 0.101238
5 0.449154 0.394515 0.082683 0.120280
5 0.541797 0.381559 0.136719 0.128744
5 0.508366 0.461898 0.129231 0.161295
5 0.374967 0.655909 0.162434 0.127442
5 0.501041 0.627865 0.067708 0.080730
5 0.685254 0.512288 0.098633 0.055827
5 0.670231 0.643702 0.062338 0.087403
5 0.724512 0.657927 0.124023 0.118978
5 0.789193 0.539502 0.147136 0.104005
5 0.861198 0.468376 0.138020 0.133627
5 0.860123 0.649137 0.154622 0.132650
5 0.823795 0.740560 0.119466 0.106120