5 0.353752 0.479190 0.129378 0.133380
5 0.301948 0.608763 0.144520 0.120652
5 0.400639 0.671310 0.129403 0.120745
5 0.431100 0.576514 0.112200 0.096778
5 0.541266 0.602787 0.135658 0.111823
5 0.616889 0.570245 0.121278 0.121741
5 0.577054 0.463795 0.094733 0.055714
5 0.508406 0.412880 0.101188 0.113261
5 0.436161 0.368966 0.100447 0.122306
5 0.460687 0.326409 0.096375 0.077817
5 0.353837 0.347183 0.088923 0.063116
5 0.337555 0.412940 0.112609 0.097755
5 0.296609 0.518252 0.080717 0.083380
5 0.781512 0.404380 0.128648 0.111886
5 0.764888 0.578397 0.101652 0.113044
5 0.902838 0.331299 0.127552 0.103223
5 0.885923 0.426268 0.140597 0.124411
5 0.867950 0.554932 0.120275 0.134864
5 0.808320 0.677230 0.122889 0.135711
5 0.917078 0.640571 0.074781 0.121767
5 0.933923 0.517123 0.058470 0.121745
5 0.466077 0.708983 0.104028 0.124216