2 0.684570 0.873172 0.087891 0.121344
0 0.659784 0.718026 0.078942 0.117302
2 0.530586 0.811844 0.123672 0.101813
5 0.453185 0.552268 0.100120 0.092036
4 0.516442 0.919260 0.129759 0.129145
4 0.714208 0.778493 0.084666 0.097611
4 0.588420 0.864459 0.033089 0.050792
3 0.478970 0.783979 0.098566 0.105458
3 0.563871 0.557685 0.105867 0.130995
3 0.485074 0.470230 0.138898 0.131086
3 0.505441 0.343668 0.117131 0.146711
0 0.704202 0.361684 0.120903 0.132744
5 0.419372 0.419894 0.088744 0.105412
0 0.482323 0.140166 0.083395 0.120958
0 0.431449 0.139734 0.047273 0.045092
0 0.462713 0.064161 0.150427 0.118947
0 0.579961 0.138884 0.013047 0.068394
0 0.511889 0.170520 0.055028 0.119164
0 0.598637 0.457377 0.094148 0.074128