5 0.209518 0.436784 0.128411 0.120442
5 0.229748 0.294720 0.103247 0.123814
5 0.325228 0.317784 0.119206 0.119942
5 0.316689 0.471820 0.095878 0.112391
5 0.227090 0.535106 0.119805 0.120213
5 0.413387 0.422105 0.139273 0.125459
5 0.518953 0.370678 0.109781 0.128856
5 0.460969 0.560213 0.109438 0.129802
5 0.619791 0.399722 0.136458 0.111944
5 0.888728 0.450717 0.161831 0.160809
5 0.873141 0.640293 0.155656 0.177461
5 0.609428 0.534989 0.121981 0.098103
5 0.520535 0.594907 0.097320 0.124189
5 0.976730 0.415344 0.047209 0.121313