5 0.915267 0.642920 0.130534 0.126466
5 0.915267 0.642920 0.130534 0.126466
5 0.970834 0.611116 0.057292 0.090983
5 0.618620 0.539877 0.102864 0.095378
5 0.618620 0.539877 0.102864 0.095378
5 0.506283 0.648975 0.103191 0.101075
5 0.506283 0.648975 0.103191 0.101075
5 0.478158 0.525912 0.118816 0.123698
5 0.478158 0.525912 0.118816 0.123698
5 0.552702 0.502425 0.080403 0.101725
5 0.090820 0.622070 0.119141 0.134766
5 0.090820 0.622070 0.119141 0.134766
5 0.257064 0.429183 0.126628 0.111491
5 0.257064 0.429183 0.126628 0.111491
5 0.135482 0.375391 0.102214 0.128906
5 0.135482 0.375391 0.102214 0.128906
5 0.058105 0.460433 0.116211 0.111491
5 0.058105 0.460433 0.116211 0.111491
5 0.026367 0.552555 0.052734 0.108236
5 0.026367 0.552555 0.052734 0.108236
5 0.835840 0.655290 0.049805 0.026205
5 0.852051 0.724300 0.110352 0.039225