5 0.493193 0.091930 0.123886 0.143234
5 0.641715 0.088583 0.105305 0.105291
5 0.437616 0.183798 0.115858 0.086347
5 0.480470 0.285191 0.104691 0.123506
5 0.546419 0.225780 0.127213 0.132809
5 0.665177 0.235698 0.124103 0.118272
5 0.697249 0.361492 0.153873 0.094859
5 0.653838 0.451279 0.123302 0.102558
5 0.529815 0.468974 0.056505 0.116073
5 0.453152 0.483411 0.131303 0.123072
5 0.432294 0.600988 0.123963 0.111352
5 0.484688 0.623970 0.125627 0.132316
5 0.591751 0.552627 0.108502 0.108380
5 0.704654 0.609648 0.146808 0.141172
5 0.600280 0.660213 0.097436 0.129802
5 0.518820 0.687149 0.093889 0.105548
5 0.653270 0.143062 0.094039 0.057998
5 0.698949 0.428310 0.041648 0.037870