5 0.625228 0.383122 0.144206 0.159994
5 0.508952 0.323063 0.127278 0.133627
5 0.413867 0.387712 0.162109 0.178548
5 0.347949 0.476612 0.155273 0.115723
5 0.416830 0.564502 0.161784 0.150880
5 0.382357 0.662614 0.102214 0.103353
5 0.485742 0.712419 0.162109 0.187337
5 0.539486 0.456136 0.153972 0.162272
5 0.555078 0.596338 0.113281 0.117677
5 0.642545 0.687712 0.166341 0.162923
5 0.847689 0.402865 0.142253 0.111980
5 0.937272 0.452784 0.105794 0.096192
5 0.622005 0.972233 0.131511 0.056966
5 0.960189 0.560645 0.079753 0.133789