5 0.302286 0.548455 0.142072 0.146911
5 0.398519 0.452711 0.106412 0.105422
5 0.441317 0.320097 0.120134 0.140194
5 0.299036 0.482107 0.079322 0.039214
5 0.338599 0.448152 0.030323 0.040053
5 0.504530 0.408984 0.121561 0.124219
5 0.576722 0.422823 0.084694 0.108147
5 0.512835 0.508400 0.119420 0.098050
5 0.457355 0.527970 0.055336 0.109064
5 0.520299 0.320356 0.056223 0.065712
5 0.431266 0.145948 0.100031 0.113770
5 0.320922 0.106704 0.129344 0.135283
5 0.466220 0.068729 0.123064 0.103083
5 0.411163 0.024491 0.075452 0.048983
5 0.596595 0.907541 0.102564 0.077583