5 0.900070 0.589059 0.109516 0.134369
5 0.847612 0.384150 0.148350 0.115175
5 0.786893 0.369464 0.086286 0.098303
5 0.652263 0.541969 0.104527 0.108937
5 0.688172 0.432274 0.123219 0.117673
5 0.548056 0.514133 0.130488 0.118891
5 0.438109 0.628037 0.113717 0.124823
5 0.260258 0.603547 0.126766 0.113344
5 0.348605 0.554859 0.115959 0.125344
5 0.277137 0.485955 0.135523 0.115661
5 0.415060 0.444897 0.123870 0.117919
5 0.284736 0.378854 0.116347 0.113958
5 0.378929 0.346097 0.101608 0.142194
5 0.503145 0.364681 0.081289 0.107487
5 0.213198 0.394417 0.067022 0.079459
5 0.525788 0.436555 0.101575 0.044986
3 0.596779 0.357598 0.162308 0.143322