5 0.682462 0.325326 0.164923 0.156902
5 0.540334 0.299500 0.124417 0.155250
5 0.430394 0.370460 0.160787 0.156545
5 0.350484 0.375530 0.094717 0.129186
5 0.406847 0.513455 0.151194 0.145659
5 0.406948 0.616628 0.154522 0.123881
5 0.515753 0.663184 0.122131 0.135742
5 0.568970 0.595016 0.141064 0.133781
5 0.582743 0.482247 0.165486 0.148869
5 0.064666 0.639923 0.076206 0.145470
5 0.041602 0.404380 0.051955 0.136886
5 0.957951 0.332096 0.084652 0.120442
5 0.978618 0.490041 0.041611 0.108208
5 0.920588 0.496392 0.097427 0.099034
5 0.905930 0.358087 0.096236 0.084923
5 0.994138 0.358602 0.013277 0.064080
5 0.964470 0.261063 0.069566 0.047125