5 0.064215 0.570026 0.128430 0.111927
5 0.138599 0.459559 0.127198 0.125367
5 0.248802 0.412456 0.106980 0.134288
5 0.108283 0.652143 0.125941 0.110536
5 0.505488 0.650488 0.139102 0.179102
5 0.400025 0.600122 0.162550 0.090869
5 0.418483 0.521745 0.161966 0.130991
5 0.528582 0.439173 0.138414 0.137720
5 0.440980 0.384970 0.103834 0.085566
5 0.438052 0.421746 0.072978 0.077867
5 0.558850 0.322212 0.127075 0.135048
5 0.807772 0.367429 0.171794 0.137983
5 0.912905 0.259740 0.138309 0.191355
5 0.015055 0.498404 0.030109 0.106183
5 0.066705 0.423547 0.105284 0.118969