5 0.441146 0.725537 0.166667 0.179200
5 0.600586 0.710889 0.154297 0.165528
5 0.631120 0.597933 0.196614 0.189616
5 0.439877 0.562142 0.189128 0.177409
5 0.330013 0.587028 0.125652 0.152181
5 0.552702 0.428662 0.174153 0.179198
5 0.414713 0.427572 0.126302 0.120769
5 0.321420 0.374545 0.102214 0.117839
5 0.368457 0.300521 0.180664 0.182292
5 0.488053 0.261345 0.082356 0.188314
5 0.570605 0.250260 0.163086 0.200520
5 0.337891 0.472396 0.066406 0.041667
5 0.974479 0.544157 0.052083 0.141439
5 0.975065 0.282178 0.050130 0.120606