5 0.578536 0.420499 0.072697 0.059748
5 0.569009 0.459002 0.078644 0.080503
5 0.660730 0.514660 0.040211 0.041820
5 0.578677 0.536170 0.116730 0.106714
5 0.489325 0.603742 0.094275 0.101234
5 0.446044 0.666742 0.101463 0.095984
5 0.457884 0.464831 0.106392 0.089038
5 0.239369 0.532415 0.100612 0.096080
5 0.210141 0.629169 0.104658 0.086462
5 0.182191 0.716688 0.092508 0.102125
5 0.119595 0.685124 0.098566 0.113998
5 0.054463 0.657468 0.108925 0.093061
5 0.061106 0.565374 0.103462 0.096373
5 0.152920 0.568120 0.099589 0.111239
5 0.097836 0.486198 0.108172 0.097395
5 0.185337 0.468825 0.083173 0.100150