5 0.296029 0.916648 0.113933 0.136420
5 0.168588 0.821509 0.109050 0.127394
5 0.185905 0.716994 0.115559 0.096488
5 0.281803 0.795091 0.144856 0.121431
5 0.438737 0.862929 0.139973 0.128983
5 0.439974 0.350044 0.108073 0.103212
5 0.384505 0.376762 0.053386 0.081648
5 0.395410 0.470108 0.106445 0.105841
5 0.458041 0.445406 0.112956 0.112688
5 0.463379 0.572309 0.036133 0.050867
5 0.405273 0.552320 0.076172 0.079641
5 0.526074 0.609424 0.092773 0.103223
5 0.542578 0.536463 0.097656 0.107302
5 0.576627 0.433090 0.128255 0.109930
5 0.632650 0.535091 0.109050 0.101433
5 0.602441 0.590445 0.067383 0.043389
5 0.719205 0.371600 0.100911 0.108825
5 0.580306 0.314392 0.085613 0.066284
5 0.581901 0.250573 0.095052 0.085520
5 0.673893 0.183380 0.100911 0.110511
5 0.574707 0.191224 0.086914 0.060573