5 0.170504 0.665669 0.137883 0.112587
5 0.232595 0.763546 0.118314 0.105217
5 0.275357 0.696181 0.110089 0.120487
5 0.200717 0.548374 0.123309 0.131123
5 0.271097 0.554006 0.048444 0.089262
5 0.531063 0.556302 0.115252 0.128228
5 0.517658 0.434465 0.119691 0.118930
5 0.460493 0.440641 0.099111 0.106283
5 0.535836 0.387171 0.056047 0.039967
5 0.911606 0.136605 0.098213 0.107586
5 0.961151 0.145836 0.078552 0.116672
5 0.967680 0.286085 0.063484 0.137795
5 0.916170 0.218562 0.066716 0.049623
5 0.925847 0.272312 0.076694 0.072748
5 0.062981 0.737030 0.038462 0.120934