5 0.924006 0.322045 0.123012 0.140966
5 0.907858 0.493695 0.143841 0.143639
5 0.959629 0.240588 0.066133 0.109300
5 0.885350 0.274500 0.095700 0.102125
5 0.547355 0.367737 0.088461 0.107350
5 0.389530 0.338972 0.104059 0.071694
5 0.389530 0.338972 0.104059 0.071694
5 0.337816 0.416913 0.063133 0.090077
5 0.337816 0.416913 0.063133 0.090077
5 0.418504 0.416391 0.124508 0.139033
5 0.512542 0.347998 0.093834 0.117870
5 0.519757 0.597121 0.114514 0.159867
5 0.433331 0.558314 0.135412 0.147878
5 0.379814 0.532390 0.090878 0.099155