3 0.861914 0.734375 0.173828 0.140625
3 0.789062 0.607227 0.140625 0.158203
3 0.247461 0.329102 0.138672 0.111328
4 0.471680 0.326758 0.115234 0.103516
4 0.108789 0.072266 0.111328 0.097656
4 0.412109 0.228125 0.121094 0.125000
4 0.579688 0.478320 0.125000 0.150391
4 0.644336 0.834570 0.123047 0.150391
4 0.649219 0.604883 0.148438 0.150391
5 0.409766 0.336914 0.097656 0.080078
5 0.234766 0.402930 0.113281 0.068359
5 0.031250 0.036133 0.062500 0.072266
5 0.095703 0.207813 0.113281 0.093750
5 0.182422 0.256641 0.105469 0.113281
5 0.146484 0.298828 0.058594 0.082031
5 0.339258 0.171484 0.103516 0.121094
5 0.263477 0.102148 0.080078 0.091797
5 0.201758 0.144336 0.087891 0.091797
5 0.714844 0.501953 0.132812 0.113281
5 0.692773 0.452930 0.107422 0.099609
5 0.494531 0.529687 0.101562 0.109375
5 0.518555 0.628711 0.115234 0.091797
5 0.445312 0.640039 0.093750 0.111328
5 0.511328 0.696680 0.066406 0.052734
5 0.583008 0.718164 0.087891 0.111328
5 0.570117 0.763281 0.068359 0.070312
2 0.729102 0.787500 0.142578 0.171875
2 0.333008 0.432227 0.103516 0.142578
2 0.348438 0.289844 0.109375 0.117188
2 0.442188 0.390039 0.031250 0.033203
2 0.396094 0.413086 0.070312 0.076172
4 0.860156 0.647266 0.070312 0.050781
2 0.261523 0.223438 0.123047 0.109375
4 0.470508 0.224219 0.041016 0.101562