5 0.602084 0.424284 0.104167 0.120442
5 0.500391 0.453109 0.128906 0.112467
5 0.413639 0.499040 0.111653 0.119955
5 0.276172 0.317741 0.089844 0.097981
5 0.412760 0.657569 0.122395 0.124512
5 0.509863 0.558415 0.125977 0.119955
5 0.521842 0.652002 0.099934 0.088380
5 0.595443 0.522640 0.084636 0.089030
5 0.667871 0.515804 0.104492 0.106608
5 0.614388 0.677002 0.047527 0.041505
5 0.646810 0.633610 0.121745 0.114095
5 0.877832 0.707601 0.180664 0.196452
5 0.718620 0.778499 0.196614 0.178873
5 0.747233 0.937826 0.197591 0.125652
0 0.874805 0.870182 0.162109 0.134114