0 0.381859 0.585459 0.135592 0.145917
5 0.316883 0.573728 0.083766 0.122456
5 0.386759 0.440717 0.126644 0.143934
5 0.400790 0.320903 0.110955 0.141806
5 0.488039 0.337580 0.129203 0.125159
5 0.521599 0.442304 0.140073 0.118983
5 0.495385 0.556832 0.137645 0.135539
5 0.491702 0.641752 0.105280 0.089753
5 0.436452 0.649247 0.051028 0.045369
5 0.685784 0.560344 0.174692 0.139437
5 0.771567 0.460941 0.140009 0.143758
5 0.596834 0.365329 0.106167 0.136908
5 0.784761 0.660456 0.135147 0.074038
5 0.595351 0.470459 0.050077 0.075294