5 0.495211 0.618503 0.131047 0.121381
5 0.509317 0.524083 0.153009 0.138791
5 0.540273 0.364360 0.083672 0.134970
5 0.480967 0.388873 0.140059 0.158997
5 0.749964 0.464498 0.171803 0.169620
5 0.846483 0.372055 0.161716 0.156609
5 0.789857 0.259065 0.073464 0.124380
5 0.877673 0.212227 0.142845 0.177578
5 0.940839 0.253698 0.103553 0.185520
5 0.953417 0.435640 0.063084 0.177530
5 0.349927 0.042584 0.093603 0.085167
5 0.370344 0.119235 0.090688 0.091595
5 0.288624 0.139331 0.064748 0.091163
5 0.153545 0.026758 0.100839 0.053516
5 0.174838 0.970956 0.093425 0.041913