5 0.082420 0.386957 0.142964 0.108289
5 0.105921 0.484323 0.143092 0.106147
5 0.187775 0.329100 0.134925 0.130075
5 0.202709 0.263542 0.105417 0.102084
5 0.313351 0.369145 0.123577 0.072664
5 0.208731 0.429693 0.092463 0.084386
5 0.202149 0.538169 0.110548 0.123212
5 0.276669 0.464081 0.093963 0.081287
5 0.360611 0.553084 0.121222 0.109292
5 0.367916 0.452716 0.098331 0.092933
5 0.429241 0.553450 0.077231 0.103775
5 0.507501 0.544372 0.102502 0.116869
5 0.590270 0.485212 0.099291 0.089173
5 0.535490 0.454329 0.117855 0.108658
5 0.501966 0.375732 0.119556 0.107714
5 0.576353 0.345753 0.087081 0.085256
5 0.530312 0.308817 0.079373 0.033259
5 0.436392 0.304867 0.110284 0.128484