5 0.252757 0.436920 0.133639 0.161341
5 0.281449 0.557191 0.144148 0.130008
5 0.281449 0.557191 0.144148 0.130008
5 0.310810 0.405528 0.087245 0.132931
5 0.498932 0.488514 0.150989 0.152028
5 0.498932 0.488514 0.150989 0.152028
5 0.572076 0.399611 0.141027 0.139847
5 0.572076 0.399611 0.141027 0.139847
5 0.677016 0.288213 0.135283 0.167052
5 0.677016 0.288213 0.135283 0.167052
5 0.535816 0.291635 0.062256 0.105145
5 0.535816 0.291635 0.062256 0.105145
5 0.740390 0.448088 0.177655 0.171177
5 0.740748 0.452287 0.178370 0.179573
5 0.280015 0.650776 0.128780 0.104677
5 0.601101 0.255104 0.120952 0.166458
5 0.742532 0.306136 0.075689 0.115397