5 0.877181 0.563444 0.116863 0.101887
5 0.786459 0.550895 0.119792 0.095541
5 0.779752 0.460205 0.097005 0.092286
5 0.709603 0.445817 0.081706 0.060384
5 0.700814 0.511442 0.079753 0.091634
5 0.811279 0.622249 0.075683 0.053873
5 0.725977 0.639112 0.111328 0.115723
5 0.615820 0.496761 0.103516 0.084147
5 0.512988 0.688916 0.094727 0.105958
5 0.440104 0.641911 0.114583 0.115072
5 0.470117 0.515202 0.115234 0.111653
5 0.508627 0.424854 0.095378 0.121583
5 0.410709 0.479997 0.105794 0.113119
5 0.219336 0.484131 0.107422 0.124512
5 0.101465 0.521045 0.143555 0.126466
5 0.200846 0.647933 0.120442 0.127116
5 0.085416 0.646208 0.130208 0.126791
5 0.458627 0.169841 0.189128 0.167806
5 0.608529 0.257048 0.192058 0.207845
5 0.779492 0.366309 0.068359 0.073242
5 0.752897 0.290870 0.074544 0.078614
5 0.714909 0.333415 0.073567 0.057455