5 0.630469 0.547737 0.117188 0.086100
5 0.528158 0.632569 0.103191 0.108887
5 0.528158 0.632569 0.103191 0.108887
5 0.520052 0.442090 0.096355 0.096680
5 0.520052 0.442090 0.096355 0.096680
5 0.599252 0.437305 0.079753 0.083984
5 0.551530 0.368669 0.099934 0.109213
5 0.551530 0.368669 0.099934 0.109213
5 0.430697 0.412484 0.105144 0.096842
5 0.324805 0.471842 0.099609 0.099934
5 0.333138 0.601091 0.110027 0.089681
5 0.245638 0.444190 0.078777 0.088380
5 0.196029 0.467285 0.098308 0.090820
5 0.196029 0.467285 0.098308 0.090820
5 0.028158 0.537223 0.056316 0.083822
5 0.030436 0.658903 0.060872 0.089681