0 0.549786 0.672382 0.090197 0.110389
0 0.472737 0.591389 0.104848 0.073403
5 0.079709 0.552095 0.121919 0.101064
5 0.119082 0.486609 0.078789 0.073217
5 0.186314 0.578172 0.103878 0.112594
5 0.238995 0.483681 0.040489 0.051738
5 0.444851 0.484673 0.114702 0.100595
5 0.882584 0.439412 0.102669 0.110073
5 0.840776 0.512227 0.106552 0.058828
5 0.966605 0.452210 0.067584 0.085670
5 0.953042 0.534859 0.093584 0.119717
5 0.878274 0.593704 0.115923 0.103033
5 0.959187 0.660072 0.080875 0.107644
5 0.873147 0.665002 0.105669 0.080005
0 0.554013 0.435645 0.098652 0.108791
0 0.185506 0.452788 0.102262 0.108702
5 0.504893 0.435819 0.053536 0.090387
5 0.528062 0.509359 0.065498 0.071842