0 0.395030 0.635995 0.146309 0.175116
5 0.021011 0.327995 0.042022 0.124739
5 0.109754 0.343531 0.138258 0.127688
5 0.076027 0.224491 0.139553 0.117733
5 0.190419 0.127690 0.158963 0.139755
5 0.039684 0.102209 0.079369 0.138792
5 0.206598 0.227402 0.125697 0.111055
5 0.308159 0.552723 0.150694 0.167945
5 0.474577 0.513070 0.177280 0.138641
5 0.453868 0.362556 0.145236 0.171988
5 0.559388 0.357535 0.090652 0.121320
5 0.583847 0.471812 0.164569 0.143623
5 0.503000 0.644852 0.112250 0.142828
5 0.903478 0.865614 0.094456 0.143728
5 0.838531 0.963328 0.158312 0.073531