5 0.118530 0.463706 0.087059 0.108662
5 0.156970 0.569609 0.129564 0.111092
5 0.194560 0.455821 0.126620 0.130392
5 0.281499 0.437250 0.091123 0.115125
5 0.391330 0.559349 0.129534 0.115573
5 0.504251 0.470471 0.105377 0.131567
5 0.381072 0.632263 0.124644 0.086400
5 0.427718 0.515970 0.083561 0.041314
5 0.440925 0.680102 0.100600 0.116453
5 0.058643 0.704053 0.086036 0.108106
5 0.710365 0.488807 0.086355 0.071364
5 0.617748 0.604363 0.113622 0.055600
5 0.894735 0.460380 0.083220 0.108261
5 0.951085 0.432100 0.099045 0.123575
5 0.947473 0.547870 0.104320 0.120739
5 0.949933 0.648505 0.099866 0.100136
5 0.941674 0.788773 0.067723 0.086922
5 0.969833 0.896963 0.061541 0.090800
5 0.913459 0.838050 0.098792 0.091725
5 0.891772 0.917721 0.111669 0.082317
5 0.927913 0.973697 0.087077 0.053644
5 0.986395 0.970351 0.025914 0.059452
5 0.693227 0.805468 0.073955 0.098436
5 0.625516 0.856849 0.097906 0.091823
5 0.643355 0.944993 0.089836 0.096236
5 0.527818 0.830541 0.077511 0.079833
5 0.449299 0.807955 0.089223 0.081536
5 0.280899 0.814390 0.064923 0.088155
5 0.213367 0.874981 0.095484 0.071837
5 0.987421 0.802973 0.024842 0.077820
5 0.087299 0.898267 0.077723 0.077784
5 0.056223 0.936198 0.071820 0.069270
5 0.090391 0.849730 0.046406 0.040084
5 0.061955 0.976789 0.080161 0.047328
5 0.096925 0.981652 0.075100 0.035180
5 0.127445 0.835321 0.067391 0.080017
5 0.163609 0.861905 0.033467 0.048811