5 0.037760 0.363526 0.075520 0.102052
5 0.028646 0.278580 0.057292 0.100911
5 0.102865 0.275635 0.111980 0.129395
5 0.124902 0.371387 0.112305 0.124023
5 0.049805 0.506299 0.099609 0.115723
5 0.185319 0.483675 0.117512 0.117350
5 0.097526 0.544288 0.079427 0.069825
5 0.436784 0.536930 0.136067 0.092611
5 0.499284 0.627816 0.104817 0.136881
5 0.566406 0.542139 0.101562 0.087403
5 0.655795 0.521566 0.086589 0.090006
5 0.717123 0.522282 0.090495 0.094564
5 0.532227 0.467073 0.080078 0.084147
5 0.613802 0.394580 0.096355 0.123536
5 0.589193 0.350309 0.084636 0.081869
5 0.521745 0.386474 0.087239 0.085448
5 0.466471 0.358805 0.089192 0.108236
5 0.423145 0.422966 0.118164 0.074056
5 0.516373 0.328532 0.060872 0.047689
5 0.958691 0.673682 0.083008 0.109864
5 0.876074 0.609310 0.108398 0.074870
5 0.947819 0.547120 0.101887 0.078614
5 0.975391 0.435335 0.050781 0.114420
5 0.901953 0.455225 0.097656 0.085450
5 0.897103 0.493343 0.081706 0.061686
5 0.845345 0.564958 0.056316 0.017416
5 0.854102 0.517823 0.095703 0.035645
5 0.167513 0.304378 0.031902 0.074381