5 0.181348 0.609127 0.137695 0.115128
5 0.123926 0.478324 0.125977 0.147273
5 0.226920 0.427134 0.103841 0.119894
5 0.265527 0.496924 0.112305 0.087598
5 0.297949 0.632105 0.108398 0.092334
5 0.504785 0.695982 0.137695 0.191964
5 0.503971 0.527087 0.151692 0.138548
5 0.619466 0.512484 0.145183 0.124969
5 0.927279 0.668191 0.145183 0.170756
5 0.968327 0.407346 0.064778 0.167817
5 0.909635 0.418654 0.059895 0.137308
5 0.817448 0.391398 0.153645 0.176547
5 0.611947 0.428301 0.136394 0.084727
5 0.551367 0.368654 0.115234 0.171683
5 0.459798 0.411151 0.138347 0.166052
5 0.392383 0.420377 0.025391 0.087628