5 0.977971 0.595047 0.043442 0.099469
5 0.948584 0.443391 0.103417 0.114908
5 0.861114 0.411273 0.115978 0.131920
5 0.881181 0.532728 0.115488 0.118581
5 0.761321 0.465917 0.122642 0.106834
5 0.465461 0.431423 0.080922 0.100345
5 0.792863 0.631529 0.095102 0.047433
5 0.791254 0.594448 0.091883 0.079522
5 0.545179 0.445979 0.087233 0.076333
5 0.512493 0.499627 0.118736 0.124255
5 0.570198 0.616339 0.121645 0.120178
5 0.534266 0.683560 0.099783 0.095245
5 0.447692 0.604410 0.126634 0.118195
5 0.223918 0.403975 0.113461 0.123575
5 0.200114 0.455769 0.106478 0.099038
5 0.112881 0.441187 0.088262 0.051123
5 0.102244 0.498505 0.116987 0.100134
5 0.163371 0.573705 0.117367 0.106786
5 0.195800 0.655230 0.119725 0.116709
5 0.131715 0.650995 0.047805 0.083239
5 0.737891 0.564234 0.050781 0.019092
5 0.710491 0.496434 0.042856 0.024117