5 0.949349 0.622282 0.092448 0.094564
5 0.819076 0.613916 0.078777 0.090333
5 0.737858 0.596827 0.088216 0.087403
5 0.785709 0.516065 0.090169 0.088380
5 0.761230 0.475114 0.069336 0.056478
5 0.702637 0.507552 0.077148 0.049480
5 0.487760 0.561507 0.091145 0.094889
5 0.524545 0.475993 0.086589 0.092611
5 0.533236 0.401319 0.091472 0.077637
5 0.484830 0.412321 0.038411 0.065267
5 0.437598 0.416716 0.075195 0.074056
5 0.429069 0.481397 0.101887 0.097169
5 0.414974 0.527555 0.076823 0.061361
5 0.174154 0.497396 0.098308 0.104167
5 0.261686 0.440218 0.107747 0.092936
5 0.117090 0.471436 0.065430 0.067872
5 0.131771 0.396045 0.119792 0.110839
5 0.229199 0.343343 0.108398 0.108561
5 0.288607 0.331885 0.070964 0.098145
5 0.169336 0.314014 0.076172 0.087403
5 0.032552 0.297152 0.065105 0.103678