5 0.185610 0.269013 0.114970 0.109902
5 0.063048 0.227020 0.122972 0.119666
5 0.034127 0.315450 0.068253 0.109025
5 0.073471 0.440018 0.115692 0.139411
5 0.181572 0.410298 0.116269 0.101847
5 0.378983 0.309430 0.142341 0.153236
5 0.517803 0.294305 0.132481 0.132361
5 0.608604 0.332490 0.135958 0.121230
5 0.390250 0.471630 0.136750 0.146386
5 0.530984 0.415279 0.124469 0.121183
5 0.495214 0.525583 0.121678 0.160541
5 0.592679 0.480620 0.113483 0.070616
5 0.828252 0.296929 0.128378 0.159483
5 0.937609 0.284126 0.093967 0.071377
5 0.911379 0.394123 0.138383 0.163245
5 0.770755 0.417422 0.163384 0.153594
5 0.922070 0.557354 0.103516 0.167833
5 0.770258 0.575595 0.165516 0.163691
5 0.865016 0.643847 0.139406 0.190819
5 0.235845 0.301174 0.081064 0.074223