5 0.282715 0.061084 0.127930 0.112794
5 0.343180 0.025472 0.092611 0.050944
5 0.432357 0.043376 0.102214 0.086752
5 0.523600 0.067073 0.125325 0.115397
5 0.446745 0.135140 0.102864 0.104655
5 0.349545 0.123454 0.086589 0.090658
5 0.294857 0.175147 0.117839 0.112794
5 0.355078 0.232145 0.097656 0.126791
5 0.478809 0.202360 0.073242 0.098470
5 0.542643 0.174984 0.069661 0.096842
5 0.563184 0.311507 0.088867 0.063639
5 0.509245 0.379216 0.118489 0.136556
5 0.602799 0.376612 0.093098 0.115723
5 0.672298 0.445850 0.138347 0.101075
5 0.642985 0.536214 0.098470 0.119303
5 0.588346 0.546110 0.104817 0.129720
5 0.484115 0.505876 0.127605 0.118002
5 0.465527 0.605583 0.096680 0.111166