5 0.024870 0.973161 0.049741 0.052572
5 0.065562 0.924328 0.112373 0.108031
5 0.110841 0.884548 0.096681 0.109720
5 0.092930 0.977760 0.092111 0.043020
5 0.607716 0.900711 0.149806 0.142047
5 0.918653 0.715998 0.099806 0.175745
5 0.787050 0.749025 0.095975 0.091800
5 0.682073 0.729403 0.123520 0.130681
5 0.301078 0.678160 0.127156 0.134445
5 0.240689 0.732556 0.097003 0.102612
5 0.194276 0.627047 0.151052 0.119719
5 0.025126 0.498739 0.050252 0.138103
5 0.344357 0.565280 0.126214 0.118061
5 0.267868 0.468667 0.098236 0.096709
5 0.189270 0.471625 0.072291 0.065125
5 0.522914 0.574373 0.077078 0.073745
5 0.613717 0.564102 0.127434 0.121955
5 0.556255 0.470920 0.118759 0.113716
5 0.629960 0.447919 0.081795 0.102087
5 0.487109 0.434927 0.061717 0.076103
5 0.842634 0.164380 0.144642 0.131884
5 0.182055 0.088184 0.160984 0.138867
5 0.260434 0.174727 0.105244 0.096328
5 0.134420 0.293612 0.090716 0.090350
5 0.013916 0.311505 0.027831 0.129261