5 0.304567 0.600927 0.134134 0.108103
5 0.329988 0.507138 0.131852 0.129900
5 0.403273 0.642555 0.103422 0.141361
5 0.497012 0.644205 0.150273 0.166536
5 0.449332 0.513780 0.136164 0.121311
5 0.595419 0.533105 0.153337 0.125586
5 0.436684 0.411855 0.104617 0.101834
5 0.543277 0.426138 0.130303 0.102275
5 0.508434 0.360595 0.051244 0.068066
5 0.463927 0.331705 0.096605 0.091536
5 0.405434 0.343030 0.060867 0.101684
5 0.680543 0.474246 0.111086 0.070367
5 0.894601 0.452388 0.157952 0.151650
5 0.848112 0.599023 0.186848 0.160545
5 0.880777 0.759460 0.142803 0.147045
5 0.822712 0.730502 0.111048 0.126630
5 0.938768 0.664110 0.043161 0.131345