5 0.054688 0.549007 0.109375 0.126139
5 0.060873 0.416211 0.121745 0.138672
5 0.032064 0.300570 0.064128 0.141764
5 0.222298 0.303565 0.138347 0.166505
5 0.294010 0.321891 0.044270 0.121908
5 0.361621 0.375146 0.151367 0.112792
5 0.385059 0.290120 0.120117 0.095866
5 0.353385 0.481348 0.153645 0.122070
5 0.381217 0.594222 0.146809 0.129069
5 0.434017 0.414470 0.099284 0.094564
5 0.511230 0.323291 0.100586 0.121583
5 0.596549 0.359798 0.124348 0.153972
5 0.657845 0.337874 0.071941 0.116373
5 0.697363 0.448714 0.125977 0.103678
5 0.642904 0.480648 0.160808 0.130045
5 0.894498 0.558382 0.170247 0.126139
5 0.567611 0.601253 0.138347 0.136881
5 0.537435 0.697673 0.121745 0.160970
5 0.446745 0.553109 0.071614 0.081217