0 0.062309 0.632280 0.124617 0.114561
0 0.305115 0.593430 0.197730 0.193109
5 0.901960 0.261652 0.175795 0.223305
5 0.870749 0.448248 0.197748 0.205870
0 0.479307 0.293632 0.164864 0.159139
0 0.355153 0.378838 0.141556 0.142050
5 0.050640 0.742391 0.101280 0.122283
5 0.157338 0.779062 0.139677 0.126875
5 0.079893 0.906404 0.137911 0.144058
5 0.021897 0.854635 0.043794 0.118645
0 0.496303 0.425964 0.170731 0.158178
0 0.570302 0.511257 0.156230 0.131889
0 0.489709 0.655780 0.170044 0.189686
5 0.136995 0.623381 0.055241 0.074887