5 0.416699 0.686768 0.077148 0.092286
5 0.332259 0.603402 0.089519 0.072428
5 0.435807 0.604590 0.087239 0.081055
5 0.535547 0.689046 0.089844 0.096842
5 0.599219 0.614746 0.085938 0.073242
5 0.557455 0.575245 0.068034 0.062989
5 0.455273 0.479509 0.091797 0.096517
5 0.523177 0.462745 0.065105 0.094239
5 0.443424 0.395166 0.093098 0.090333
5 0.383431 0.370670 0.069988 0.072591
5 0.546713 0.381038 0.093425 0.087077
5 0.576888 0.346013 0.063152 0.054525
5 0.410873 0.089274 0.090495 0.100423
5 0.518359 0.061605 0.089844 0.091959
5 0.585612 0.047835 0.061848 0.067545
5 0.423438 0.025798 0.078125 0.051595
5 0.358398 0.018636 0.060547 0.037272
5 0.360873 0.065202 0.059245 0.064778