3 0.320801 0.636819 0.135352 0.154888
3 0.254773 0.763867 0.168920 0.146484
3 0.256433 0.656661 0.053491 0.072697
3 0.283569 0.841211 0.073388 0.076172
3 0.385705 0.841381 0.146411 0.170263
4 0.479700 0.803311 0.065650 0.081622
4 0.535937 0.654871 0.093750 0.072242
2 0.591455 0.707845 0.136036 0.115689
2 0.453223 0.714637 0.159570 0.138648
3 0.382105 0.392841 0.157959 0.170058
2 0.608887 0.243877 0.174023 0.150255
2 0.547400 0.375620 0.144800 0.123116
3 0.496680 0.423424 0.068359 0.068723
2 0.485718 0.319277 0.121436 0.129180
2 0.329041 0.292578 0.117456 0.097656
3 0.326428 0.162716 0.152856 0.156681
4 0.291577 0.268520 0.067528 0.083916
2 0.625220 0.313617 0.062939 0.036609