5 0.450033 0.937093 0.118816 0.124186
5 0.396842 0.822705 0.115559 0.139159
5 0.140788 0.595687 0.094075 0.085123
5 0.324577 0.466292 0.142903 0.107584
5 0.385937 0.590674 0.109375 0.131348
5 0.441211 0.532894 0.091797 0.093912
5 0.526725 0.585254 0.109700 0.129883
5 0.593262 0.525277 0.124023 0.088053
5 0.560091 0.463037 0.129558 0.101075
5 0.583431 0.400114 0.116863 0.087728
5 0.557813 0.275765 0.093750 0.089030
5 0.575293 0.220166 0.116211 0.090331
5 0.514713 0.156836 0.110677 0.107422
5 0.401009 0.147608 0.120769 0.110841
5 0.397884 0.239730 0.105144 0.091959
5 0.450944 0.288460 0.023762 0.083170
5 0.502377 0.296175 0.032878 0.101725