5 0.521777 0.047608 0.096680 0.095216
5 0.593848 0.101986 0.090820 0.091472
5 0.675521 0.056266 0.104167 0.090658
5 0.717416 0.099952 0.081706 0.071778
5 0.653385 0.165446 0.075520 0.096517
5 0.626498 0.527360 0.121745 0.082845
5 0.644824 0.455811 0.139648 0.099122
5 0.525748 0.545736 0.107747 0.122722
5 0.545638 0.609424 0.063152 0.053223
5 0.577637 0.381234 0.124023 0.128092
5 0.474870 0.433837 0.118489 0.117675
5 0.410645 0.517220 0.118164 0.118816
5 0.307584 0.460661 0.105794 0.099447
5 0.371647 0.549626 0.074544 0.086752
5 0.362109 0.412093 0.121094 0.108561
5 0.359147 0.336052 0.121419 0.087728
5 0.408756 0.315609 0.086262 0.128092
5 0.460709 0.355713 0.058919 0.055177