3 0.321934 0.617537 0.118867 0.119448
0 0.409257 0.659045 0.090389 0.096216
0 0.444032 0.622057 0.100564 0.097239
0 0.540820 0.746609 0.072266 0.071344
2 0.568887 0.809803 0.094023 0.075856
2 0.359339 0.765746 0.068678 0.090867
2 0.316261 0.746341 0.048147 0.064556
2 0.305237 0.819457 0.097975 0.088914
2 0.472965 0.774948 0.080305 0.093647
2 0.511383 0.496689 0.088391 0.090253
4 0.552362 0.572843 0.098475 0.064436
3 0.408430 0.947485 0.113736 0.094970
2 0.396389 0.863895 0.102153 0.118416
2 0.501862 0.875028 0.113100 0.112556
2 0.487432 0.936059 0.046739 0.028367
3 0.524291 0.333283 0.073583 0.132191
3 0.449042 0.323648 0.119959 0.131670
3 0.579934 0.092578 0.044242 0.066406
5 0.336520 0.234868 0.135539 0.129111
5 0.446630 0.206288 0.127634 0.134450
5 0.583658 0.290374 0.129816 0.115123
5 0.611719 0.228269 0.054688 0.056537
5 0.575381 0.176697 0.122637 0.112769
4 0.496798 0.106669 0.134220 0.163337