5 0.121224 0.608870 0.170573 0.142741
5 0.096420 0.548242 0.149089 0.099609
5 0.185319 0.707601 0.117512 0.118327
5 0.100716 0.717025 0.082683 0.077800
5 0.188119 0.478613 0.116863 0.125977
5 0.453776 0.480680 0.110677 0.123861
5 0.421159 0.577979 0.089192 0.105958
5 0.485742 0.659424 0.099609 0.084473
5 0.518945 0.592269 0.103516 0.125163
5 0.602865 0.585466 0.080730 0.089681
5 0.575586 0.511052 0.107422 0.087728
5 0.370931 0.430876 0.116863 0.118002
5 0.422884 0.340055 0.105144 0.123861
5 0.520345 0.395020 0.118816 0.118164
5 0.484961 0.330013 0.044922 0.047527
5 0.581705 0.396956 0.069661 0.109537
5 0.658691 0.380713 0.098633 0.086427
5 0.676920 0.475147 0.072591 0.034669
5 0.757455 0.485694 0.099284 0.093262
5 0.763639 0.542855 0.096028 0.076334
5 0.868131 0.471956 0.117512 0.093912
5 0.810482 0.397461 0.102214 0.107422
5 0.748373 0.338135 0.106120 0.113770
5 0.677311 0.330518 0.045247 0.045411