3 0.289798 0.591360 0.120220 0.120220
0 0.376002 0.628959 0.089503 0.095419
0 0.413413 0.588420 0.098700 0.095589
0 0.503520 0.703803 0.072664 0.073231
2 0.528352 0.765604 0.094205 0.074958
2 0.320316 0.738729 0.068758 0.089958
2 0.278249 0.719926 0.050248 0.064852
2 0.264368 0.795848 0.097486 0.088572
2 0.434244 0.739205 0.080988 0.094034
2 0.486445 0.456144 0.088516 0.090412
4 0.523430 0.527887 0.096861 0.058898
3 0.360277 0.916779 0.114305 0.092933
2 0.352628 0.832173 0.102131 0.117472
2 0.457209 0.837227 0.114417 0.111953
2 0.440738 0.899581 0.047102 0.027287
3 0.506684 0.293668 0.075867 0.131086
3 0.433320 0.288885 0.119766 0.127770
3 0.577166 0.045731 0.041833 0.066463
5 0.325138 0.206754 0.134652 0.129133
5 0.437141 0.171179 0.127408 0.132983
5 0.570362 0.242578 0.128225 0.113281
5 0.602344 0.178405 0.054688 0.056811
5 0.566921 0.129311 0.124467 0.114872
4 0.493264 0.073737 0.136528 0.147475