5 0.081998 0.585140 0.107747 0.120280
5 0.052409 0.477262 0.104817 0.117025
5 0.155534 0.426107 0.136067 0.133464
5 0.208789 0.545296 0.142578 0.128092
5 0.275488 0.421110 0.125977 0.114095
5 0.164616 0.323747 0.113606 0.113119
5 0.125879 0.311019 0.083008 0.109537
5 0.255436 0.341260 0.076497 0.066895
5 0.442904 0.476579 0.098308 0.106283
5 0.532682 0.470182 0.102864 0.118489
5 0.562858 0.542497 0.103841 0.097494
5 0.519108 0.667318 0.119466 0.115886
5 0.178678 0.628597 0.129231 0.113444
5 0.978809 0.938086 0.041992 0.123047