5 0.608730 0.622606 0.061209 0.060838
5 0.619522 0.692288 0.070294 0.065825
5 0.571547 0.719365 0.058719 0.066855
5 0.519610 0.723001 0.048595 0.067877
5 0.468082 0.693837 0.067414 0.056425
5 0.523689 0.425395 0.063003 0.063291
5 0.544205 0.485141 0.075909 0.054656
5 0.511023 0.529775 0.075170 0.068925
5 0.445327 0.556985 0.059405 0.076470
5 0.401185 0.531840 0.074245 0.066805
5 0.435737 0.480350 0.068350 0.063825
5 0.258078 0.330405 0.069281 0.057686
5 0.296432 0.308064 0.077239 0.066128
5 0.317888 0.371215 0.063902 0.079930
5 0.375704 0.342626 0.067033 0.057127
5 0.351247 0.242190 0.058744 0.071880
5 0.368702 0.287955 0.062405 0.057161
5 0.430745 0.293002 0.067741 0.067255
5 0.416192 0.351166 0.057384 0.071081
5 0.470424 0.292802 0.050223 0.063728
5 0.417926 0.236759 0.073352 0.061019
5 0.306231 0.151452 0.065587 0.074780
5 0.249402 0.172520 0.061303 0.057539
5 0.194844 0.199141 0.061562 0.060783
5 0.195095 0.138680 0.068316 0.071111
5 0.152012 0.100437 0.079023 0.063373
5 0.260695 0.117291 0.052639 0.059581
5 0.277984 0.061623 0.065344 0.076370
5 0.801529 0.091711 0.065558 0.080297
5 0.828615 0.190072 0.066605 0.070769
5 0.778409 0.172317 0.059944 0.066509