5 0.062695 0.230290 0.119141 0.151205
5 0.087305 0.337321 0.130859 0.112142
5 0.140885 0.298975 0.044270 0.069825
5 0.032877 0.563753 0.065755 0.168131
5 0.147428 0.500212 0.097981 0.116048
5 0.385156 0.493473 0.164062 0.130697
5 0.415202 0.378580 0.080403 0.069661
5 0.455924 0.287842 0.124348 0.169434
5 0.569010 0.469776 0.138020 0.133302
5 0.866406 0.615609 0.132812 0.128092
5 0.854232 0.510759 0.117839 0.096517
5 0.831966 0.428304 0.129558 0.090983
5 0.844010 0.375309 0.122395 0.128744
5 0.951400 0.400619 0.093425 0.116863
5 0.975651 0.483741 0.048177 0.120606
5 0.528646 0.386214 0.057292 0.056803