5 0.054037 0.657308 0.108073 0.127116
5 0.144889 0.748959 0.111653 0.088542
5 0.155697 0.674642 0.136394 0.130534
5 0.107520 0.547982 0.133789 0.133464
5 0.171517 0.494743 0.099284 0.092611
5 0.103320 0.453825 0.087891 0.070150
5 0.205729 0.514632 0.052083 0.063639
5 0.408789 0.511409 0.126953 0.113444
5 0.441178 0.648812 0.097981 0.085123
5 0.475391 0.678776 0.097656 0.063802
5 0.514095 0.584945 0.118816 0.126139
5 0.512305 0.454199 0.115234 0.139648
5 0.613737 0.490316 0.124348 0.121256
5 0.683398 0.650733 0.123047 0.110841
5 0.762760 0.553434 0.106770 0.097494
5 0.667709 0.517009 0.072917 0.065267
5 0.836166 0.500212 0.097331 0.084798
5 0.743424 0.460140 0.108723 0.120280
5 0.746940 0.723470 0.112630 0.118816
5 0.685514 0.467334 0.017903 0.050294
5 0.811068 0.648780 0.131511 0.106934
5 0.945638 0.532276 0.110027 0.133302
5 0.856543 0.611995 0.038086 0.033366