5 0.459199 0.508517 0.096523 0.101409
5 0.418866 0.381924 0.072108 0.020098
5 0.402240 0.433820 0.126355 0.077016
5 0.370773 0.369026 0.025920 0.006802
5 0.336305 0.418782 0.038236 0.059439
5 0.412838 0.311216 0.072550 0.128683
5 0.498168 0.331529 0.124461 0.159933
5 0.564466 0.510838 0.125806 0.115427
5 0.558215 0.612009 0.113305 0.130269
5 0.781522 0.474415 0.119294 0.148830
5 0.712552 0.450156 0.062605 0.128438
5 0.765554 0.341727 0.137358 0.127203
5 0.654292 0.289377 0.139834 0.097503
5 0.616134 0.225660 0.122892 0.091945
5 0.714587 0.180040 0.101048 0.150705
5 0.856141 0.187320 0.143531 0.112141
5 0.804039 0.233875 0.067453 0.064625
5 0.946339 0.299694 0.108303 0.130638
5 0.964907 0.207633 0.070439 0.118391
5 0.951536 0.104582 0.096822 0.093539