5 0.056641 0.471468 0.113281 0.124186
5 0.130924 0.675277 0.124348 0.119303
5 0.143652 0.558155 0.127930 0.122559
5 0.184537 0.468897 0.094075 0.097169
5 0.253353 0.624919 0.144206 0.109213
5 0.517285 0.553597 0.153320 0.129069
5 0.517285 0.553597 0.153320 0.129069
5 0.482682 0.421859 0.134114 0.143717
5 0.428841 0.352360 0.113933 0.129720
5 0.428841 0.352360 0.113933 0.129720
5 0.559538 0.377327 0.109700 0.120280
5 0.612598 0.517041 0.106445 0.074708
5 0.244759 0.480648 0.089519 0.098795
5 0.244759 0.480648 0.089519 0.098795
5 0.880599 0.583789 0.154948 0.173828
5 0.796647 0.458838 0.168294 0.148925
5 0.796647 0.458838 0.168294 0.148925
5 0.765820 0.333675 0.166016 0.132975
5 0.765820 0.333675 0.166016 0.132975
5 0.892545 0.230973 0.150716 0.193197
5 0.892545 0.230973 0.150716 0.193197
5 0.939909 0.374528 0.120442 0.167806
5 0.944727 0.515072 0.111328 0.136394
5 0.944727 0.515072 0.111328 0.136394
5 0.804264 0.236182 0.049153 0.094239
5 0.804264 0.236182 0.049153 0.094239