5 0.203295 0.922835 0.128464 0.120670
5 0.093870 0.878000 0.118989 0.131000
5 0.515066 0.516298 0.133256 0.113847
5 0.626981 0.565091 0.113338 0.139558
5 0.575353 0.609990 0.097581 0.116855
5 0.451768 0.523316 0.062911 0.096631
5 0.490625 0.437123 0.109375 0.080495
5 0.842205 0.304758 0.125034 0.134516
5 0.959588 0.339809 0.081677 0.063994
5 0.950166 0.282509 0.100333 0.093144
5 0.802278 0.189887 0.110806 0.123525
5 0.716349 0.162677 0.126448 0.112855
5 0.800496 0.068970 0.097867 0.122316
5 0.882775 0.085421 0.121800 0.148967