5 0.296029 0.893343 0.113933 0.139811
5 0.168588 0.806722 0.109050 0.129069
5 0.185905 0.703272 0.115559 0.097169
5 0.281803 0.773616 0.144856 0.122233
5 0.438737 0.830420 0.139973 0.126466
5 0.439974 0.318116 0.108073 0.104981
5 0.384505 0.348421 0.053386 0.081217
5 0.395410 0.440316 0.106445 0.105631
5 0.458041 0.410514 0.112956 0.111653
5 0.463379 0.537549 0.036133 0.053223
5 0.405273 0.520036 0.076172 0.083822
5 0.526074 0.570524 0.092773 0.100423
5 0.542578 0.495166 0.097656 0.105958
5 0.576627 0.389470 0.128255 0.110189
5 0.632650 0.488786 0.109050 0.099447
5 0.602441 0.546077 0.067383 0.042155
5 0.719205 0.316944 0.100911 0.108887
5 0.580306 0.269288 0.085613 0.069825
5 0.581901 0.206298 0.095052 0.084472
5 0.673893 0.132308 0.100911 0.111491
5 0.574707 0.149919 0.086914 0.062338