5 0.381709 0.505801 0.166542 0.161602
5 0.357386 0.418192 0.152272 0.105134
5 0.453606 0.359250 0.082212 0.121625
5 0.544918 0.339830 0.136711 0.126536
5 0.514573 0.423543 0.129145 0.162711
5 0.382778 0.629552 0.162431 0.124728
5 0.508576 0.590035 0.067152 0.083195
5 0.691358 0.460152 0.098341 0.054680
5 0.677741 0.591428 0.061733 0.089106
5 0.732521 0.603451 0.124417 0.119402
5 0.795498 0.480006 0.147245 0.103763
5 0.865773 0.401188 0.137797 0.133627
5 0.866398 0.584222 0.154672 0.134069
5 0.831684 0.679853 0.119617 0.103456