5 0.543257 0.295183 0.089639 0.130991
5 0.451237 0.329961 0.105598 0.094297
5 0.475845 0.419118 0.114189 0.091361
5 0.495780 0.561184 0.094686 0.119244
5 0.415790 0.512977 0.122205 0.107203
5 0.595660 0.339180 0.091320 0.097109
5 0.387318 0.458594 0.065261 0.020313
5 0.390589 0.399456 0.084303 0.030162
5 0.744962 0.446539 0.102423 0.064953
5 0.799011 0.401034 0.060522 0.108319
5 0.844673 0.406783 0.092470 0.101066
5 0.829420 0.492395 0.099466 0.084791
5 0.756726 0.534034 0.091577 0.055567
5 0.705136 0.528858 0.035272 0.054591
5 0.463589 0.617143 0.064678 0.062411
5 0.394880 0.570903 0.067886 0.063681
5 0.375760 0.620966 0.079645 0.085683
5 0.342277 0.680477 0.100178 0.073455
5 0.337484 0.734229 0.099969 0.071583
5 0.643488 0.734517 0.077602 0.069034
5 0.706282 0.690650 0.068814 0.078175
5 0.747148 0.669780 0.053672 0.073936
5 0.844281 0.577620 0.094812 0.092739
5 0.836364 0.636844 0.072728 0.061187
5 0.152296 0.401718 0.138967 0.115936