3 0.029530 0.515398 0.059061 0.096420
5 0.111480 0.595494 0.116711 0.090987
5 0.135712 0.495367 0.115173 0.090734
5 0.170423 0.550696 0.109595 0.098267
5 0.289083 0.398899 0.096916 0.107173
5 0.244345 0.376971 0.076189 0.103942
5 0.279265 0.543251 0.111655 0.092752
5 0.235852 0.616595 0.096703 0.101941
5 0.422120 0.567905 0.116114 0.110811
5 0.244955 0.654533 0.083661 0.065316
5 0.406588 0.421809 0.116302 0.084244
5 0.543055 0.390503 0.120484 0.137256
5 0.505193 0.363681 0.094761 0.133612
5 0.359033 0.447118 0.089941 0.075486
5 0.339680 0.571560 0.076236 0.077495
5 0.137764 0.425362 0.072403 0.063223
5 0.539023 0.599916 0.134297 0.115458
5 0.592766 0.475320 0.135531 0.100639
5 0.637272 0.741967 0.133919 0.149559
5 0.871934 0.650920 0.100119 0.139341
5 0.024140 0.397302 0.048280 0.088355