5 0.198713 0.831694 0.116175 0.091512
5 0.312684 0.846005 0.112867 0.126386
5 0.363702 0.930720 0.114903 0.102066
5 0.425984 0.875084 0.095719 0.112669
5 0.696897 0.417897 0.115669 0.113919
5 0.389305 0.824287 0.047359 0.051700
5 0.624737 0.524184 0.115098 0.132742
5 0.596114 0.429703 0.107853 0.121906
5 0.511569 0.504029 0.123138 0.117433
5 0.445072 0.477775 0.071394 0.089925
5 0.472276 0.409220 0.103927 0.090316
5 0.447870 0.317960 0.120741 0.110920
5 0.415331 0.386184 0.036913 0.053619
5 0.770717 0.298458 0.091434 0.071916
5 0.848695 0.233655 0.106766 0.104811
5 0.745098 0.239226 0.112070 0.112827
5 0.793137 0.131104 0.126898 0.118458
5 0.635938 0.196924 0.112502 0.115723
5 0.602314 0.124574 0.085878 0.089773
5 0.682309 0.104655 0.092744 0.093684