5 0.506720 0.528159 0.132189 0.131317
5 0.387428 0.554588 0.121731 0.137302
5 0.476606 0.651588 0.131337 0.128177
5 0.346346 0.683588 0.130192 0.135927
5 0.310923 0.584052 0.081220 0.108730
5 0.047144 0.576028 0.094287 0.114556
5 0.144660 0.560014 0.126820 0.126278
5 0.027942 0.695656 0.055884 0.125688
5 0.051426 0.392817 0.102852 0.116884
5 0.331398 0.407544 0.103420 0.111963
5 0.407249 0.427820 0.136373 0.130641
5 0.462592 0.346665 0.118934 0.115205
5 0.525603 0.417546 0.107456 0.097592
5 0.591608 0.487900 0.105091 0.103925
5 0.528866 0.696313 0.092106 0.108252
5 0.448995 0.717174 0.082364 0.065598
5 0.940593 0.573880 0.078061 0.125884
5 0.928141 0.492234 0.103158 0.090719
5 0.179645 0.464813 0.109289 0.054625
5 0.130879 0.419958 0.089883 0.093041
5 0.036405 0.307182 0.072811 0.086239
5 0.006884 0.335808 0.013769 0.074741