4 0.483935 0.606007 0.149120 0.168264
4 0.396179 0.543398 0.145483 0.164922
4 0.072348 0.646026 0.144697 0.182677
5 0.685950 0.414749 0.112525 0.098248
5 0.550378 0.456768 0.153881 0.110411
5 0.526367 0.360861 0.124609 0.131097
5 0.479468 0.295898 0.062061 0.091797
5 0.425586 0.333526 0.104297 0.151427
5 0.329443 0.417383 0.143261 0.103516
5 0.158557 0.496234 0.192114 0.167467
5 0.487195 0.776332 0.086889 0.080789
5 0.308276 0.848639 0.088427 0.106653
5 0.361291 0.784609 0.081958 0.069219
5 0.109460 0.416155 0.125170 0.116686
5 0.037704 0.481811 0.075408 0.160497
5 0.309265 0.727613 0.084155 0.095852
5 0.040185 0.868581 0.070995 0.059037
5 0.030699 0.799505 0.061398 0.074011
5 0.057471 0.751332 0.093067 0.049539