5 0.223820 0.266102 0.113266 0.110330
5 0.095878 0.225182 0.129256 0.119114
5 0.069424 0.314116 0.091973 0.109483
5 0.135392 0.437078 0.114534 0.139781
5 0.240019 0.406796 0.120663 0.101092
5 0.425305 0.303078 0.147484 0.153031
5 0.561837 0.285102 0.129923 0.132705
5 0.659270 0.320227 0.131039 0.121705
5 0.456665 0.464078 0.135205 0.146906
5 0.592534 0.405885 0.125692 0.121145
5 0.573838 0.515815 0.125802 0.159755
5 0.662081 0.469677 0.111662 0.070603
5 0.873724 0.282658 0.131823 0.159066
5 0.967084 0.267402 0.065419 0.072303
5 0.950768 0.376975 0.098411 0.163325
5 0.833901 0.402979 0.167802 0.152833
5 0.975289 0.532049 0.050578 0.145348
5 0.852984 0.561766 0.165344 0.164156
5 0.945081 0.628157 0.108912 0.190689
5 0.281274 0.296366 0.078173 0.073981