5 0.270316 0.512702 0.159383 0.128528
5 0.292170 0.397292 0.137466 0.100834
5 0.354492 0.592052 0.118359 0.155978
5 0.265657 0.603956 0.087564 0.086038
5 0.412655 0.622990 0.106561 0.133480
5 0.472865 0.510572 0.142605 0.130519
5 0.409523 0.337577 0.134670 0.143903
5 0.388206 0.260583 0.117037 0.127416
5 0.534602 0.525016 0.103578 0.115658
5 0.599795 0.413825 0.146464 0.127650
5 0.515247 0.375648 0.071119 0.066922
5 0.570188 0.307772 0.115375 0.112419
5 0.677435 0.306171 0.107995 0.143592
5 0.793011 0.334991 0.148522 0.138733
5 0.750630 0.453034 0.113759 0.093567
5 0.650864 0.507290 0.111103 0.120830