5 0.097012 0.126916 0.081523 0.097581
5 0.098765 0.378105 0.141280 0.149961
5 0.139748 0.229095 0.173245 0.130066
5 0.196534 0.296040 0.064942 0.051455
5 0.037479 0.129231 0.071833 0.177212
5 0.370419 0.553530 0.159587 0.144561
5 0.456137 0.579201 0.065398 0.067777
5 0.605227 0.575439 0.138578 0.091503
5 0.602252 0.485523 0.157628 0.133547
5 0.629069 0.423287 0.161263 0.109073
5 0.547240 0.347369 0.125730 0.135362
5 0.980099 0.698487 0.038323 0.096975
5 0.986037 0.602788 0.028323 0.093077
5 0.952398 0.534865 0.095422 0.116605