5 0.253266 0.126159 0.122156 0.133569
5 0.364302 0.089172 0.116105 0.122094
5 0.474689 0.079386 0.121253 0.111897
5 0.439560 0.183448 0.119745 0.126272
5 0.314168 0.213863 0.103336 0.127725
5 0.215600 0.177542 0.090575 0.092584
5 0.183346 0.058120 0.082317 0.109989
5 0.268021 0.035636 0.126667 0.071272
5 0.419130 0.365685 0.113261 0.125120
5 0.493981 0.369553 0.081712 0.114106
5 0.566111 0.448973 0.132222 0.104197
5 0.550324 0.544929 0.113148 0.121108
5 0.430541 0.534922 0.142333 0.147969
5 0.611230 0.782662 0.131836 0.159073
5 0.676848 0.763862 0.084947 0.124598
5 0.764260 0.872590 0.112895 0.123305
5 0.701589 0.896842 0.140678 0.146809
5 0.595996 0.939700 0.120117 0.098150
5 0.477095 0.950740 0.101064 0.082730
5 0.511972 0.871980 0.045819 0.075211
5 0.504557 0.979240 0.087239 0.024105
5 0.118530 0.427715 0.087061 0.071055
5 0.641613 0.089736 0.086350 0.079472
5 0.701287 0.665561 0.061948 0.065497