5 0.863009 0.375225 0.122892 0.119200
5 0.867617 0.265499 0.103984 0.112248
5 0.781119 0.274841 0.080988 0.096558
5 0.761018 0.356137 0.118911 0.102898
5 0.732827 0.478668 0.128155 0.066711
5 0.568667 0.323136 0.102959 0.143147
5 0.633415 0.323463 0.038705 0.084427
5 0.488800 0.304509 0.083850 0.102769
5 0.529261 0.411830 0.136647 0.136161
5 0.439694 0.420674 0.085638 0.091348
5 0.503729 0.565571 0.110583 0.128017
5 0.192884 0.438024 0.113894 0.107298
5 0.036184 0.635931 0.053617 0.131238
5 0.074207 0.370557 0.126539 0.144239
5 0.126094 0.328649 0.099062 0.135423
5 0.953250 0.333004 0.094000 0.059758
5 0.984549 0.409701 0.031598 0.094402