5 0.468434 0.678985 0.077494 0.092345
5 0.377853 0.597187 0.090081 0.072498
5 0.481421 0.596789 0.087842 0.081078
5 0.589350 0.679551 0.091200 0.096602
5 0.646784 0.605448 0.087319 0.073395
5 0.601488 0.565924 0.068602 0.063098
5 0.491492 0.471834 0.092359 0.096792
5 0.557425 0.453195 0.067975 0.093889
5 0.473053 0.387210 0.092981 0.090045
5 0.411173 0.362824 0.069222 0.072523
5 0.576111 0.371670 0.092847 0.087091
5 0.602418 0.336462 0.064211 0.054175
5 0.418334 0.082860 0.089794 0.100095
5 0.523143 0.052183 0.090036 0.091866
5 0.587273 0.037203 0.062047 0.068156
5 0.425111 0.022062 0.078347 0.044123
5 0.360426 0.015400 0.061477 0.030800
5 0.364697 0.060469 0.057519 0.064687