5 0.401350 0.447978 0.130825 0.099081
5 0.268617 0.474586 0.077859 0.089797
5 0.237791 0.389069 0.103708 0.087513
5 0.210403 0.344935 0.098931 0.074245
5 0.326346 0.357863 0.077692 0.087602
5 0.433402 0.353562 0.113680 0.110248
5 0.454528 0.310395 0.084056 0.092664
5 0.538521 0.317163 0.092667 0.115575
5 0.544405 0.412240 0.104434 0.108855
5 0.490156 0.498630 0.133438 0.109761
5 0.662667 0.571351 0.109709 0.127077
5 0.555308 0.555040 0.085616 0.075705
5 0.378981 0.495159 0.086087 0.068442
3 0.595688 0.524183 0.094500 0.110866