5 0.284473 0.564470 0.153320 0.157064
5 0.372363 0.418295 0.141602 0.164714
5 0.519531 0.458594 0.148438 0.148438
5 0.573795 0.586702 0.166341 0.151530
5 0.424121 0.574756 0.166992 0.140137
5 0.435189 0.465413 0.048503 0.087077
5 0.421420 0.719776 0.117839 0.148927
5 0.294922 0.703402 0.152344 0.134928
5 0.892578 0.566113 0.144531 0.141602
5 0.865462 0.663688 0.140300 0.118002
5 0.811426 0.487647 0.125977 0.112794
5 0.899870 0.433057 0.087239 0.109864
5 0.968164 0.421859 0.064453 0.096842
5 0.967676 0.503630 0.063477 0.138509