5 0.716439 0.897852 0.126628 0.126953
5 0.836035 0.840251 0.122070 0.118002
5 0.943229 0.892009 0.114583 0.096517
5 0.886491 0.801351 0.097981 0.118327
5 0.688412 0.705192 0.076823 0.091634
5 0.523177 0.544515 0.111980 0.104655
5 0.512272 0.466585 0.074544 0.067545
5 0.430924 0.511637 0.108723 0.101400
5 0.394205 0.269417 0.100911 0.107584
5 0.461556 0.256657 0.085613 0.110189
5 0.255273 0.324333 0.091797 0.095541
5 0.486979 0.641830 0.098958 0.114909
5 0.837337 0.965170 0.093425 0.070964
5 0.584798 0.481120 0.075847 0.087239
5 0.553548 0.438395 0.075847 0.048666
5 0.603158 0.523714 0.056316 0.072428