5 0.079427 0.558415 0.111980 0.088705
5 0.079427 0.558415 0.111980 0.088705
5 0.086002 0.457145 0.112630 0.111166
5 0.165527 0.440413 0.065430 0.087077
5 0.165527 0.440413 0.065430 0.087077
5 0.202670 0.467562 0.086589 0.085123
5 0.462370 0.555257 0.118489 0.110514
5 0.598568 0.526091 0.100261 0.105306
5 0.598568 0.526091 0.100261 0.105306
5 0.537972 0.532650 0.050944 0.077800
5 0.908008 0.692073 0.119141 0.115397
5 0.908008 0.692073 0.119141 0.115397
5 0.445475 0.636735 0.094075 0.035970
5 0.933984 0.604573 0.105469 0.115397
5 0.875651 0.600114 0.032552 0.072103