3 0.379989 0.681155 0.106853 0.137311
3 0.465526 0.775953 0.134177 0.145656
3 0.651928 0.796893 0.072606 0.040661
2 0.467102 0.650438 0.140455 0.138377
2 0.587337 0.615752 0.121548 0.137755
2 0.697820 0.648559 0.136264 0.118992
2 0.693573 0.560890 0.049645 0.084280
3 0.632951 0.726024 0.150277 0.136423
5 0.634201 0.567646 0.102777 0.110292
4 0.563590 0.809443 0.111555 0.137636
4 0.502770 0.491137 0.118041 0.154148
4 0.474418 0.565473 0.117586 0.084072
3 0.571456 0.388915 0.152287 0.140330
4 0.414680 0.430780 0.129361 0.102184
4 0.442969 0.332866 0.148438 0.137606
5 0.656768 0.046536 0.104161 0.093072
5 0.440666 0.028679 0.134456 0.057358
5 0.459577 0.054409 0.069155 0.055694
0 0.553693 0.066838 0.126136 0.133675