5 0.895717 0.354269 0.097684 0.121037
5 0.852152 0.404143 0.113680 0.123911
5 0.519934 0.389129 0.114867 0.137633
5 0.436741 0.415303 0.176606 0.214981
5 0.401112 0.481505 0.142850 0.113009
5 0.323203 0.522593 0.108906 0.110811
5 0.583779 0.544599 0.183183 0.182948
5 0.421411 0.621000 0.211572 0.176375
5 0.335126 0.658920 0.142127 0.161589
5 0.544176 0.746662 0.178977 0.202698
5 0.700223 0.710002 0.150447 0.154380
5 0.627509 0.796015 0.105017 0.145155
5 0.174679 0.849334 0.199358 0.245542
5 0.119910 0.757697 0.117945 0.159144
5 0.119813 0.962755 0.077125 0.075509