5 0.744420 0.319566 0.126341 0.129758
5 0.774789 0.383104 0.068328 0.072458
5 0.632377 0.297245 0.111628 0.172614
5 0.530825 0.328163 0.127275 0.165700
5 0.578515 0.437920 0.103905 0.116466
5 0.701534 0.444279 0.153067 0.126058
5 0.735603 0.562597 0.161831 0.128319
5 0.572727 0.567706 0.129830 0.144788
5 0.415301 0.419225 0.171227 0.116575
5 0.352883 0.548732 0.087016 0.116214
5 0.438073 0.506145 0.126147 0.074791
5 0.435806 0.344282 0.096613 0.072939
5 0.369053 0.290523 0.103731 0.106045
5 0.267415 0.277042 0.094205 0.119709
5 0.141148 0.408781 0.138545 0.101937