5 0.551106 0.060651 0.108462 0.111927
5 0.595636 0.103832 0.078772 0.088914
5 0.690980 0.098369 0.113211 0.099862
5 0.746877 0.161217 0.075003 0.084934
5 0.688539 0.184916 0.077078 0.072956
5 0.556298 0.188578 0.112597 0.114656
5 0.437904 0.413328 0.100808 0.104781
5 0.520309 0.381995 0.115617 0.117114
5 0.682755 0.393252 0.128011 0.111505
5 0.610109 0.436129 0.107719 0.097258
5 0.592265 0.523562 0.115780 0.109623
5 0.468702 0.503358 0.103030 0.100466
5 0.446359 0.889312 0.123969 0.119250
5 0.331531 0.916666 0.122438 0.120831
5 0.307291 0.805194 0.105208 0.126012