5 0.048991 0.627360 0.097981 0.129720
5 0.050293 0.499235 0.100586 0.129720
5 0.045736 0.398942 0.028972 0.076009
5 0.106445 0.390706 0.150391 0.109537
5 0.116080 0.480941 0.147786 0.136881
5 0.142741 0.616780 0.144856 0.139811
5 0.197787 0.686768 0.123698 0.154786
5 0.238086 0.379330 0.123047 0.130534
5 0.401725 0.385709 0.140950 0.137044
5 0.505664 0.344612 0.126953 0.148600
5 0.608301 0.349007 0.094727 0.110514
5 0.460059 0.474105 0.135742 0.123209
5 0.593131 0.452881 0.133137 0.124512
5 0.398893 0.570980 0.163411 0.123209
5 0.446452 0.646305 0.127278 0.123861
5 0.545898 0.667985 0.107422 0.145345
5 0.778223 0.524756 0.137695 0.108887
5 0.753678 0.444808 0.129231 0.064616
5 0.854557 0.367725 0.102864 0.116700