5 0.469727 0.599333 0.111328 0.111166
5 0.401660 0.517562 0.122070 0.100748
5 0.531543 0.466651 0.116211 0.102052
5 0.416732 0.456006 0.102214 0.046387
5 0.412207 0.386116 0.118164 0.090983
5 0.436947 0.331917 0.042644 0.060709
5 0.500228 0.316651 0.112956 0.133302
5 0.569205 0.345084 0.054036 0.090169
5 0.862630 0.645134 0.100261 0.127767
5 0.933496 0.587581 0.088867 0.093912
5 0.802018 0.562695 0.116536 0.103516
5 0.767806 0.459847 0.116863 0.050944
5 0.808594 0.398942 0.085938 0.107259
5 0.888900 0.373128 0.093425 0.121256
5 0.957194 0.414144 0.086262 0.062662
5 0.944401 0.385401 0.032552 0.039552
5 0.951953 0.488526 0.097656 0.117677