5 0.090853 0.413834 0.144206 0.152669
5 0.070312 0.685709 0.140625 0.168294
5 0.034994 0.595622 0.069988 0.128744
5 0.173633 0.719124 0.119141 0.131998
5 0.179004 0.598845 0.145508 0.141439
5 0.289486 0.605973 0.138347 0.130697
5 0.353060 0.489827 0.168620 0.135905
5 0.432520 0.602360 0.118164 0.160970
5 0.527799 0.529378 0.108723 0.105631
5 0.557748 0.403483 0.137370 0.150716
5 0.432910 0.372152 0.122070 0.150553
5 0.331185 0.369808 0.121745 0.111491
5 0.844238 0.433805 0.110352 0.108236
5 0.759049 0.385270 0.108723 0.079916
5 0.826986 0.314046 0.107097 0.128092
5 0.871777 0.281234 0.081055 0.096842
5 0.894173 0.546159 0.122722 0.120442
5 0.795443 0.513721 0.084636 0.096192