3 0.867614 0.605169 0.122728 0.113462
3 0.250409 0.526581 0.160192 0.153163
3 0.968030 0.759144 0.064184 0.105787
4 0.741522 0.616234 0.126794 0.123092
5 0.217166 0.621594 0.109331 0.102563
5 0.311921 0.625713 0.092592 0.085802
5 0.383561 0.589149 0.113997 0.106423
5 0.417770 0.503561 0.101164 0.097747
5 0.354894 0.438277 0.137912 0.129680
5 0.414652 0.369863 0.098055 0.095977
5 0.393334 0.297956 0.083544 0.074038
5 0.316030 0.322702 0.107061 0.117278
5 0.760992 0.443528 0.087609 0.096431
5 0.740238 0.514885 0.096102 0.082895
5 0.221198 0.379128 0.092397 0.083256
5 0.265463 0.303252 0.055925 0.087755
5 0.930577 0.685810 0.067405 0.068495
5 0.889373 0.677748 0.081872 0.067995
5 0.810634 0.694404 0.102517 0.091933
5 0.766062 0.724655 0.079000 0.089934
0 0.838741 0.515893 0.086856 0.091161
5 0.990281 0.694141 0.018063 0.050783
5 0.973781 0.627355 0.053812 0.076586
5 0.990170 0.564446 0.020964 0.050767
5 0.938918 0.576595 0.071586 0.068814
5 0.978975 0.529941 0.042325 0.066133
0 0.150756 0.528330 0.064012 0.078534
5 0.246564 0.401562 0.105628 0.093750