4 0.511218 0.824001 0.088061 0.091752
2 0.363402 0.907695 0.098680 0.121639
2 0.325773 0.830546 0.107797 0.076717
0 0.455920 0.863245 0.049339 0.060866
4 0.476572 0.422688 0.100019 0.076627
4 0.551903 0.498206 0.078806 0.090163
2 0.497097 0.495667 0.062944 0.072584
2 0.421902 0.517751 0.037553 0.060502
2 0.379858 0.481455 0.078466 0.078534
3 0.586133 0.135365 0.087891 0.089480
3 0.532126 0.184407 0.076752 0.100064
2 0.545305 0.050068 0.084359 0.078261
0 0.465039 0.029690 0.064453 0.059380
0 0.477930 0.115257 0.068359 0.089889
0 0.441177 0.141166 0.044853 0.076081