5 0.435209 0.886110 0.082919 0.103470
5 0.351716 0.899128 0.081558 0.101381
5 0.370709 0.859800 0.069544 0.097725
5 0.284718 0.801022 0.103811 0.080169
5 0.369759 0.761178 0.089519 0.087981
5 0.465820 0.817796 0.056641 0.076217
5 0.535236 0.766922 0.104847 0.074469
5 0.478294 0.728436 0.050338 0.050622
5 0.496902 0.666992 0.100053 0.099609
5 0.544288 0.582972 0.113577 0.094069
5 0.363106 0.534618 0.079338 0.081736
5 0.314438 0.599090 0.097627 0.066930
5 0.331046 0.638566 0.102717 0.102131
5 0.332872 0.691967 0.062619 0.058934
5 0.526130 0.342060 0.083511 0.099745
4 0.573834 0.417290 0.116419 0.093955
0 0.544167 0.239498 0.088334 0.113372
3 0.627909 0.178827 0.127694 0.117028
2 0.500512 0.487500 0.091648 0.109375