5 0.297656 0.237760 0.085938 0.106770
5 0.210612 0.177979 0.108723 0.090333
5 0.349772 0.159489 0.090169 0.072103
5 0.397819 0.217611 0.117512 0.122722
5 0.456478 0.270589 0.112956 0.088053
5 0.441048 0.364144 0.091472 0.109537
5 0.334147 0.350830 0.105794 0.123534
5 0.442611 0.534570 0.107097 0.119141
5 0.442057 0.618002 0.102864 0.095378
5 0.534733 0.449333 0.119466 0.111166
5 0.744336 0.758610 0.138672 0.129720
5 0.803939 0.840966 0.126628 0.122558
5 0.834098 0.768505 0.052572 0.077636
5 0.742936 0.916178 0.138997 0.160481
5 0.649577 0.815055 0.096028 0.108236
5 0.565560 0.889177 0.137370 0.134603
5 0.653027 0.934342 0.112305 0.131184