5 0.105697 0.478708 0.105144 0.098041
5 0.134367 0.423836 0.068734 0.053922
5 0.104607 0.576374 0.112339 0.096498
5 0.104113 0.630702 0.070725 0.039528
5 0.182045 0.620089 0.089091 0.105803
5 0.173506 0.536086 0.081388 0.069047
5 0.162549 0.666319 0.078223 0.054512
5 0.250195 0.636345 0.087891 0.100816
5 0.273630 0.530644 0.122259 0.098788
5 0.203793 0.457602 0.101336 0.108953
5 0.232524 0.414319 0.083798 0.075513
5 0.407373 0.529466 0.074120 0.049556
5 0.492534 0.566854 0.100692 0.108708
5 0.437847 0.490020 0.097569 0.086289
5 0.578164 0.511185 0.084453 0.081745
5 0.525564 0.480410 0.085503 0.095195
5 0.524790 0.388120 0.077705 0.094991
5 0.568672 0.378140 0.052969 0.078155
5 0.485142 0.350612 0.067159 0.073100
5 0.446220 0.345094 0.029941 0.040188
5 0.396374 0.425678 0.058373 0.066981
5 0.438447 0.404037 0.098769 0.083075
5 0.800964 0.441714 0.058178 0.070928
5 0.846914 0.456099 0.068828 0.068448
5 0.923670 0.422653 0.097339 0.089056
5 0.846345 0.376015 0.089564 0.089530
5 0.775330 0.334699 0.085036 0.075648
5 0.836223 0.295796 0.091195 0.075967
5 0.914839 0.312347 0.073428 0.065319
5 0.853530 0.248639 0.078934 0.072278