5 0.280171 0.069548 0.125967 0.114095
5 0.343184 0.037328 0.092619 0.052781
5 0.431608 0.057823 0.103841 0.087520
5 0.519667 0.087020 0.126834 0.114664
5 0.439107 0.151115 0.103214 0.105355
5 0.344917 0.136093 0.086709 0.090936
5 0.285694 0.184592 0.118263 0.112934
5 0.344027 0.244381 0.097428 0.126262
5 0.469313 0.219232 0.073000 0.097839
5 0.534384 0.193924 0.068767 0.097223
5 0.548962 0.331880 0.088548 0.063759
5 0.492138 0.398179 0.118650 0.136983
5 0.585664 0.396330 0.096328 0.114534
5 0.653037 0.469734 0.137323 0.101967
5 0.619098 0.557519 0.094445 0.121287
5 0.562960 0.566899 0.104045 0.130673
5 0.461125 0.524213 0.128500 0.117177
5 0.437380 0.621637 0.096634 0.112023