5 0.068978 0.574333 0.097331 0.095541
5 0.016764 0.501774 0.033528 0.084798
5 0.127702 0.457991 0.127278 0.106608
5 0.215137 0.544580 0.108398 0.107911
5 0.181901 0.631495 0.110677 0.125489
5 0.273209 0.635628 0.090169 0.121256
5 0.309701 0.574268 0.078777 0.092286
5 0.308170 0.476612 0.135091 0.100098
5 0.383041 0.566846 0.112956 0.111817
5 0.505859 0.618734 0.121094 0.128092
5 0.482455 0.671777 0.083659 0.096680
5 0.524186 0.483284 0.123372 0.113444
5 0.590299 0.621273 0.108723 0.114420
5 0.550033 0.378141 0.103191 0.106283
5 0.607812 0.481364 0.062500 0.056478
5 0.845931 0.464404 0.132488 0.138183
5 0.931966 0.378825 0.113933 0.163900
5 0.964095 0.620963 0.071941 0.126302
5 0.975488 0.497087 0.047852 0.116048