5 0.112316 0.419731 0.193381 0.139462
5 0.152634 0.538647 0.202144 0.164794
5 0.128310 0.673830 0.194120 0.147659
5 0.235972 0.382330 0.134444 0.158409
5 0.539773 0.477730 0.120172 0.127334
5 0.482845 0.521781 0.040691 0.021688
5 0.497769 0.600591 0.095537 0.041806
5 0.611150 0.600905 0.134800 0.126809
5 0.745876 0.618827 0.141752 0.137653
5 0.836504 0.488519 0.110508 0.123913
5 0.688521 0.706026 0.092667 0.093302
5 0.616616 0.802981 0.089481 0.074713
5 0.483695 0.692316 0.089264 0.084633
5 0.872277 0.923752 0.072678 0.081878