5 0.503516 0.892383 0.082031 0.103516
5 0.421289 0.903906 0.080078 0.101562
5 0.437305 0.866016 0.068359 0.097656
5 0.347070 0.805664 0.103516 0.080078
5 0.428320 0.767383 0.087891 0.087891
5 0.528320 0.824023 0.056641 0.076172
5 0.595508 0.773047 0.103516 0.074219
5 0.533203 0.734766 0.050781 0.050781
5 0.548242 0.673242 0.099609 0.099609
5 0.587891 0.590625 0.113281 0.093750
5 0.404102 0.539453 0.080078 0.082031
5 0.360352 0.603516 0.095703 0.066406
5 0.379492 0.642969 0.099609 0.101562
5 0.386523 0.698047 0.060547 0.058594
5 0.553516 0.348242 0.082031 0.099609
4 0.606055 0.423438 0.115234 0.093750
0 0.564258 0.245703 0.087891 0.113281
3 0.641602 0.185156 0.126953 0.117188
2 0.538086 0.493750 0.091797 0.109375