5 0.050455 0.972901 0.100911 0.055177
5 0.113965 0.919743 0.112305 0.108236
5 0.156315 0.876481 0.097005 0.109213
5 0.144662 0.974821 0.092448 0.049642
5 0.653158 0.871875 0.150066 0.140625
5 0.953288 0.671354 0.094075 0.177083
5 0.825814 0.712012 0.095378 0.092773
5 0.719173 0.695280 0.122722 0.131184
5 0.336752 0.662288 0.126628 0.133952
5 0.279916 0.719287 0.097331 0.101075
5 0.226270 0.616553 0.149414 0.120606
5 0.038248 0.495215 0.076497 0.143555
5 0.373763 0.546663 0.125652 0.118327
5 0.292741 0.453532 0.097981 0.094564
5 0.213770 0.460108 0.071289 0.063966
5 0.552311 0.549609 0.076497 0.074219
5 0.642416 0.535466 0.128581 0.120931
5 0.579232 0.443148 0.117839 0.114420
5 0.652279 0.418538 0.082683 0.102702
5 0.507975 0.413248 0.062825 0.076497
5 0.849414 0.124138 0.142578 0.132650
5 0.185905 0.081104 0.162434 0.137208
5 0.268197 0.161995 0.105144 0.095866
5 0.149772 0.286540 0.090169 0.088705
5 0.021810 0.318897 0.043620 0.159669