5 0.845309 0.895084 0.128119 0.112042
5 0.726812 0.849905 0.128625 0.124811
5 0.849702 0.785795 0.111903 0.121591
5 0.546866 0.580913 0.090608 0.093077
5 0.681476 0.511230 0.119202 0.094336
5 0.444196 0.522080 0.125892 0.122286
5 0.560152 0.455594 0.114053 0.120562
5 0.637813 0.440925 0.075627 0.116225
5 0.523144 0.291127 0.083788 0.104130
5 0.260606 0.185242 0.118087 0.107984
5 0.230352 0.295596 0.101328 0.113067
5 0.366354 0.205737 0.088958 0.089600
5 0.342437 0.142539 0.075498 0.088203
5 0.460161 0.384381 0.076572 0.090638
5 0.726177 0.460810 0.092978 0.077870