3 0.477297 0.804192 0.151469 0.189634
3 0.335052 0.753614 0.173228 0.185353
4 0.364732 0.618168 0.145089 0.117586
5 0.570084 0.698127 0.127669 0.105628
5 0.406022 0.467652 0.127669 0.097805
4 0.430284 0.211942 0.063694 0.080134
3 0.583482 0.033489 0.082589 0.060728
5 0.496462 0.328561 0.058550 0.082122
5 0.448488 0.296725 0.081352 0.068450
5 0.592227 0.322926 0.062580 0.080227
5 0.637265 0.312684 0.037030 0.056617
5 0.669759 0.243377 0.052019 0.074253
5 0.604970 0.241899 0.084939 0.074423
5 0.618522 0.171380 0.096419 0.080259
5 0.670388 0.161523 0.025152 0.044922
5 0.636223 0.110627 0.075572 0.058753
5 0.573755 0.086552 0.063136 0.060603
5 0.534968 0.070117 0.057436 0.052734
5 0.501563 0.110903 0.078125 0.062431
5 0.565195 0.137528 0.042889 0.046931
5 0.520002 0.174098 0.090003 0.091945
5 0.490669 0.220627 0.084462 0.088130