5 0.438791 0.950263 0.118208 0.100525
5 0.387255 0.843396 0.115136 0.139917
5 0.134447 0.604254 0.093894 0.086633
5 0.319723 0.483005 0.142570 0.109759
5 0.379880 0.612202 0.109761 0.130655
5 0.434873 0.556173 0.091622 0.093597
5 0.520358 0.612396 0.109466 0.131042
5 0.586991 0.557633 0.123981 0.087141
5 0.553858 0.491713 0.129591 0.102175
5 0.578876 0.432041 0.117127 0.089083
5 0.554595 0.303526 0.093564 0.091427
5 0.573689 0.250523 0.116128 0.091672
5 0.513166 0.185038 0.110708 0.107575
5 0.399519 0.167677 0.120913 0.110353
5 0.396426 0.262182 0.105352 0.089989
5 0.448027 0.311620 0.024180 0.082616
5 0.499538 0.320975 0.033450 0.101325