5 0.444082 0.473484 0.097539 0.103217
5 0.407759 0.347841 0.071767 0.017558
5 0.389797 0.406873 0.126469 0.076247
5 0.359895 0.340966 0.026039 0.006931
5 0.323944 0.394112 0.038512 0.060100
5 0.405305 0.279419 0.073111 0.127588
5 0.488294 0.292492 0.123463 0.159984
5 0.550099 0.468171 0.125198 0.114467
5 0.541022 0.572045 0.113294 0.128464
5 0.768922 0.411765 0.119094 0.151655
5 0.700845 0.394212 0.064191 0.129048
5 0.755935 0.280602 0.136870 0.126828
5 0.646713 0.238788 0.140300 0.099450
5 0.609509 0.178819 0.122142 0.092012
5 0.711433 0.122120 0.100991 0.150489
5 0.851459 0.119677 0.143542 0.114355
5 0.797570 0.171355 0.067016 0.064584
5 0.941127 0.223270 0.116630 0.130916
5 0.961347 0.126902 0.075819 0.119428
5 0.949672 0.037224 0.099344 0.074448