5 0.113622 0.665491 0.139744 0.093481
5 0.115720 0.581131 0.128316 0.084138
5 0.186914 0.718298 0.139453 0.127222
5 0.228330 0.800599 0.106661 0.154323
5 0.269868 0.719406 0.030361 0.060688
5 0.352065 0.507317 0.119755 0.105259
5 0.364994 0.387667 0.111237 0.122209
5 0.430144 0.342495 0.100913 0.144364
5 0.417312 0.455466 0.109625 0.085931
5 0.438112 0.546574 0.119973 0.115023
5 0.414508 0.627655 0.100891 0.092811
5 0.511195 0.613901 0.094264 0.146552
5 0.586213 0.451209 0.138050 0.108667
5 0.539232 0.371492 0.106589 0.124234
5 0.759705 0.379765 0.103784 0.115780
5 0.705277 0.244057 0.107428 0.097489
5 0.780059 0.285245 0.085117 0.076739
5 0.839618 0.334904 0.088611 0.072933
5 0.837619 0.184163 0.106487 0.137075
5 0.026838 0.885332 0.053677 0.123789
5 0.181315 0.550627 0.097005 0.110630