5 0.057620 0.638783 0.105866 0.090066
5 0.067002 0.683188 0.130880 0.085127
5 0.190135 0.709369 0.127145 0.124988
5 0.179341 0.611684 0.136806 0.120244
5 0.059148 0.513799 0.118297 0.096348
5 0.122193 0.438091 0.128761 0.129308
5 0.228136 0.493907 0.128147 0.106564
5 0.382615 0.471324 0.127730 0.098898
5 0.414916 0.526518 0.117333 0.112411
5 0.402542 0.610191 0.117584 0.086008
5 0.504641 0.574846 0.090533 0.096567
5 0.498354 0.416299 0.112333 0.120098
5 0.433741 0.414383 0.054983 0.078766
5 0.860495 0.587123 0.077241 0.080495
5 0.925167 0.528184 0.081584 0.100117
5 0.852219 0.444315 0.116937 0.094880
5 0.933227 0.606691 0.053953 0.072758
5 0.324794 0.184505 0.077712 0.075259
5 0.051513 0.133441 0.081150 0.070006
5 0.189051 0.068388 0.068727 0.064902
5 0.593687 0.233292 0.062375 0.072834
5 0.792750 0.469893 0.054250 0.055411