5 0.399294 0.445088 0.154838 0.137052
5 0.379384 0.557150 0.065019 0.104925
5 0.465555 0.559487 0.137361 0.140848
5 0.469098 0.659662 0.128820 0.106823
5 0.537213 0.684653 0.080677 0.069306
5 0.592734 0.627602 0.138594 0.136455
5 0.492190 0.402838 0.109380 0.121302
5 0.474327 0.287531 0.145528 0.146937
5 0.616415 0.310069 0.135955 0.157638
5 0.761836 0.557059 0.123672 0.035992
5 0.759607 0.486966 0.141089 0.058306
5 0.868030 0.429995 0.120434 0.134989
5 0.918561 0.377951 0.127747 0.090277
5 0.963081 0.454207 0.073038 0.120914
5 0.972068 0.551718 0.056636 0.140936
5 0.899848 0.664721 0.134070 0.160692
5 0.849205 0.604551 0.085911 0.084102