5 0.677764 0.233137 0.083653 0.069400
5 0.590023 0.679976 0.123797 0.138077
5 0.536359 0.497380 0.122717 0.129134
5 0.536359 0.497380 0.122717 0.129134
5 0.536359 0.497380 0.122717 0.129134
5 0.231554 0.329042 0.144358 0.154959
5 0.124081 0.322385 0.129412 0.144770
5 0.124081 0.322385 0.129412 0.144770
5 0.106948 0.497661 0.148270 0.114072
5 0.106948 0.497661 0.148270 0.114072
5 0.198482 0.656942 0.087589 0.101384
5 0.450988 0.782586 0.095727 0.093297
5 0.391827 0.883059 0.105530 0.087994
5 0.391827 0.883059 0.105530 0.087994