5 0.101650 0.110970 0.106425 0.115691
5 0.157155 0.111704 0.048686 0.057783
5 0.056117 0.181749 0.090359 0.116623
5 0.168862 0.188609 0.128348 0.102219
5 0.112750 0.264684 0.116125 0.104367
5 0.063545 0.314254 0.070841 0.097258
5 0.503634 0.301752 0.088519 0.078503
5 0.590135 0.354652 0.077145 0.090553
5 0.520451 0.353806 0.100277 0.113863
5 0.548966 0.449309 0.104183 0.095492
5 0.602714 0.435771 0.077303 0.084042
5 0.574316 0.511470 0.089258 0.085441
5 0.456062 0.423081 0.093375 0.074287
5 0.408427 0.448445 0.082478 0.071889
5 0.459678 0.535031 0.084981 0.104438
5 0.384107 0.480948 0.033839 0.033770
5 0.408773 0.526121 0.070670 0.092867
5 0.790226 0.544988 0.083577 0.093100
5 0.524536 0.572582 0.080322 0.070164
5 0.871161 0.548986 0.098572 0.091722
5 0.790388 0.545294 0.083902 0.093713
5 0.897607 0.504459 0.067089 0.049544
5 0.955731 0.541937 0.089588 0.086998
5 0.958155 0.622599 0.085059 0.088948
5 0.870410 0.628907 0.093945 0.101564
5 0.761555 0.636388 0.082486 0.069652
5 0.805284 0.695252 0.069942 0.068628
5 0.886184 0.688030 0.091117 0.063561
5 0.946411 0.721925 0.105322 0.106350
5 0.976716 0.803541 0.047183 0.085208
5 0.919397 0.843080 0.079419 0.095534
5 0.875439 0.783898 0.104003 0.111545
5 0.783273 0.741349 0.094670 0.085823
0 0.522844 0.559075 0.042562 0.052525