0 0.384023 0.607648 0.146172 0.174672
5 0.018296 0.324584 0.036592 0.117917
5 0.105144 0.335042 0.138412 0.126334
5 0.072933 0.218341 0.139616 0.117931
5 0.187665 0.114620 0.159705 0.141741
5 0.038963 0.100953 0.077927 0.139406
5 0.203613 0.209777 0.125977 0.113303
5 0.297748 0.528831 0.151745 0.170162
5 0.465273 0.478334 0.177422 0.141044
5 0.447581 0.330307 0.145162 0.173114
5 0.552221 0.318280 0.091942 0.124059
5 0.577354 0.429451 0.164083 0.143277
5 0.492545 0.606414 0.113214 0.144078
5 0.888551 0.796276 0.095852 0.145677
5 0.820911 0.913063 0.160572 0.098002