5 0.093602 0.552546 0.118453 0.111342
5 0.186647 0.494188 0.117044 0.122752
5 0.173283 0.432017 0.102816 0.089034
5 0.138963 0.672479 0.118550 0.135583
5 0.258295 0.662150 0.129089 0.118050
5 0.305330 0.544572 0.138786 0.142269
5 0.290890 0.473955 0.094280 0.041659
5 0.384484 0.400687 0.131469 0.132623
5 0.431762 0.481184 0.138523 0.146742
5 0.546563 0.437959 0.124377 0.094667
5 0.515896 0.556526 0.119292 0.059927
5 0.842098 0.360909 0.181072 0.162444
5 0.838902 0.557704 0.193428 0.162283
5 0.857872 0.656403 0.165744 0.112806