5 0.134830 0.415381 0.194661 0.140137
5 0.180273 0.528825 0.201172 0.163900
5 0.161654 0.666748 0.192058 0.145997
5 0.255371 0.369970 0.135742 0.158691
5 0.563672 0.446468 0.121094 0.124186
5 0.509408 0.494873 0.040691 0.020997
5 0.528190 0.572249 0.097005 0.038248
5 0.640820 0.567269 0.134766 0.125163
5 0.776725 0.577327 0.140950 0.135905
5 0.860189 0.443848 0.111003 0.122070
5 0.722461 0.666618 0.091797 0.092611
5 0.656934 0.768441 0.088867 0.074381
5 0.518685 0.665511 0.090495 0.084147
5 0.919271 0.875553 0.072917 0.082356