5 0.049967 0.735368 0.099934 0.155111
5 0.045898 0.836540 0.091797 0.119955
5 0.132291 0.823552 0.114583 0.150228
5 0.066406 0.550700 0.132812 0.132650
5 0.062093 0.490413 0.124186 0.071452
5 0.484603 0.622233 0.128581 0.103841
5 0.519173 0.552002 0.138347 0.119630
5 0.639486 0.601432 0.122722 0.134114
5 0.473112 0.353174 0.124348 0.146973
5 0.937174 0.355648 0.124348 0.130045
5 0.903385 0.455909 0.138020 0.127442
0 0.814127 0.351595 0.128255 0.087566
0 0.623080 0.422233 0.146159 0.135091
0 0.416113 0.460368 0.141602 0.123861
5 0.967578 0.253467 0.066406 0.122559