5 0.822266 0.929688 0.160156 0.140625
5 0.842383 0.763477 0.212891 0.189453
5 0.679297 0.872070 0.152344 0.197266
5 0.600000 0.977148 0.125000 0.044922
5 0.386719 0.961523 0.195312 0.076172
5 0.139258 0.983789 0.119141 0.033203
5 0.494531 0.862109 0.179688 0.199219
5 0.319922 0.636133 0.167969 0.181641
5 0.195312 0.488672 0.171875 0.136719
5 0.123633 0.353516 0.150391 0.160156
5 0.142969 0.247852 0.148438 0.111328
5 0.215430 0.146094 0.162109 0.164062
5 0.206641 0.033203 0.128906 0.066406
5 0.347070 0.039062 0.150391 0.078125
5 0.504297 0.040039 0.136719 0.080078
5 0.796680 0.080664 0.162109 0.142578
5 0.914844 0.046875 0.132812 0.093750
5 0.972070 0.323828 0.056641 0.097656
5 0.927148 0.417383 0.107422 0.103516
5 0.857812 0.525781 0.187500 0.148438
5 0.793945 0.400000 0.166016 0.140625
5 0.868164 0.311328 0.158203 0.128906
5 0.801367 0.209766 0.099609 0.113281
5 0.551562 0.175195 0.156250 0.134766
5 0.420312 0.116797 0.140625 0.105469
5 0.400000 0.226562 0.140625 0.125000
5 0.391016 0.429102 0.175781 0.158203
5 0.487891 0.529883 0.175781 0.166016
5 0.598047 0.625391 0.136719 0.160156
5 0.661719 0.347461 0.164062 0.154297