5 0.503596 0.604735 0.125942 0.162595
5 0.343704 0.551077 0.149908 0.139653
5 0.345742 0.412232 0.160234 0.124464
5 0.472580 0.359976 0.148284 0.148077
5 0.428637 0.306155 0.116650 0.131059
5 0.375034 0.300719 0.065692 0.120188
5 0.545372 0.233363 0.125119 0.094850
5 0.538274 0.481687 0.142173 0.141498
5 0.663849 0.549885 0.121448 0.099770
5 0.693366 0.463934 0.164856 0.137244
5 0.625255 0.333711 0.159886 0.145547
5 0.670884 0.385605 0.069894 0.046211
5 0.785952 0.362243 0.140655 0.115111
5 0.811728 0.242316 0.154706 0.119006
5 0.709105 0.212511 0.136961 0.115647