5 0.284378 0.783809 0.112506 0.111367
5 0.350446 0.704639 0.100892 0.096778
5 0.392729 0.871855 0.091708 0.090586
5 0.393963 0.795424 0.081677 0.084598
5 0.471991 0.821255 0.087733 0.080009
5 0.456717 0.772955 0.035309 0.024034
5 0.397519 0.668102 0.048163 0.042455
5 0.462157 0.509705 0.093064 0.094409
5 0.450928 0.444577 0.089356 0.070405
5 0.562311 0.554482 0.080872 0.102714
5 0.555988 0.458255 0.099477 0.091509
5 0.664395 0.507701 0.106914 0.087277
5 0.611336 0.535588 0.050797 0.074302
5 0.685478 0.356520 0.074081 0.084916
5 0.740474 0.338505 0.052823 0.042636
5 0.771103 0.288022 0.076581 0.076044
5 0.704219 0.285034 0.077187 0.079442
5 0.640606 0.334270 0.018712 0.034166
5 0.594641 0.318166 0.061158 0.073833
5 0.591756 0.250671 0.086638 0.082592
5 0.575668 0.185400 0.054461 0.061425
5 0.620766 0.153691 0.079033 0.085506
5 0.645283 0.213462 0.084316 0.086300
5 0.728295 0.205768 0.094091 0.086536
5 0.703949 0.087523 0.073523 0.065672
5 0.698261 0.144437 0.065272 0.057625
5 0.815220 0.174127 0.080439 0.082630
5 0.771616 0.037906 0.077606 0.075813