3 0.476016 0.525887 0.161408 0.173650
5 0.704905 0.877431 0.100436 0.114237
5 0.667978 0.791541 0.145331 0.129958
5 0.680702 0.716160 0.095778 0.054195
5 0.595148 0.734561 0.090295 0.112872
5 0.506117 0.875332 0.130984 0.135039
5 0.441664 0.938630 0.111453 0.058511
5 0.380611 0.869570 0.139347 0.142264
5 0.355594 0.791600 0.133063 0.108200
5 0.449659 0.719208 0.089942 0.110291
5 0.487322 0.753914 0.137144 0.135953
5 0.624702 0.900389 0.143155 0.110153
5 0.616594 0.570891 0.117562 0.088656
5 0.624945 0.484561 0.149891 0.128497
5 0.673703 0.423790 0.113031 0.088205
5 0.561751 0.379432 0.157877 0.149489
5 0.420593 0.407549 0.131811 0.130723
5 0.410530 0.572726 0.036684 0.057952
5 0.652634 0.081593 0.089642 0.113186
5 0.511918 0.030199 0.120711 0.060398
4 0.687102 0.036817 0.127328 0.073634