0 0.135742 0.439963 0.083984 0.086177
0 0.213281 0.376164 0.085938 0.080453
0 0.203516 0.308323 0.066406 0.051020
0 0.292773 0.250263 0.091797 0.088027
0 0.299805 0.107058 0.083984 0.076616
0 0.599414 0.174814 0.095703 0.090253
0 0.730078 0.218377 0.082031 0.089878
0 0.825977 0.202302 0.080078 0.092103
0 0.641211 0.258959 0.091797 0.080419
0 0.506836 0.209570 0.076172 0.087891
0 0.446094 0.238996 0.070312 0.074867
0 0.433984 0.311728 0.074219 0.076581
0 0.364258 0.338205 0.072266 0.092036
0 0.526172 0.291992 0.074219 0.083984
0 0.579688 0.334723 0.062500 0.072572
0 0.649023 0.340464 0.076172 0.084053
0 0.785547 0.365830 0.074219 0.078534
0 0.883789 0.434707 0.080078 0.088164
0 0.819727 0.490107 0.080078 0.095839
0 0.732812 0.537559 0.078125 0.087617
0 0.657617 0.431913 0.083984 0.098202
0 0.528906 0.388579 0.085938 0.080283
0 0.387500 0.435810 0.093750 0.099745
0 0.247461 0.458332 0.091797 0.088539
0 0.300781 0.543181 0.085938 0.080113
0 0.455859 0.482066 0.089844 0.086006
0 0.576758 0.482320 0.087891 0.089639
0 0.584570 0.575060 0.087891 0.084495
0 0.416992 0.670627 0.068359 0.072505
0 0.706836 0.703134 0.091797 0.100019
0 0.237109 0.701597 0.089844 0.078194
0 0.097461 0.699975 0.107422 0.084325
0 0.415820 0.766389 0.072266 0.070278
0 0.499414 0.789861 0.080078 0.070347
0 0.587891 0.836728 0.097656 0.107831
0 0.700781 0.786405 0.085938 0.072811
0 0.707617 0.869854 0.099609 0.089708
0 0.411523 0.868156 0.091797 0.086313
0 0.431445 0.922927 0.072266 0.058355
0 0.473633 0.077073 0.072266 0.066645