5 0.358372 0.513612 0.129244 0.133473
5 0.309625 0.640530 0.144250 0.118561
5 0.408301 0.709164 0.129102 0.121453
5 0.437305 0.617429 0.112109 0.097358
5 0.549113 0.653910 0.135727 0.110945
5 0.623314 0.629282 0.121628 0.121064
5 0.583330 0.520202 0.094786 0.059155
5 0.514552 0.460954 0.100978 0.112533
5 0.440670 0.410952 0.100089 0.121905
5 0.465455 0.370110 0.096534 0.080845
5 0.358384 0.381339 0.088642 0.065803
5 0.342163 0.442491 0.112450 0.094358
5 0.302996 0.546043 0.080992 0.082711
5 0.786194 0.477280 0.128638 0.113936
5 0.772775 0.651123 0.101800 0.111620
5 0.907503 0.413566 0.127506 0.102131
5 0.892067 0.508068 0.140384 0.122386
5 0.875830 0.634762 0.120411 0.135148
5 0.817355 0.751188 0.122209 0.133625
5 0.924545 0.726880 0.074089 0.122509
5 0.939966 0.604739 0.058056 0.121978
5 0.475284 0.755266 0.103692 0.123031