5 0.521812 0.030867 0.096748 0.061734
5 0.595486 0.064225 0.090972 0.090950
5 0.676992 0.029145 0.103984 0.058289
5 0.720355 0.053509 0.081334 0.072644
5 0.656813 0.123003 0.076127 0.096006
5 0.637522 0.488913 0.121919 0.080952
5 0.655898 0.413644 0.139922 0.099163
5 0.538461 0.512500 0.108172 0.121875
5 0.559454 0.573105 0.062658 0.055584
5 0.586875 0.343830 0.123750 0.128286
5 0.484593 0.403666 0.119186 0.116708
5 0.422780 0.491617 0.117436 0.120734
5 0.318738 0.441509 0.106227 0.098644
5 0.386070 0.525797 0.075264 0.085969
5 0.371382 0.388808 0.120889 0.108866
5 0.367528 0.313619 0.122556 0.086613
5 0.415249 0.289621 0.086748 0.126117
5 0.468435 0.326802 0.058745 0.056730