5 0.025429 0.764795 0.050858 0.098339
5 0.044470 0.657492 0.088939 0.096234
5 0.019204 0.589988 0.038408 0.064352
5 0.073995 0.566466 0.082366 0.086056
5 0.112876 0.619455 0.107002 0.095159
5 0.079491 0.708630 0.062108 0.082884
5 0.120499 0.711284 0.100373 0.103819
5 0.078697 0.792480 0.094894 0.103711
5 0.205173 0.760649 0.097845 0.102548
5 0.208537 0.670813 0.135823 0.104127
5 0.279347 0.790015 0.102444 0.136280
5 0.332129 0.727052 0.095508 0.100980
5 0.188208 0.619515 0.045166 0.032780
5 0.111949 0.560091 0.039523 0.029558
5 0.118587 0.527930 0.040298 0.037111
5 0.164962 0.550556 0.083048 0.097988
5 0.186115 0.485386 0.084730 0.055147
5 0.212536 0.550159 0.078197 0.119067
5 0.258419 0.590224 0.107462 0.105448
5 0.287435 0.502699 0.074870 0.105398
5 0.274105 0.459109 0.085709 0.068217
5 0.342867 0.501369 0.063859 0.102737
5 0.362028 0.590799 0.102181 0.106598
5 0.418901 0.491073 0.119052 0.125895
5 0.465796 0.448668 0.094092 0.081711
5 0.531516 0.504555 0.119283 0.130986
5 0.412534 0.632762 0.143817 0.118648
5 0.418652 0.689742 0.115430 0.066984
5 0.403333 0.738263 0.053541 0.039027
5 0.483811 0.711741 0.108247 0.120356
5 0.600316 0.431088 0.103756 0.134050
5 0.696480 0.458958 0.111711 0.086666
5 0.703305 0.560351 0.156611 0.126952
5 0.821677 0.495469 0.152730 0.150313
5 0.795796 0.424609 0.085342 0.055469
5 0.781110 0.391691 0.087220 0.070883
5 0.902330 0.417930 0.104659 0.176484
5 0.930153 0.359019 0.088431 0.102412
5 0.776429 0.673798 0.137233 0.156970
5 0.856305 0.689016 0.093859 0.137408
5 0.719164 0.662266 0.063328 0.099533
5 0.566505 0.861028 0.067386 0.072056
5 0.689960 0.826033 0.079920 0.086441
5 0.739357 0.918416 0.081839 0.086833
5 0.833736 0.882047 0.098722 0.076594
5 0.564083 0.775052 0.059416 0.078230
5 0.516627 0.825880 0.070755 0.073634
5 0.636470 0.830413 0.051066 0.067077