5 0.030111 0.329118 0.060222 0.108236
5 0.046289 0.240934 0.080078 0.113119
5 0.100358 0.241471 0.103841 0.089192
5 0.113151 0.322233 0.110677 0.088216
5 0.200391 0.268734 0.097656 0.112467
5 0.089584 0.410254 0.104167 0.098633
5 0.184375 0.392643 0.125000 0.100911
5 0.300195 0.324252 0.103516 0.111003
5 0.460580 0.345394 0.114909 0.140788
5 0.601774 0.389502 0.100423 0.088380
5 0.519271 0.345541 0.026042 0.066081
5 0.553223 0.428499 0.137695 0.131998
5 0.475130 0.544873 0.100261 0.114747
5 0.421908 0.618588 0.103191 0.140300
5 0.547266 0.595850 0.128906 0.132325
5 0.854492 0.726644 0.146484 0.172038
5 0.956120 0.719922 0.087239 0.121094
5 0.924707 0.469580 0.118164 0.123536
5 0.312826 0.474463 0.094402 0.055177
5 0.693392 0.965918 0.130534 0.069336