5 0.370248 0.599235 0.199870 0.160970
5 0.375455 0.713005 0.132161 0.091634
5 0.519401 0.704948 0.157552 0.184895
5 0.533203 0.789372 0.144531 0.113119
5 0.633105 0.635010 0.116211 0.098145
5 0.588998 0.556429 0.184245 0.169108
5 0.605404 0.436866 0.160808 0.120606
5 0.457455 0.461084 0.146159 0.175294
5 0.341048 0.429752 0.138347 0.159505
5 0.373991 0.328630 0.144856 0.122884
5 0.483073 0.363395 0.106770 0.095541
5 0.591146 0.317725 0.151042 0.147950
5 0.485709 0.298682 0.090169 0.062989
5 0.850455 0.477100 0.132161 0.116700
5 0.924088 0.531038 0.141927 0.133952
5 0.960352 0.414177 0.080078 0.134603
5 0.848763 0.656397 0.141277 0.128419
5 0.951627 0.713037 0.097005 0.147950