5 0.038900 0.257991 0.077800 0.122233
5 0.032227 0.146045 0.064453 0.110841
5 0.099381 0.285856 0.086262 0.109213
5 0.033203 0.392464 0.066406 0.134928
5 0.368506 0.418473 0.046387 0.099447
5 0.433073 0.435401 0.138020 0.148927
5 0.490072 0.376774 0.105144 0.116048
5 0.599609 0.440999 0.105469 0.100748
5 0.541244 0.493702 0.101238 0.071778
5 0.573926 0.559620 0.141602 0.125489
5 0.656283 0.535433 0.056316 0.064616
5 0.602604 0.628174 0.114583 0.084473
5 0.552051 0.710987 0.125977 0.131348
5 0.464909 0.638786 0.136067 0.115072