5 0.141050 0.489086 0.107100 0.100047
5 0.163907 0.435334 0.068439 0.055042
5 0.145130 0.585110 0.112134 0.095220
5 0.147601 0.640451 0.070202 0.037152
5 0.225731 0.635270 0.088962 0.104916
5 0.211228 0.548703 0.081831 0.069281
5 0.208648 0.678174 0.079797 0.056348
5 0.296092 0.655602 0.085934 0.101830
5 0.311539 0.551922 0.123078 0.097594
5 0.236309 0.473498 0.100744 0.109495
5 0.262770 0.432572 0.084914 0.077644
5 0.445168 0.559837 0.074711 0.050923
5 0.532840 0.604520 0.100055 0.109041
5 0.471972 0.523227 0.097069 0.087080
5 0.616801 0.555233 0.083602 0.082341
5 0.561003 0.519491 0.084506 0.095231
5 0.553199 0.428240 0.078273 0.093980
5 0.596485 0.420208 0.055470 0.077916
5 0.511398 0.388094 0.066545 0.073063
5 0.471827 0.380742 0.028030 0.039609
5 0.428433 0.455889 0.059991 0.068028
5 0.467302 0.437554 0.100228 0.084483
5 0.833077 0.503138 0.056780 0.071902
5 0.881095 0.521340 0.068439 0.067680
5 0.954061 0.493243 0.092497 0.089611
5 0.874333 0.440283 0.089291 0.089941
5 0.801808 0.394482 0.084866 0.073339
5 0.858652 0.359432 0.092303 0.075114
5 0.939423 0.380845 0.072597 0.064814
5 0.874343 0.314050 0.079936 0.074975