5 0.098756 0.542556 0.141263 0.097613
5 0.103315 0.387549 0.147255 0.112598
0 0.277916 0.649662 0.105833 0.149323
0 0.212219 0.415219 0.118188 0.102313
0 0.289780 0.479269 0.120184 0.117913
0 0.358898 0.569891 0.155297 0.130406
0 0.374858 0.704018 0.121591 0.139286
0 0.466203 0.717315 0.085531 0.134630
0 0.551598 0.696565 0.146945 0.215005
0 0.599652 0.557291 0.180555 0.139583
0 0.641534 0.494358 0.158069 0.113716
0 0.458190 0.425552 0.135130 0.107353
0 0.384809 0.445021 0.094617 0.096292
0 0.609656 0.436595 0.116187 0.063814
0 0.519437 0.413793 0.067000 0.086961
0 0.621246 0.694423 0.064367 0.135720