5 0.544682 0.064987 0.079989 0.070598
5 0.496442 0.040577 0.080384 0.068653
5 0.418756 0.059236 0.075013 0.071597
5 0.375922 0.119867 0.076844 0.080359
5 0.424148 0.138041 0.032670 0.072956
5 0.492606 0.126527 0.047713 0.074928
5 0.444823 0.220727 0.080270 0.119580
5 0.361500 0.276948 0.088625 0.066397
5 0.384798 0.305622 0.097720 0.086244
5 0.398252 0.398011 0.043378 0.077272
5 0.439227 0.366620 0.084705 0.092616
5 0.526911 0.377237 0.081947 0.088848
5 0.589278 0.367010 0.075431 0.068395
5 0.587936 0.295868 0.091497 0.088611
5 0.506157 0.295913 0.096689 0.085577
5 0.624891 0.624171 0.109158 0.098342
5 0.527338 0.595945 0.104675 0.110641
5 0.551338 0.685675 0.093300 0.080725
5 0.636590 0.543656 0.070055 0.077938
5 0.578538 0.547065 0.082075 0.084755
5 0.604212 0.491816 0.061548 0.030506
5 0.566423 0.460562 0.076595 0.096125
5 0.504924 0.494230 0.100473 0.116584
5 0.412826 0.495788 0.097527 0.110327
5 0.427115 0.629470 0.116730 0.102689
5 0.400162 0.703839 0.100325 0.098303
5 0.423402 0.752449 0.040555 0.058023
5 0.347858 0.712995 0.061341 0.100989
5 0.317000 0.625341 0.102750 0.081931
5 0.348029 0.569797 0.111683 0.123969