5 0.331250 0.397497 0.109375 0.123119
5 0.383138 0.359564 0.063152 0.053503
5 0.434830 0.425713 0.116536 0.142050
5 0.278841 0.477208 0.082683 0.060666
5 0.354525 0.513254 0.140300 0.107758
5 0.500488 0.542288 0.110352 0.118950
5 0.541602 0.638223 0.126953 0.123320
5 0.364616 0.642995 0.129231 0.126616
5 0.336784 0.596818 0.089192 0.078011
5 0.648828 0.503651 0.113281 0.085427
5 0.641732 0.605144 0.102214 0.057163
5 0.704980 0.639059 0.116211 0.096869
5 0.723080 0.456781 0.099284 0.113563
5 0.825000 0.444779 0.093750 0.086433
5 0.729134 0.406478 0.073894 0.059831
5 0.880209 0.512433 0.104167 0.112366
5 0.795475 0.502855 0.078450 0.080709
5 0.823795 0.592798 0.088216 0.076220
5 0.743652 0.714373 0.096680 0.125622
5 0.850293 0.662180 0.084961 0.089984
5 0.918685 0.637080 0.090495 0.096036
5 0.941666 0.614669 0.098958 0.082463