5 0.970834 0.361735 0.057292 0.067220
5 0.820541 0.509733 0.081706 0.072591
5 0.741439 0.548975 0.095378 0.101075
5 0.782877 0.471517 0.081380 0.083659
5 0.698047 0.477393 0.089844 0.076661
5 0.778483 0.389925 0.072591 0.086100
5 0.818359 0.384456 0.027344 0.062662
5 0.734473 0.357308 0.059570 0.064616
5 0.692155 0.350081 0.037434 0.031412
5 0.697884 0.402230 0.089519 0.076334
5 0.650912 0.421208 0.061198 0.064291
5 0.656185 0.515609 0.074870 0.049967
5 0.530534 0.599300 0.073567 0.086100
5 0.447916 0.610905 0.067708 0.068684
5 0.487598 0.576091 0.075195 0.089681
5 0.408170 0.579118 0.072591 0.045736
5 0.417187 0.533122 0.093750 0.081869
5 0.480664 0.498942 0.064453 0.060384
5 0.560645 0.503077 0.102539 0.087403
5 0.499707 0.432487 0.086914 0.093098
5 0.507748 0.391618 0.074870 0.045736
5 0.429427 0.409034 0.065105 0.049317
5 0.410612 0.449300 0.093098 0.086100
5 0.153287 0.610530 0.094075 0.077311
5 0.098145 0.677588 0.086914 0.086427
5 0.056869 0.623649 0.101238 0.084798
5 0.088607 0.536214 0.086589 0.088053
5 0.084212 0.453239 0.093425 0.087728
5 0.031901 0.486442 0.063802 0.091634
5 0.029134 0.573063 0.058269 0.086752