5 0.129069 0.572828 0.101887 0.092531
5 0.124088 0.474687 0.095052 0.099373
5 0.173502 0.486540 0.034505 0.073080
5 0.469205 0.681680 0.100911 0.110236
5 0.417480 0.611813 0.100586 0.086127
5 0.408561 0.505460 0.076497 0.085920
5 0.446777 0.488506 0.096680 0.092637
5 0.477018 0.450847 0.085286 0.092319
5 0.741537 0.670193 0.108073 0.106011
5 0.851498 0.613427 0.106120 0.092478
5 0.816959 0.519145 0.090169 0.100789
5 0.692464 0.517554 0.103678 0.072608
5 0.731250 0.572054 0.093750 0.090983
0 0.507748 0.598880 0.090495 0.082134