5 0.350781 0.323323 0.164062 0.146647
5 0.456803 0.246240 0.113606 0.167480
5 0.456803 0.246240 0.113606 0.167480
5 0.528711 0.355973 0.138672 0.115072
5 0.351334 0.510401 0.137044 0.102052
5 0.351334 0.510401 0.137044 0.102052
5 0.423145 0.590023 0.133789 0.176920
5 0.423145 0.590023 0.133789 0.176920
5 0.873307 0.297868 0.134114 0.170736
5 0.811230 0.518034 0.163086 0.136067
5 0.810905 0.515967 0.162434 0.138184
5 0.730209 0.539925 0.104167 0.117350
5 0.730209 0.539925 0.104167 0.117350
5 0.786621 0.396615 0.104492 0.080730
5 0.970834 0.495784 0.057292 0.129069