5 0.388053 0.505713 0.129231 0.133302
5 0.346615 0.634489 0.143230 0.118978
5 0.448340 0.702816 0.127930 0.121256
5 0.473014 0.609522 0.111653 0.097169
5 0.586784 0.644483 0.136067 0.110841
5 0.658561 0.616716 0.123372 0.120931
5 0.613151 0.508903 0.095052 0.058431
5 0.540592 0.451546 0.099934 0.112467
5 0.463705 0.403141 0.099284 0.121908
5 0.486166 0.361995 0.097331 0.080241
5 0.379557 0.374821 0.087239 0.065267
5 0.368327 0.436507 0.111653 0.094889
5 0.335254 0.539860 0.083008 0.082845
5 0.812728 0.462972 0.128581 0.113444
5 0.810645 0.635596 0.102539 0.111817
5 0.932389 0.396175 0.127278 0.101725
5 0.919662 0.492530 0.139323 0.122559
5 0.910547 0.619108 0.121094 0.135091
5 0.861295 0.737288 0.119466 0.133952
5 0.965006 0.709554 0.070637 0.122233
5 0.971745 0.587516 0.055989 0.121908
5 0.518295 0.745980 0.102214 0.123209