5 0.112063 0.633911 0.136627 0.130322
5 0.148978 0.766841 0.138581 0.146183
5 0.314203 0.720320 0.159656 0.121891
5 0.282703 0.583502 0.096656 0.123255
5 0.406195 0.478026 0.106141 0.143552
5 0.367753 0.406604 0.107381 0.110083
5 0.506289 0.403868 0.134453 0.135861
5 0.459141 0.373077 0.071408 0.080528
5 0.584759 0.295806 0.128892 0.163488
5 0.692123 0.321354 0.099870 0.120833
5 0.744727 0.361937 0.148828 0.152000
5 0.720155 0.494192 0.152809 0.144634
5 0.556222 0.529223 0.156194 0.133447
5 0.640466 0.570777 0.130933 0.075928
5 0.615739 0.677901 0.140853 0.133927
5 0.298712 0.819422 0.141173 0.123219
3 0.200109 0.543449 0.125217 0.168148
3 0.078090 0.602607 0.124930 0.145839