5 0.424479 0.500862 0.098958 0.101725
5 0.391895 0.373747 0.071289 0.019369
5 0.372689 0.428955 0.126628 0.076659
5 0.345915 0.362712 0.026205 0.006673
5 0.307194 0.414160 0.039387 0.059570
5 0.393197 0.304834 0.073894 0.128419
5 0.475098 0.322103 0.122070 0.159831
5 0.529362 0.502848 0.124348 0.115072
5 0.517741 0.604004 0.113606 0.129883
5 0.750033 0.460482 0.118816 0.149089
5 0.683203 0.437647 0.066406 0.128419
5 0.741634 0.329102 0.136394 0.126953
5 0.634537 0.278597 0.140950 0.097819
5 0.601172 0.214730 0.121094 0.091959
5 0.705143 0.167464 0.100911 0.150553
5 0.843652 0.173421 0.143555 0.112467
5 0.789616 0.219808 0.066731 0.064616
5 0.931934 0.282536 0.120117 0.130697
5 0.958854 0.190495 0.083333 0.118489
5 0.948307 0.087419 0.102864 0.093588