5 0.269531 0.827169 0.085938 0.094963
5 0.297689 0.786420 0.111003 0.141589
5 0.195801 0.741205 0.141602 0.113661
5 0.191992 0.651818 0.115234 0.084886
5 0.635221 0.557137 0.089192 0.058025
5 0.621713 0.504277 0.109050 0.089805
5 0.508920 0.529816 0.117839 0.131506
5 0.464584 0.427627 0.104167 0.114628
5 0.538574 0.326980 0.108398 0.132086
5 0.411295 0.385189 0.119466 0.104753
5 0.482291 0.298963 0.083333 0.116677
5 0.930957 0.136031 0.118164 0.134563
5 0.862373 0.029227 0.127870 0.058455
5 0.754427 0.048807 0.143230 0.097614