5 0.526172 0.791602 0.089844 0.095703
5 0.508594 0.696094 0.070312 0.101562
4 0.685937 0.875000 0.093750 0.078125
4 0.590820 0.861133 0.103516 0.134766
3 0.679688 0.778320 0.125000 0.134766
5 0.457813 0.786914 0.093750 0.111328
5 0.580078 0.708008 0.113281 0.134766
5 0.744727 0.694727 0.064453 0.095703
2 0.678320 0.664648 0.103516 0.107422
2 0.759375 0.788086 0.062500 0.091797
2 0.751758 0.847266 0.056641 0.035156
5 0.517188 0.525781 0.093750 0.117188
5 0.498828 0.378711 0.082031 0.076172
5 0.486133 0.446680 0.072266 0.068359
5 0.456641 0.463477 0.066406 0.064453
0 0.694727 0.449609 0.080078 0.074219
3 0.625781 0.479102 0.132812 0.126953
2 0.644531 0.549219 0.101562 0.085938
5 0.682031 0.232227 0.039062 0.064453
4 0.517969 0.170508 0.101562 0.119141
3 0.526758 0.300391 0.103516 0.128906
2 0.625586 0.149414 0.091797 0.064453
2 0.611133 0.220508 0.119141 0.119141
3 0.441992 0.253711 0.115234 0.107422
5 0.447266 0.163086 0.050781 0.076172