5 0.763651 0.184416 0.099177 0.159458
5 0.871679 0.239297 0.121483 0.125469
5 0.925189 0.321300 0.141003 0.114475
5 0.855129 0.481388 0.100883 0.144025
5 0.785587 0.396570 0.121173 0.111889
5 0.758216 0.299874 0.103933 0.087248
5 0.675405 0.244096 0.119559 0.135067
5 0.671295 0.362059 0.136341 0.102242
5 0.747547 0.475922 0.110719 0.114344
5 0.787141 0.521566 0.074281 0.074381
5 0.632253 0.403620 0.061381 0.050989
5 0.524557 0.362064 0.092864 0.127253
5 0.443880 0.391428 0.122136 0.082856
5 0.460352 0.464871 0.133205 0.089117
5 0.550805 0.523055 0.126611 0.117986
5 0.570410 0.635674 0.106445 0.140098
5 0.244478 0.460653 0.073331 0.105681
5 0.303785 0.502129 0.116945 0.141758
5 0.213695 0.532533 0.105516 0.043191
5 0.211854 0.588020 0.133083 0.072914
5 0.262636 0.660060 0.100272 0.101370
5 0.352055 0.670580 0.116611 0.113034
5 0.352766 0.767293 0.108658 0.112711