5 0.042358 0.547866 0.084716 0.095733
5 0.039427 0.629719 0.078853 0.068812
5 0.152050 0.600616 0.110350 0.101231
5 0.131297 0.665498 0.087594 0.077870
5 0.210530 0.669347 0.077309 0.101194
5 0.272137 0.618302 0.103648 0.099103
5 0.221615 0.481786 0.099480 0.101072
5 0.290367 0.485929 0.077609 0.087483
5 0.383821 0.479861 0.130142 0.125347
5 0.497710 0.391686 0.104795 0.139622
5 0.498421 0.561437 0.131217 0.122873
5 0.555714 0.428637 0.108303 0.076023
5 0.595914 0.447137 0.063703 0.016148
5 0.605109 0.524743 0.135217 0.049486
5 0.761721 0.346758 0.154692 0.156016
5 0.875729 0.274975 0.135833 0.159325
5 0.931841 0.324273 0.126181 0.154795
5 0.898793 0.462967 0.163211 0.166559
5 0.876852 0.624131 0.147453 0.163888
5 0.944619 0.530755 0.089237 0.158384
5 0.127842 0.068423 0.124434 0.102470