5 0.748564 0.224893 0.165878 0.121661
5 0.802543 0.306427 0.155086 0.156605
5 0.900316 0.408739 0.141256 0.154978
5 0.939689 0.327623 0.085628 0.148997
5 0.921127 0.180707 0.142255 0.164539
5 0.569709 0.469457 0.173794 0.201414
5 0.579502 0.664248 0.177753 0.184745
5 0.419858 0.386437 0.161591 0.185373
5 0.378502 0.320818 0.085130 0.088511
5 0.296342 0.452505 0.155184 0.158136
5 0.418548 0.556552 0.180847 0.181853
5 0.582544 0.774386 0.155713 0.117522
5 0.415889 0.719047 0.172403 0.166219
5 0.283890 0.614492 0.174030 0.166484
5 0.444270 0.785148 0.129164 0.098420
5 0.821964 0.114059 0.118928 0.140617