5 0.604111 0.543593 0.061347 0.062186
5 0.614780 0.610850 0.070184 0.062325
5 0.566797 0.643558 0.058594 0.065241
5 0.514968 0.653624 0.048686 0.066623
5 0.464986 0.630363 0.067472 0.057602
5 0.522188 0.356400 0.063127 0.062800
5 0.542700 0.415529 0.076025 0.056058
5 0.507855 0.463145 0.075086 0.066914
5 0.442209 0.497480 0.059417 0.076211
5 0.399705 0.479648 0.074411 0.068672
5 0.432585 0.422286 0.068295 0.063322
5 0.256486 0.296843 0.069222 0.056186
5 0.294873 0.269376 0.077247 0.063752
5 0.314795 0.328166 0.063966 0.081333
5 0.372537 0.294463 0.066948 0.054552
5 0.349800 0.198023 0.058975 0.074170
5 0.367190 0.241286 0.062505 0.057572
5 0.429211 0.237701 0.067797 0.066027
5 0.414538 0.297876 0.057202 0.067627
5 0.468770 0.233387 0.050041 0.063648
5 0.417984 0.185236 0.073469 0.064222
5 0.306197 0.112480 0.065519 0.071834
5 0.249378 0.140202 0.061256 0.055403
5 0.194859 0.173641 0.061592 0.062908
5 0.193572 0.113564 0.068394 0.070878
5 0.151981 0.080230 0.078963 0.060459
5 0.260745 0.084241 0.052739 0.059106
5 0.278062 0.031980 0.065498 0.063961
5 0.797389 0.017325 0.057278 0.034650
5 0.827074 0.087070 0.066648 0.071014
5 0.778452 0.075952 0.060030 0.067528