5 0.040072 0.436343 0.048894 0.100811
5 0.058131 0.535805 0.075637 0.099736
5 0.407415 0.575360 0.114830 0.097595
5 0.409989 0.475503 0.104353 0.091631
5 0.455694 0.399406 0.095763 0.114437
5 0.556447 0.440502 0.116019 0.096628
5 0.544020 0.527640 0.122414 0.108405
5 0.505565 0.624384 0.101755 0.114394
5 0.464266 0.528669 0.066033 0.063587
5 0.518189 0.403543 0.033253 0.025836
5 0.821821 0.503045 0.078017 0.071714
5 0.886003 0.438337 0.093881 0.070423
5 0.902771 0.475189 0.099292 0.081628
5 0.913337 0.547869 0.111048 0.098862
5 0.864491 0.615850 0.116483 0.091075
5 0.914967 0.689877 0.108059 0.101628
5 0.967043 0.629343 0.065336 0.105561
5 0.972159 0.525517 0.056817 0.104159