5 0.532852 0.213318 0.103205 0.104761
5 0.587117 0.250956 0.117984 0.092537
5 0.454753 0.260498 0.103256 0.092870
5 0.359647 0.253470 0.100544 0.094439
5 0.391851 0.398612 0.105577 0.115973
5 0.398358 0.338784 0.087341 0.077567
5 0.532388 0.343693 0.099150 0.112386
5 0.573362 0.432200 0.093600 0.089400
5 0.485779 0.443624 0.096558 0.112248
5 0.556016 0.514020 0.068281 0.084291
5 0.516570 0.529823 0.108141 0.090897
5 0.386135 0.502599 0.106645 0.098948
5 0.336491 0.540621 0.097983 0.087492
5 0.433402 0.571390 0.094930 0.111530
5 0.444101 0.646298 0.094452 0.105095
5 0.364439 0.615710 0.069503 0.081420