5 0.452474 0.561605 0.108073 0.091959
5 0.453287 0.508708 0.078450 0.048666
5 0.491016 0.471305 0.082031 0.092611
5 0.497233 0.605387 0.056966 0.054525
5 0.546647 0.570817 0.090169 0.091634
5 0.614877 0.511312 0.095378 0.085123
5 0.613021 0.580827 0.057292 0.064778
5 0.619466 0.889241 0.082683 0.090983
5 0.569010 0.858610 0.075520 0.082845
5 0.524186 0.912647 0.092122 0.112794
5 0.457813 0.866195 0.093750 0.094889
5 0.567252 0.174821 0.081380 0.096517
5 0.475912 0.210954 0.076823 0.090658
5 0.546354 0.081364 0.083333 0.087728