5 0.973948 0.316805 0.051022 0.067986
5 0.829935 0.470948 0.081745 0.073145
5 0.750791 0.514778 0.095333 0.101431
5 0.792068 0.435856 0.081011 0.084212
5 0.705780 0.444397 0.089684 0.076294
5 0.784682 0.354340 0.072489 0.086805
5 0.824845 0.346892 0.027816 0.062534
5 0.740598 0.322891 0.059320 0.064533
5 0.698163 0.317963 0.036952 0.032800
5 0.705887 0.370305 0.089898 0.074986
5 0.657341 0.391478 0.061556 0.064206
5 0.665600 0.484467 0.074950 0.050184
5 0.541264 0.575793 0.073153 0.085961
5 0.458914 0.590668 0.067828 0.068836
5 0.496820 0.553005 0.074889 0.090386
5 0.417577 0.561387 0.072653 0.044648
5 0.426449 0.512920 0.093523 0.082089
5 0.490107 0.477084 0.064589 0.060419
5 0.569948 0.476800 0.102397 0.087975
5 0.507469 0.408981 0.086813 0.092963
5 0.514043 0.367320 0.074961 0.044016
5 0.435742 0.388171 0.065234 0.048217
5 0.418518 0.429970 0.093286 0.084941
5 0.164171 0.602798 0.093967 0.077472
5 0.110764 0.672987 0.087153 0.086600
5 0.067749 0.620672 0.101123 0.085094
5 0.097984 0.531440 0.086594 0.087880
5 0.092155 0.449889 0.093686 0.087278
5 0.040105 0.484340 0.064586 0.090555
5 0.038876 0.573158 0.059002 0.086941