5 0.458655 0.524997 0.107936 0.093744
5 0.459541 0.472755 0.078458 0.051761
5 0.495862 0.430395 0.082350 0.092039
5 0.505123 0.564570 0.057122 0.054139
5 0.552844 0.526587 0.090063 0.093800
5 0.621176 0.460236 0.095477 0.086097
5 0.619184 0.532216 0.057117 0.064433
5 0.630356 0.838293 0.082588 0.089086
5 0.580105 0.811265 0.075836 0.081905
5 0.535037 0.869355 0.091948 0.113709
5 0.468725 0.827735 0.093700 0.096095
5 0.568832 0.129156 0.081414 0.095812
5 0.479017 0.170894 0.076784 0.091787
5 0.546322 0.040294 0.083269 0.080588