0 0.435905 0.626546 0.146809 0.174967
5 0.030924 0.335368 0.061848 0.139486
5 0.132910 0.341683 0.137695 0.127116
5 0.091537 0.222901 0.139323 0.117677
5 0.198437 0.123112 0.156250 0.139973
5 0.042318 0.102311 0.084636 0.138997
5 0.222037 0.221370 0.125325 0.111491
5 0.342480 0.545166 0.147461 0.168458
5 0.505566 0.502474 0.176758 0.139323
5 0.475879 0.351807 0.145508 0.172364
5 0.580111 0.343929 0.091472 0.122233
5 0.612858 0.457471 0.166341 0.143067
5 0.544987 0.632552 0.108723 0.143230
5 0.954623 0.842416 0.090495 0.144206
5 0.900977 0.953451 0.158203 0.094402