4 0.458406 0.800518 0.088688 0.091661
2 0.304345 0.889491 0.102439 0.122733
2 0.273338 0.815468 0.109175 0.077811
0 0.399048 0.841689 0.051220 0.061503
4 0.447636 0.399706 0.101522 0.077538
4 0.518782 0.473525 0.081314 0.090800
2 0.463536 0.470986 0.064572 0.073222
2 0.388341 0.497393 0.039181 0.060411
2 0.349234 0.463115 0.079719 0.079355
3 0.576758 0.106876 0.087891 0.088752
3 0.519129 0.158300 0.078883 0.100975
2 0.539744 0.031763 0.085737 0.063527
0 0.465587 0.018733 0.059300 0.037466
0 0.468555 0.093427 0.068359 0.089980
0 0.430114 0.120762 0.044603 0.075898