5 0.952213 0.687516 0.095052 0.121908
5 0.893555 0.528776 0.115234 0.110677
5 0.893555 0.528776 0.115234 0.110677
5 0.699479 0.407243 0.114583 0.123861
5 0.699479 0.407243 0.114583 0.123861
5 0.699479 0.407243 0.114583 0.123861
5 0.598373 0.405404 0.106120 0.113933
5 0.598373 0.405404 0.106120 0.113933
5 0.583334 0.552637 0.104167 0.092773
5 0.234342 0.449984 0.146809 0.128092
5 0.063639 0.169255 0.127278 0.169759
5 0.761881 0.793880 0.086262 0.084636
5 0.761881 0.793880 0.086262 0.084636
5 0.701725 0.889388 0.094075 0.078777
5 0.701725 0.889388 0.094075 0.078777
5 0.547721 0.686377 0.073567 0.088380
5 0.547721 0.686377 0.073567 0.088380
5 0.298177 0.547868 0.096355 0.092611
5 0.298177 0.547868 0.096355 0.092611
5 0.252377 0.661702 0.095378 0.073405
5 0.235221 0.634456 0.089192 0.062662
0 0.040202 0.494776 0.080403 0.117677
5 0.282780 0.284147 0.131184 0.121419
5 0.220020 0.345784 0.071289 0.035319
5 0.318945 0.385010 0.134766 0.145020
5 0.953288 0.108284 0.094075 0.097819
5 0.941830 0.023194 0.114909 0.046387
5 0.958627 0.973568 0.079753 0.053386
5 0.920801 0.868880 0.079102 0.084636
5 0.229785 0.739762 0.059570 0.070150
5 0.163412 0.829541 0.076823 0.059083
5 0.184180 0.738623 0.052734 0.067872
5 0.049837 0.672835 0.062175 0.067545
5 0.112370 0.421956 0.087239 0.062662