5 0.606699 0.407821 0.104023 0.121892
5 0.505234 0.439470 0.129217 0.113316
5 0.419995 0.487751 0.111866 0.119252
5 0.280931 0.309723 0.089987 0.097570
5 0.420512 0.645386 0.122275 0.125147
5 0.517537 0.542905 0.125700 0.120186
5 0.529628 0.635025 0.099881 0.088800
5 0.601746 0.505433 0.084742 0.088991
5 0.675386 0.497364 0.103897 0.107228
5 0.620873 0.659173 0.047995 0.040220
5 0.654939 0.614114 0.122378 0.112603
5 0.885646 0.681257 0.180667 0.196889
5 0.728163 0.757692 0.196952 0.177884
5 0.758121 0.917374 0.197492 0.128498
0 0.884188 0.845471 0.162125 0.134692