5 0.056608 0.542920 0.088216 0.095216
5 0.054655 0.625960 0.084309 0.067545
5 0.168750 0.584912 0.109375 0.101075
5 0.150521 0.654378 0.088542 0.074381
5 0.230762 0.650049 0.077148 0.100098
5 0.289420 0.592904 0.103841 0.098308
5 0.234017 0.461214 0.099284 0.103678
5 0.305599 0.460954 0.076823 0.090658
5 0.396354 0.444905 0.130208 0.124186
5 0.507096 0.348356 0.104817 0.140462
5 0.514193 0.516390 0.131511 0.120280
5 0.567773 0.380909 0.107422 0.080567
5 0.608301 0.394222 0.063477 0.019694
5 0.617220 0.468864 0.134441 0.056478
5 0.769662 0.280355 0.154948 0.154459
5 0.881283 0.198323 0.134441 0.162272
5 0.938086 0.240218 0.123047 0.155436
5 0.909342 0.384147 0.162434 0.168294
5 0.892969 0.547933 0.148438 0.158366
5 0.957194 0.442920 0.086262 0.157714
5 0.130924 0.056950 0.124348 0.101400