5 0.129069 0.562500 0.101887 0.093750
5 0.124088 0.465446 0.095052 0.096517
5 0.173502 0.471501 0.034505 0.071127
5 0.469205 0.642757 0.100911 0.110514
5 0.417480 0.577100 0.100586 0.085450
5 0.408561 0.471273 0.076497 0.083170
5 0.446777 0.451579 0.096680 0.090658
5 0.477018 0.411947 0.085286 0.089519
5 0.741537 0.608643 0.108073 0.107911
5 0.851498 0.542855 0.106120 0.091959
5 0.816959 0.451937 0.090169 0.100748
5 0.692464 0.460547 0.103678 0.074219
5 0.731250 0.512028 0.093750 0.089681
0 0.507748 0.556966 0.090495 0.082683