5 0.067171 0.410233 0.134342 0.107966
5 0.171962 0.340691 0.084548 0.109506
5 0.174727 0.446304 0.108830 0.105108
5 0.110449 0.518991 0.108398 0.122356
5 0.319920 0.521486 0.142964 0.096097
5 0.367914 0.421041 0.120203 0.135831
5 0.283805 0.407218 0.058234 0.067561
5 0.242355 0.382124 0.097211 0.101748
5 0.352224 0.624349 0.132573 0.129948
5 0.477675 0.574548 0.142850 0.139720
5 0.492727 0.446124 0.129205 0.120373
5 0.560397 0.488882 0.130169 0.112139
5 0.510629 0.385976 0.077508 0.031327
5 0.462063 0.648827 0.105375 0.069530
5 0.541014 0.623321 0.053903 0.071642