5 0.061224 0.540209 0.072448 0.102294
5 0.072263 0.641999 0.082027 0.099623
5 0.138336 0.678345 0.098547 0.122316
5 0.225098 0.655405 0.103320 0.082684
5 0.229290 0.592964 0.096080 0.089053
5 0.147623 0.547412 0.107745 0.104200
5 0.090770 0.444088 0.106539 0.116300
5 0.217677 0.486743 0.110353 0.098486
5 0.509951 0.541004 0.110527 0.100758
5 0.524704 0.444599 0.108783 0.101698
5 0.523537 0.373675 0.109573 0.094225
5 0.595607 0.376206 0.072464 0.093037
5 0.624953 0.444574 0.096781 0.120398
5 0.602016 0.564899 0.094656 0.111048
5 0.641726 0.618966 0.099077 0.106681
5 0.668904 0.522878 0.115933 0.089506
5 0.694121 0.428311 0.081992 0.097247
5 0.946874 0.554841 0.106248 0.100306
5 0.890236 0.373757 0.111722 0.094389
5 0.980284 0.473152 0.038692 0.102553
5 0.979788 0.353505 0.040827 0.085134
5 0.993557 0.365049 0.012114 0.067598