5 0.248970 0.530171 0.113566 0.100967
5 0.334796 0.579918 0.107092 0.059836
5 0.275522 0.480012 0.085419 0.069400
5 0.416154 0.403873 0.082308 0.104620
5 0.480486 0.380373 0.101597 0.123247
5 0.560983 0.436245 0.134466 0.113114
5 0.479708 0.498083 0.090666 0.089916
5 0.507338 0.596562 0.111552 0.115000
5 0.589434 0.572448 0.119492 0.104270
5 0.856084 0.360009 0.109042 0.113767
5 0.874769 0.329919 0.090163 0.084837
5 0.938196 0.452314 0.070142 0.057753
5 0.862902 0.466983 0.057053 0.049591
5 0.941876 0.562598 0.055627 0.065820
5 0.080000 0.631002 0.110000 0.102630
5 0.057075 0.503352 0.101650 0.094205
5 0.042716 0.446477 0.072933 0.074203
5 0.036538 0.698602 0.057452 0.100330