5 0.173926 0.644808 0.141602 0.127116
5 0.347428 0.744092 0.129231 0.106934
5 0.284066 0.603044 0.058756 0.062338
5 0.329525 0.650993 0.093425 0.092611
5 0.390365 0.471728 0.174480 0.152831
5 0.587174 0.578548 0.171223 0.153972
5 0.546127 0.440902 0.157878 0.150553
5 0.546127 0.440902 0.157878 0.150553
5 0.546127 0.440902 0.157878 0.150553
5 0.458659 0.316406 0.120442 0.164062
5 0.458659 0.316406 0.120442 0.164062
5 0.565137 0.328923 0.124023 0.082845
5 0.865820 0.050700 0.150391 0.101400
5 0.965918 0.063721 0.069336 0.127442