5 0.547960 0.219548 0.102170 0.104722
5 0.604616 0.258614 0.115481 0.092228
5 0.475028 0.266920 0.103181 0.093216
5 0.379948 0.256895 0.103647 0.095041
5 0.422467 0.403590 0.107434 0.116555
5 0.423463 0.343702 0.087552 0.078030
5 0.558145 0.350054 0.100664 0.112608
5 0.605236 0.438424 0.094847 0.089348
5 0.519894 0.448291 0.096037 0.112208
5 0.593330 0.520462 0.071034 0.084673
5 0.555580 0.536095 0.108034 0.090941
5 0.424654 0.507212 0.105558 0.098798
5 0.379002 0.543813 0.098630 0.087627
5 0.476741 0.577673 0.094108 0.111597
5 0.494652 0.652410 0.095555 0.104820
5 0.412802 0.620356 0.069355 0.081337