5 0.199624 0.510205 0.083623 0.092286
5 0.297073 0.500327 0.091022 0.088155
5 0.403152 0.435393 0.115678 0.120786
5 0.349523 0.532751 0.067797 0.112377
5 0.329930 0.642870 0.141111 0.123241
5 0.416495 0.725566 0.114239 0.135506
5 0.463195 0.644340 0.110764 0.126180
5 0.533427 0.694512 0.104353 0.117150
5 0.482700 0.759533 0.071650 0.075316
5 0.718141 0.435255 0.114408 0.095511
5 0.744795 0.379216 0.036464 0.045931
5 0.799672 0.398049 0.099344 0.108598
5 0.881041 0.380963 0.077706 0.071302
5 0.937952 0.435709 0.116528 0.124544
5 0.967841 0.560884 0.063808 0.109267
5 0.903251 0.541832 0.131502 0.114914
5 0.818912 0.611403 0.109698 0.116556
5 0.830951 0.461000 0.108777 0.128250
5 0.736370 0.505794 0.088366 0.042838
5 0.726496 0.545705 0.121742 0.088286
5 0.745174 0.627591 0.087223 0.080183
5 0.854339 0.686661 0.108678 0.132697
5 0.910184 0.676704 0.039119 0.103408
5 0.762676 0.674515 0.078477 0.030280
5 0.422570 0.538127 0.123266 0.110628
5 0.525833 0.481016 0.111041 0.118283