5 0.865017 0.258889 0.092534 0.117778
5 0.817609 0.313530 0.113342 0.123936
5 0.486212 0.334810 0.106800 0.135245
5 0.398774 0.372041 0.172548 0.209708
5 0.354442 0.443736 0.137009 0.109347
5 0.273556 0.492396 0.106487 0.112917
5 0.533813 0.483813 0.180127 0.180127
5 0.363520 0.580770 0.214541 0.180291
5 0.268380 0.627163 0.136759 0.160575
5 0.474580 0.693299 0.183534 0.205348
5 0.634815 0.638909 0.144630 0.149692
5 0.550437 0.733928 0.110250 0.149106
5 0.096681 0.837715 0.193362 0.247305
5 0.053523 0.734707 0.107045 0.119414
5 0.030153 0.963760 0.060306 0.071270