5 0.075000 0.542556 0.140625 0.097613
5 0.086719 0.387549 0.148438 0.112598
0 0.248047 0.649662 0.105469 0.149323
0 0.192969 0.415219 0.117188 0.102313
0 0.268359 0.479269 0.121094 0.117913
0 0.333398 0.569891 0.154297 0.130406
0 0.342773 0.704018 0.123047 0.139286
0 0.432617 0.717315 0.083984 0.134630
0 0.521289 0.696565 0.142578 0.215005
0 0.574805 0.557291 0.177734 0.139583
0 0.618750 0.494358 0.156250 0.113716
0 0.439258 0.425552 0.134766 0.107353
0 0.364648 0.445021 0.091797 0.096292
0 0.589844 0.436595 0.117188 0.063814
0 0.500977 0.413793 0.064453 0.086961
0 0.591211 0.694423 0.060547 0.135720