5 0.269531 0.843571 0.085938 0.096517
5 0.297689 0.806169 0.111003 0.140462
5 0.195801 0.753841 0.141602 0.113933
5 0.191992 0.663884 0.115234 0.080892
5 0.635221 0.599463 0.089192 0.055177
5 0.621713 0.542464 0.109050 0.088053
5 0.508920 0.563460 0.117839 0.130045
5 0.464584 0.456299 0.104167 0.115723
5 0.538574 0.362223 0.108398 0.130697
5 0.411295 0.411214 0.119466 0.103678
5 0.482291 0.330062 0.083333 0.116373
5 0.930957 0.196663 0.118164 0.133952
5 0.861816 0.056966 0.129883 0.113933
5 0.754427 0.086638 0.143230 0.117025