3 0.615583 0.747343 0.134291 0.119686
3 0.525643 0.860063 0.138786 0.154502
3 0.405916 0.893298 0.105583 0.070970
3 0.394290 0.812509 0.141705 0.131269
3 0.354662 0.684477 0.146825 0.140830
3 0.372762 0.622151 0.104900 0.072427
4 0.506342 0.732847 0.122059 0.125069
4 0.597738 0.834359 0.048602 0.059344
5 0.610575 0.693688 0.105525 0.028002
5 0.569670 0.667188 0.095589 0.062500
3 0.533484 0.356721 0.138842 0.113442
3 0.332081 0.438985 0.120412 0.102970
3 0.326374 0.350366 0.112123 0.103856
2 0.435316 0.410882 0.130006 0.140514
0 0.442415 0.306089 0.109830 0.084053
3 0.296126 0.767411 0.107877 0.106697