5 0.382129 0.468717 0.129883 0.099934
5 0.248275 0.488428 0.077800 0.089356
5 0.222070 0.403402 0.103516 0.088053
5 0.196029 0.355290 0.098308 0.073080
5 0.312012 0.376514 0.077148 0.087403
5 0.417578 0.377946 0.113281 0.112142
5 0.441830 0.336670 0.083659 0.095216
5 0.524512 0.347266 0.092773 0.113281
5 0.526172 0.443343 0.105469 0.108561
5 0.470182 0.526319 0.134114 0.108887
5 0.637500 0.609277 0.109375 0.127930
5 0.531055 0.586849 0.083984 0.076823
5 0.357943 0.515413 0.084636 0.071452
3 0.573600 0.558382 0.094075 0.110514