5 0.554495 0.598648 0.162116 0.194172
5 0.656454 0.648151 0.147283 0.177552
5 0.638513 0.540059 0.120777 0.098869
5 0.393395 0.595644 0.164914 0.178788
5 0.302881 0.616142 0.080763 0.132284
5 0.300552 0.477755 0.197978 0.146134
5 0.356848 0.355013 0.204322 0.172527
5 0.523939 0.413220 0.185378 0.188941
5 0.593187 0.246043 0.183250 0.185836
5 0.668116 0.270830 0.108108 0.135411
5 0.934644 0.404707 0.131788 0.134414
5 0.978937 0.299884 0.042248 0.143517
5 0.958776 0.544923 0.083177 0.036722
5 0.930766 0.627961 0.058406 0.093422
5 0.439491 0.178303 0.166483 0.212856
5 0.367119 0.272555 0.171738 0.098234
5 0.281536 0.200320 0.156822 0.160016
5 0.155562 0.152633 0.148623 0.183391