0 0.135742 0.438281 0.083984 0.085938
0 0.213281 0.372852 0.085938 0.080078
0 0.203516 0.305078 0.066406 0.050781
0 0.292773 0.245508 0.091797 0.087891
0 0.299805 0.102148 0.083984 0.076172
0 0.599414 0.163672 0.095703 0.089844
0 0.730078 0.205859 0.082031 0.089844
0 0.825977 0.188086 0.080078 0.091797
0 0.641211 0.247852 0.091797 0.080078
0 0.506836 0.200195 0.076172 0.087891
0 0.446094 0.230859 0.070312 0.074219
0 0.433984 0.303711 0.074219 0.076172
0 0.364258 0.331836 0.072266 0.091797
0 0.526172 0.282617 0.074219 0.083984
0 0.579688 0.325195 0.062500 0.072266
0 0.649023 0.329492 0.076172 0.083984
0 0.785547 0.351562 0.074219 0.078125
0 0.883789 0.418945 0.080078 0.087891
0 0.819727 0.475977 0.080078 0.095703
0 0.732812 0.525195 0.078125 0.087891
0 0.657617 0.420703 0.083984 0.097656
0 0.528906 0.380664 0.085938 0.080078
0 0.387500 0.429492 0.093750 0.099609
0 0.247461 0.454883 0.091797 0.087891
0 0.300781 0.538477 0.085938 0.080078
0 0.455859 0.474219 0.089844 0.085938
0 0.576758 0.473047 0.087891 0.089844
0 0.584570 0.565430 0.087891 0.083984
0 0.416992 0.662695 0.068359 0.072266
0 0.706836 0.690430 0.091797 0.099609
0 0.237109 0.696875 0.089844 0.078125
0 0.097461 0.698242 0.107422 0.083984
0 0.415820 0.760156 0.072266 0.070312
0 0.499414 0.782031 0.080078 0.070312
0 0.587891 0.827148 0.097656 0.107422
0 0.700781 0.775195 0.085938 0.072266
0 0.707617 0.857422 0.099609 0.089844
0 0.411523 0.861719 0.091797 0.085938
0 0.431445 0.916797 0.072266 0.058594
0 0.473633 0.069141 0.072266 0.066406