3 0.510547 0.802539 0.152344 0.189453
3 0.365625 0.750586 0.171875 0.185547
4 0.391016 0.614844 0.144531 0.117188
5 0.599414 0.694922 0.126953 0.105469
5 0.424414 0.464453 0.126953 0.097656
4 0.437500 0.210352 0.062500 0.080078
3 0.584766 0.030273 0.082031 0.060547
5 0.509570 0.326953 0.056641 0.082031
5 0.460352 0.293555 0.080078 0.068359
5 0.606250 0.319727 0.062500 0.080078
5 0.649805 0.309570 0.037109 0.056641
5 0.679492 0.240234 0.052734 0.074219
5 0.613867 0.238672 0.083984 0.074219
5 0.625977 0.166602 0.095703 0.080078
5 0.676758 0.156836 0.025391 0.044922
5 0.640234 0.107422 0.074219 0.058594
5 0.578125 0.083398 0.062500 0.060547
5 0.537695 0.066992 0.056641 0.052734
5 0.506250 0.107813 0.078125 0.062500
5 0.569922 0.134375 0.042969 0.046875
5 0.527734 0.170898 0.089844 0.091797
5 0.499805 0.217383 0.083984 0.087891