0 0.592288 0.511110 0.156450 0.087845
0 0.693638 0.717124 0.106027 0.096748
5 0.601124 0.770185 0.124123 0.162245
5 0.512109 0.679955 0.105469 0.059911
5 0.572098 0.408298 0.131697 0.147847
5 0.344471 0.429852 0.085817 0.081578
5 0.360638 0.376668 0.108777 0.087711
5 0.266482 0.436801 0.111089 0.126727
5 0.225052 0.350032 0.112603 0.131314
5 0.385467 0.296253 0.136559 0.101881
5 0.278719 0.239844 0.135563 0.132812
5 0.342893 0.231409 0.045161 0.078444
5 0.167646 0.188450 0.125917 0.108150
5 0.161730 0.080805 0.089086 0.114734
4 0.067523 0.065975 0.119420 0.131950