5 0.388469 0.630273 0.133187 0.110547
5 0.400909 0.542677 0.129944 0.132228
5 0.490869 0.685645 0.094238 0.140041
5 0.589576 0.694227 0.151027 0.166578
5 0.521913 0.558955 0.137577 0.124159
5 0.671395 0.592066 0.152166 0.124756
5 0.494690 0.454444 0.105005 0.099513
5 0.604573 0.479305 0.127895 0.102359
5 0.560132 0.409762 0.048389 0.066398
5 0.511594 0.378148 0.095063 0.093797
5 0.451828 0.383596 0.053656 0.098442
5 0.749416 0.543951 0.114456 0.075402
5 0.939884 0.539677 0.120392 0.154353
5 0.921252 0.680566 0.158130 0.161133
5 0.959163 0.847153 0.080827 0.147431
5 0.923109 0.809925 0.105592 0.129225