5 0.063737 0.492790 0.124348 0.104330
5 0.176791 0.419759 0.097331 0.105144
5 0.205664 0.466488 0.111328 0.101725
5 0.140755 0.569498 0.100261 0.107747
5 0.159830 0.672868 0.100911 0.108236
5 0.027832 0.661345 0.055664 0.078939
5 0.229166 0.601888 0.114583 0.110027
5 0.426498 0.496549 0.121745 0.108723
5 0.433008 0.438200 0.087891 0.054525
5 0.498763 0.555583 0.110027 0.064291
5 0.718327 0.576465 0.127278 0.127930
5 0.800358 0.551937 0.135091 0.116373
5 0.690592 0.464600 0.099934 0.101075
5 0.767871 0.400244 0.135742 0.125488
5 0.681152 0.340478 0.112305 0.137206
5 0.602213 0.366992 0.095052 0.115234