5 0.016180 0.328279 0.032361 0.106558
5 0.034801 0.237887 0.069602 0.113275
5 0.080723 0.238607 0.105197 0.089714
5 0.086352 0.318980 0.110205 0.087961
5 0.177730 0.262656 0.099211 0.112813
5 0.055110 0.408344 0.100845 0.097937
5 0.153278 0.386488 0.125306 0.101102
5 0.273705 0.315445 0.106784 0.112139
5 0.432084 0.331623 0.117294 0.141370
5 0.572500 0.370551 0.098125 0.087977
5 0.489216 0.331630 0.028433 0.066384
5 0.518555 0.411320 0.137111 0.132016
5 0.430426 0.530874 0.101477 0.114873
5 0.370621 0.606088 0.103742 0.140300
5 0.497359 0.579934 0.129092 0.131742
5 0.793774 0.701648 0.146923 0.172045
5 0.901591 0.691868 0.087558 0.121236
5 0.885394 0.441998 0.120788 0.124620
5 0.274355 0.465734 0.092461 0.053342
5 0.612067 0.946586 0.130384 0.071297