5 0.303027 0.517041 0.096680 0.090333
5 0.338151 0.443376 0.079427 0.086752
5 0.420150 0.469727 0.093425 0.080078
5 0.392513 0.531169 0.094402 0.077963
5 0.341634 0.597673 0.089519 0.098470
5 0.494759 0.603304 0.058269 0.059733
5 0.545410 0.634327 0.075195 0.087403
5 0.517285 0.552816 0.090820 0.090006
5 0.544369 0.483220 0.069988 0.078939
5 0.599284 0.510726 0.089192 0.087077
5 0.621647 0.592416 0.090169 0.081706
5 0.631641 0.488753 0.066406 0.074381
5 0.749967 0.621436 0.084309 0.083497
5 0.801627 0.693148 0.081380 0.083170
5 0.730306 0.653141 0.069988 0.059408
5 0.748828 0.558382 0.066406 0.063639
5 0.837077 0.618831 0.080403 0.078287
5 0.838379 0.551351 0.083008 0.071452
5 0.788834 0.552311 0.043294 0.060872