5 0.221631 0.366624 0.112013 0.114498
5 0.229056 0.472315 0.104987 0.110255
5 0.120613 0.412016 0.119352 0.111533
5 0.320052 0.315055 0.102605 0.111359
5 0.287977 0.235655 0.116578 0.102561
5 0.354757 0.353321 0.050139 0.050392
5 0.456161 0.392817 0.124822 0.129384
5 0.570184 0.329304 0.121619 0.096108
5 0.583402 0.412582 0.135555 0.134539
5 0.508324 0.510442 0.104148 0.130259
5 0.631642 0.507787 0.141409 0.118698
5 0.553487 0.594012 0.116350 0.113023
5 0.607631 0.625862 0.090262 0.114225
5 0.500594 0.643741 0.098062 0.124983
5 0.436506 0.583877 0.110512 0.102130
5 0.779822 0.788416 0.128394 0.095583
5 0.922139 0.787067 0.156778 0.133509
5 0.945291 0.852485 0.109331 0.076845
5 0.945024 0.651298 0.108798 0.136972
5 0.911076 0.604651 0.075277 0.059302