5 0.058842 0.227535 0.117684 0.151945
5 0.081398 0.333752 0.131547 0.114380
5 0.136062 0.290356 0.043998 0.068212
5 0.028066 0.562320 0.056133 0.165264
5 0.139584 0.492616 0.097919 0.116481
5 0.375906 0.473870 0.164313 0.132116
5 0.407366 0.358857 0.080358 0.070839
5 0.450941 0.262873 0.123758 0.166372
5 0.559812 0.439058 0.138373 0.134366
5 0.855804 0.569599 0.133483 0.129823
5 0.846465 0.467072 0.117930 0.096644
5 0.824114 0.386848 0.129478 0.089320
5 0.837567 0.330616 0.122009 0.126856
5 0.943437 0.351934 0.093123 0.116367
5 0.968290 0.430611 0.049080 0.120597
5 0.522186 0.359152 0.056872 0.055805