3 0.556445 0.532227 0.103516 0.080078
2 0.495117 0.819922 0.115234 0.121094
4 0.365625 0.850000 0.140625 0.156250
4 0.365625 0.765039 0.046875 0.048828
5 0.326758 0.725000 0.103516 0.078125
5 0.323633 0.609180 0.087891 0.115234
5 0.400781 0.572656 0.117188 0.117188
5 0.317773 0.485938 0.107422 0.109375
2 0.350195 0.660547 0.103516 0.089844
2 0.508594 0.661523 0.101562 0.107422
0 0.549609 0.618555 0.121094 0.115234
5 0.607227 0.149805 0.111328 0.099609
3 0.529102 0.275391 0.095703 0.050781
3 0.542773 0.209961 0.138672 0.138672