5 0.946810 0.412272 0.106120 0.121419
5 0.946094 0.560791 0.101562 0.105958
5 0.871159 0.530550 0.104817 0.054850
5 0.504037 0.387093 0.092448 0.092936
5 0.438607 0.441976 0.117839 0.102702
5 0.438281 0.441813 0.117188 0.102377
5 0.496159 0.502393 0.104817 0.107911
5 0.496159 0.502393 0.104817 0.107911
5 0.464193 0.586198 0.115886 0.106770
5 0.057291 0.599805 0.114583 0.099609
5 0.047852 0.547087 0.095703 0.100423
5 0.041830 0.428906 0.083659 0.117188
5 0.098698 0.341423 0.106770 0.114095
5 0.071859 0.413102 0.049967 0.057455