5 0.887693 0.585169 0.081636 0.089088
5 0.943252 0.521273 0.086505 0.086297
5 0.886056 0.509471 0.065863 0.059567
5 0.898643 0.444536 0.094161 0.089072
5 0.875155 0.414270 0.069061 0.056664
5 0.807129 0.411243 0.067383 0.038111
5 0.809486 0.456240 0.081472 0.084355
5 0.755481 0.457427 0.064087 0.077353
5 0.814041 0.536878 0.090583 0.080006
5 0.781140 0.574852 0.068530 0.062205
5 0.814304 0.615310 0.078608 0.077495
5 0.479659 0.433689 0.081194 0.092378
5 0.509322 0.509539 0.084269 0.084703
5 0.557865 0.588782 0.081355 0.074439
5 0.478578 0.592491 0.088406 0.081858
5 0.496195 0.652423 0.076766 0.076722
5 0.415155 0.613852 0.074061 0.071455
5 0.418356 0.539566 0.092963 0.082256
5 0.386808 0.496820 0.064241 0.059266
5 0.237012 0.520836 0.052150 0.079172
5 0.192520 0.629210 0.088166 0.089670
5 0.138636 0.695395 0.080397 0.106414
5 0.235802 0.624003 0.024728 0.054256
5 0.113441 0.611528 0.073758 0.069931
5 0.172109 0.550816 0.091092 0.095381
5 0.183716 0.503135 0.073681 0.050020
5 0.062313 0.627509 0.087127 0.086267
5 0.093127 0.540992 0.083128 0.088234
5 0.104545 0.496063 0.084089 0.048375
5 0.141866 0.493559 0.033731 0.030869