5 0.092676 0.125309 0.079102 0.097494
5 0.084538 0.377425 0.140950 0.148600
5 0.131901 0.225798 0.173177 0.129720
5 0.185352 0.291260 0.064453 0.051270
5 0.034017 0.129085 0.068034 0.176920
5 0.351953 0.545784 0.160156 0.144694
5 0.434603 0.569873 0.066081 0.067872
5 0.585873 0.563591 0.137370 0.089681
5 0.585352 0.471501 0.158203 0.133627
5 0.614779 0.408480 0.160808 0.107584
5 0.535189 0.335466 0.126628 0.136556
5 0.968424 0.679459 0.061848 0.105794
5 0.975651 0.575455 0.048177 0.100911
5 0.943978 0.511800 0.112956 0.117350