5 0.874059 0.424907 0.123119 0.118564
5 0.875309 0.317522 0.103742 0.113169
5 0.788670 0.320890 0.080466 0.098030
5 0.770458 0.400377 0.119041 0.103880
5 0.745043 0.521546 0.127586 0.061842
5 0.578323 0.356419 0.103520 0.144087
5 0.641641 0.359168 0.039531 0.083961
5 0.496430 0.332386 0.083486 0.102272
5 0.540585 0.441983 0.137420 0.137091
5 0.451105 0.447047 0.086586 0.090969
5 0.517510 0.595222 0.110020 0.124819
5 0.203583 0.450292 0.113416 0.106834
5 0.050709 0.635347 0.054544 0.130069
5 0.082395 0.374546 0.127289 0.145967
5 0.132848 0.335711 0.100072 0.137047
5 0.958013 0.388305 0.084777 0.057859
5 0.989855 0.468483 0.020336 0.080716