5 0.624682 0.078996 0.074364 0.101742
5 0.521046 0.117856 0.098342 0.113837
5 0.681635 0.149755 0.069520 0.077636
5 0.612313 0.166920 0.099625 0.090091
5 0.512122 0.216949 0.096119 0.099523
5 0.632519 0.245138 0.077538 0.087152
5 0.433280 0.414429 0.125936 0.113233
5 0.476123 0.486109 0.086620 0.087842
5 0.451152 0.556191 0.124180 0.118631
5 0.580605 0.490894 0.123711 0.100537
5 0.661463 0.526847 0.076052 0.088069
5 0.591170 0.570308 0.082339 0.068741
5 0.410743 0.818604 0.130861 0.130958
5 0.320294 0.819203 0.096837 0.113406
5 0.373029 0.924584 0.108558 0.105419
5 0.595430 0.826378 0.140861 0.121506
5 0.509116 0.896187 0.118231 0.123625
5 0.500687 0.959469 0.116998 0.081437