5 0.048828 0.236540 0.097656 0.088705
5 0.165463 0.321029 0.109050 0.113933
5 0.268783 0.335759 0.103191 0.112142
5 0.349381 0.366292 0.086262 0.076334
5 0.294205 0.490787 0.085286 0.094075
5 0.408789 0.440348 0.111328 0.115072
5 0.541504 0.401384 0.114258 0.127767
5 0.617513 0.421598 0.094402 0.099447
5 0.573568 0.491227 0.100261 0.073080
5 0.463607 0.501041 0.117839 0.114583
5 0.517416 0.577393 0.097331 0.123536
5 0.605371 0.577393 0.135742 0.123536
5 0.675619 0.524626 0.069988 0.055502
5 0.730697 0.561816 0.120769 0.114258
5 0.796549 0.487777 0.108723 0.056803
5 0.821224 0.556885 0.108073 0.113770
5 0.656217 0.678760 0.099934 0.113770
5 0.707877 0.729427 0.112630 0.127605
5 0.785156 0.677425 0.132812 0.132975