5 0.058151 0.735410 0.100677 0.155195
5 0.055143 0.835227 0.091536 0.120455
5 0.141392 0.821965 0.114034 0.150180
5 0.072948 0.550612 0.133395 0.132473
5 0.068420 0.488697 0.124339 0.071144
5 0.492385 0.620572 0.128520 0.103644
5 0.525385 0.548853 0.138270 0.119581
5 0.645902 0.598289 0.123055 0.134078
5 0.476366 0.349948 0.124606 0.146770
5 0.939830 0.350907 0.120286 0.129939
5 0.909499 0.451173 0.137748 0.127345
0 0.818582 0.347127 0.127789 0.088005
0 0.627612 0.417660 0.145848 0.135320
0 0.420720 0.458768 0.141439 0.123786
5 0.969077 0.247562 0.063155 0.120123