5 0.907748 0.583666 0.115497 0.101706
5 0.814514 0.568293 0.119653 0.095961
5 0.804412 0.478457 0.096323 0.091289
5 0.732263 0.463313 0.080152 0.061002
5 0.727760 0.527114 0.080520 0.091728
5 0.843037 0.642534 0.076698 0.053817
5 0.758737 0.656248 0.111225 0.115620
5 0.641793 0.512350 0.105461 0.084075
5 0.549737 0.699632 0.093223 0.105514
5 0.474616 0.652763 0.114856 0.114902
5 0.498548 0.525999 0.115847 0.111373
5 0.531107 0.437692 0.096589 0.122259
5 0.433891 0.489559 0.105283 0.113494
5 0.243909 0.488748 0.106569 0.124372
5 0.128948 0.523041 0.145397 0.127333
5 0.233898 0.652562 0.120920 0.126998
5 0.116907 0.649252 0.127564 0.126628
5 0.468250 0.180575 0.186500 0.167400
5 0.622838 0.271093 0.189427 0.207811
5 0.798404 0.384952 0.068683 0.073030
5 0.766891 0.308081 0.074408 0.078662
5 0.732045 0.348966 0.073466 0.057306