0 0.704516 0.666413 0.090283 0.120325
0 0.729980 0.602087 0.091211 0.082298
0 0.812793 0.484331 0.153711 0.093663
0 0.721326 0.437230 0.120777 0.115086
0 0.522180 0.573363 0.091234 0.109227
0 0.450134 0.443236 0.097144 0.070847
0 0.461120 0.404948 0.097241 0.059897
0 0.411316 0.337864 0.103881 0.106978
0 0.311560 0.350234 0.091870 0.100469
0 0.255578 0.481756 0.120531 0.104137
0 0.127283 0.744990 0.076441 0.055605
0 0.086938 0.692066 0.070752 0.084133
0 0.204834 0.796127 0.084667 0.079753
0 0.293494 0.224980 0.074487 0.059334
0 0.734815 0.309994 0.038380 0.054363
0 0.565771 0.382887 0.037792 0.031398
0 0.576086 0.336491 0.039672 0.035481
5 0.468238 0.520795 0.077100 0.044716
5 0.416443 0.576119 0.098511 0.077238
5 0.388611 0.524675 0.114722 0.108725
5 0.293225 0.569437 0.098950 0.129498
5 0.190027 0.472520 0.073803 0.107541
5 0.253479 0.367214 0.069458 0.068803
5 0.220556 0.293993 0.087987 0.112986
5 0.231030 0.204472 0.058936 0.065194
5 0.141333 0.294573 0.073291 0.076645
5 0.157324 0.351905 0.099023 0.088186
5 0.135462 0.433337 0.045923 0.082298
5 0.088208 0.454531 0.076416 0.080937
5 0.313543 0.959577 0.089586 0.081655
5 0.222241 0.756748 0.072608 0.060370
5 0.169116 0.868487 0.072608 0.086973
5 0.145056 0.769605 0.058862 0.070461
5 0.035509 0.782955 0.071017 0.075284
5 0.233569 0.963514 0.089013 0.073903
5 0.146240 0.977465 0.089355 0.045555
5 0.143201 0.100788 0.095777 0.089075