5 0.137119 0.495001 0.111738 0.111877
5 0.192408 0.462645 0.072316 0.090914
5 0.209108 0.433934 0.080716 0.086617
5 0.188780 0.538414 0.052559 0.039328
5 0.216634 0.556083 0.045769 0.043416
5 0.262412 0.483706 0.090448 0.033037
5 0.275470 0.539725 0.094689 0.038825
5 0.397745 0.378816 0.111114 0.104506
5 0.493020 0.345768 0.098541 0.116536
5 0.524245 0.440919 0.120364 0.116213
5 0.469377 0.502481 0.041880 0.042463
5 0.536293 0.591998 0.116336 0.115247
5 0.572922 0.405347 0.080219 0.066944
5 0.544075 0.497772 0.044400 0.029919