5 0.107935 0.555276 0.112745 0.088677
5 0.107935 0.555276 0.112745 0.088677
5 0.110029 0.453478 0.113808 0.110081
5 0.187163 0.434354 0.064952 0.087458
5 0.187163 0.434354 0.064952 0.087458
5 0.227609 0.461402 0.086467 0.085305
5 0.491476 0.539414 0.120452 0.110078
5 0.626616 0.504770 0.100106 0.106414
5 0.626616 0.504770 0.100106 0.106414
5 0.565077 0.514360 0.048905 0.078720
5 0.942543 0.660313 0.116336 0.114375
5 0.942543 0.660313 0.116336 0.114375
5 0.478705 0.621852 0.094911 0.034328
5 0.955959 0.571377 0.086919 0.114630
5 0.905954 0.569134 0.030658 0.072642