5 0.422494 0.284652 0.116863 0.134928
5 0.337305 0.324919 0.099609 0.109213
5 0.343620 0.432048 0.071614 0.098470
5 0.404916 0.410368 0.112956 0.123861
5 0.508529 0.370296 0.113933 0.112467
5 0.604720 0.353988 0.103191 0.086100
5 0.601888 0.315577 0.110027 0.056153
5 0.566699 0.450635 0.108398 0.113770
5 0.441764 0.478077 0.096028 0.103028
5 0.599609 0.628923 0.089844 0.114095
5 0.561295 0.663591 0.103841 0.120931
5 0.672689 0.713688 0.126628 0.102377
5 0.661784 0.820459 0.104817 0.128419
5 0.560547 0.829541 0.136719 0.152831
5 0.511556 0.858903 0.054363 0.089681
5 0.199805 0.635530 0.083984 0.077311
5 0.194108 0.546370 0.072591 0.080241
5 0.121582 0.594987 0.086914 0.077473