5 0.469110 0.585823 0.113220 0.093520
5 0.478686 0.552162 0.085497 0.076198
5 0.463595 0.442847 0.095939 0.085694
5 0.526157 0.375899 0.105439 0.114298
5 0.458066 0.391502 0.047383 0.029878
5 0.622099 0.429277 0.112948 0.092928
5 0.591612 0.530858 0.120723 0.105466
5 0.590032 0.622937 0.111314 0.102123
5 0.747416 0.540207 0.110458 0.086664
5 0.861920 0.510698 0.089464 0.087020
5 0.776164 0.465131 0.102328 0.102137
5 0.725503 0.416722 0.107256 0.089694
5 0.763184 0.373798 0.063869 0.081970
5 0.833825 0.369187 0.105150 0.110248
5 0.574624 0.163444 0.071123 0.070637
5 0.296859 0.112180 0.074969 0.068111
5 0.829581 0.212363 0.062287 0.068477
5 0.643309 0.120155 0.052244 0.068436