5 0.415332 0.552360 0.118164 0.098470
5 0.054525 0.682210 0.109050 0.130045
5 0.027181 0.590772 0.054363 0.112794
5 0.052409 0.483870 0.104817 0.127116
5 0.050455 0.402262 0.100911 0.070150
5 0.142611 0.474952 0.107097 0.103028
5 0.517057 0.618441 0.118489 0.136881
5 0.120410 0.584945 0.137695 0.110514
5 0.484635 0.483984 0.091145 0.089844
5 0.593978 0.528663 0.128581 0.116700
5 0.435873 0.448259 0.043620 0.065267
5 0.467480 0.398942 0.069336 0.091634
5 0.509505 0.357959 0.037761 0.019044
5 0.541602 0.406217 0.111328 0.115559
5 0.584115 0.422868 0.096355 0.108236
5 0.588184 0.615739 0.041992 0.072103
5 0.738216 0.403174 0.113933 0.100098
5 0.819205 0.378011 0.069661 0.084147
5 0.890658 0.364877 0.103191 0.111003
5 0.952799 0.397184 0.093098 0.081869
5 0.942480 0.485108 0.116211 0.126466
5 0.925065 0.582031 0.097005 0.085938