5 0.196322 0.286345 0.105144 0.110189
5 0.319303 0.234684 0.097981 0.113119
5 0.279297 0.292562 0.121094 0.116373
5 0.259147 0.412174 0.121419 0.124348
5 0.407617 0.251791 0.099609 0.112956
5 0.353971 0.299919 0.026692 0.031088
5 0.396354 0.328792 0.052083 0.045084
5 0.455420 0.549398 0.048341 0.067545
5 0.509994 0.564698 0.132488 0.113770
5 0.506869 0.663151 0.116863 0.110677
5 0.541927 0.455209 0.065105 0.104167
5 0.610742 0.463427 0.115234 0.136230
5 0.657129 0.498845 0.083008 0.110189
5 0.668066 0.540739 0.083008 0.072103
5 0.905599 0.692302 0.108073 0.087728
5 0.914193 0.766520 0.131511 0.126791
5 0.792936 0.705371 0.107747 0.104492
5 0.755241 0.784066 0.113606 0.090006
5 0.776237 0.881788 0.139973 0.116700