5 0.098968 0.496473 0.113561 0.111697
5 0.156849 0.465873 0.069948 0.091122
5 0.175193 0.437259 0.078511 0.087019
5 0.146916 0.539894 0.053208 0.039163
5 0.174186 0.559270 0.045247 0.043539
5 0.225516 0.486347 0.091656 0.032069
5 0.235270 0.544036 0.095541 0.038072
5 0.369005 0.385288 0.109886 0.104952
5 0.465359 0.353337 0.099469 0.116050
5 0.490534 0.450048 0.121692 0.115720
5 0.429913 0.508759 0.041077 0.042517
5 0.491508 0.601599 0.114266 0.115698
5 0.541805 0.414892 0.077359 0.067284
5 0.506884 0.506956 0.045017 0.029538