5 0.050331 0.542920 0.088163 0.095216
5 0.046882 0.625960 0.084389 0.067545
5 0.162695 0.584912 0.109766 0.101075
5 0.144081 0.654378 0.088163 0.074381
5 0.222981 0.650049 0.077212 0.100098
5 0.283114 0.592904 0.103728 0.098308
5 0.229277 0.461214 0.099178 0.103678
5 0.299506 0.460954 0.077137 0.090658
5 0.391653 0.444905 0.130181 0.124186
5 0.502392 0.348356 0.104784 0.140462
5 0.507884 0.516390 0.131394 0.120280
5 0.563262 0.380909 0.107773 0.080567
5 0.603659 0.394222 0.063567 0.019694
5 0.612688 0.468864 0.134750 0.056478
5 0.766485 0.280355 0.154845 0.154459
5 0.878436 0.198323 0.134997 0.162272
5 0.935587 0.240218 0.124300 0.155436
5 0.904810 0.384147 0.162745 0.168294
5 0.886522 0.547933 0.148044 0.158366
5 0.951539 0.442920 0.087453 0.157714
5 0.129379 0.056950 0.124383 0.101400