5 0.982877 0.446631 0.034505 0.108887
5 0.953288 0.622477 0.094075 0.104330
5 0.979557 0.705583 0.040364 0.079916
5 0.914355 0.471273 0.116211 0.114420
5 0.824967 0.435987 0.115559 0.131348
5 0.835580 0.557520 0.114909 0.118164
5 0.722559 0.486605 0.120117 0.107584
5 0.429590 0.443636 0.081055 0.099772
5 0.740951 0.652458 0.094402 0.048666
5 0.740723 0.616358 0.090820 0.079591
5 0.508594 0.461768 0.085938 0.076661
5 0.470931 0.513981 0.116863 0.124838
5 0.519596 0.632341 0.120442 0.120931
5 0.477604 0.697689 0.098958 0.095378
5 0.397266 0.616651 0.128906 0.117677
5 0.190853 0.410287 0.112956 0.123698
5 0.162272 0.460335 0.105794 0.098795
5 0.076498 0.444385 0.090495 0.051270
5 0.061556 0.500049 0.116863 0.100098
5 0.116895 0.576905 0.118164 0.106934
5 0.142383 0.659587 0.119141 0.116048
5 0.076823 0.652848 0.044270 0.083822
5 0.691016 0.584359 0.050781 0.018717
5 0.668197 0.515413 0.042644 0.024577