5 0.129037 0.667009 0.139323 0.112142
5 0.184408 0.766716 0.118816 0.105306
5 0.228776 0.699284 0.110677 0.120442
5 0.165560 0.551612 0.121745 0.131348
5 0.237012 0.558822 0.045898 0.089519
5 0.494205 0.565284 0.116536 0.127442
5 0.490006 0.442383 0.117512 0.119141
5 0.430502 0.448779 0.095378 0.106933
5 0.511230 0.396827 0.053711 0.040528
5 0.903744 0.153630 0.101238 0.107259
5 0.955697 0.162874 0.089519 0.116373
5 0.958854 0.303060 0.083333 0.137370
5 0.901693 0.235270 0.069011 0.048666
5 0.908463 0.289177 0.079427 0.072103
5 0.017252 0.737028 0.034505 0.120931