5 0.822819 0.878776 0.133137 0.173177
5 0.746745 0.795687 0.165364 0.210123
5 0.841309 0.565885 0.198242 0.200520
5 0.602116 0.587647 0.144856 0.144044
5 0.612467 0.458627 0.115559 0.111003
5 0.582584 0.400440 0.137044 0.166505
5 0.510612 0.381234 0.077473 0.143717
5 0.415951 0.356836 0.141277 0.169922
5 0.360156 0.415120 0.132812 0.142741
5 0.396549 0.520427 0.093098 0.072103
5 0.341569 0.704248 0.101887 0.114747
5 0.308398 0.612191 0.091797 0.090006
5 0.251270 0.687549 0.102539 0.115723
5 0.147330 0.731852 0.100911 0.104330
5 0.206771 0.760954 0.119792 0.121908
5 0.297461 0.811052 0.107422 0.118978
5 0.393522 0.866065 0.137044 0.119630
5 0.183952 0.886768 0.127278 0.123536
5 0.741080 0.536963 0.147786 0.195802