5 0.156045 0.024986 0.062089 0.049972
5 0.104660 0.021720 0.049945 0.043441
5 0.115669 0.067390 0.062587 0.053530
5 0.103450 0.119695 0.053775 0.061266
5 0.169666 0.078191 0.067456 0.056383
5 0.271121 0.092418 0.085992 0.062961
5 0.187525 0.147038 0.071925 0.081577
5 0.150838 0.135359 0.042302 0.064469
5 0.224294 0.205759 0.070462 0.099019
5 0.338038 0.145879 0.079202 0.076133
5 0.334615 0.195878 0.078605 0.085506
5 0.280338 0.193696 0.045050 0.059267
5 0.423384 0.182882 0.078019 0.081389
5 0.473666 0.189187 0.034831 0.043998
5 0.454664 0.235882 0.093703 0.068639
5 0.436993 0.291654 0.073986 0.080183
5 0.347485 0.265503 0.066845 0.059131
5 0.305947 0.307446 0.080644 0.064892
5 0.375097 0.341889 0.075194 0.096278
5 0.316091 0.353816 0.054058 0.054506
5 0.564034 0.363204 0.078069 0.092033
5 0.484248 0.406802 0.087245 0.076103
5 0.437487 0.477459 0.093723 0.089292
5 0.524720 0.529373 0.077566 0.108747
5 0.569055 0.450534 0.094359 0.082319
5 0.275806 0.415095 0.045363 0.045816
5 0.211594 0.409502 0.054438 0.040880
5 0.333203 0.535941 0.063281 0.043756
5 0.257624 0.559288 0.065248 0.059200
5 0.198530 0.564482 0.062684 0.060214
5 0.232723 0.609892 0.049822 0.057284
5 0.217437 0.667641 0.072373 0.060281
5 0.325584 0.668396 0.066794 0.055542
5 0.294305 0.716141 0.057359 0.069783
5 0.252168 0.695826 0.054336 0.057277
5 0.227787 0.745261 0.058698 0.068647
5 0.208741 0.952466 0.070608 0.070556
5 0.239229 0.963934 0.065958 0.062244
5 0.324251 0.961998 0.070377 0.064620
5 0.361477 0.935281 0.076078 0.070563
5 0.633200 0.461562 0.072650 0.082500
5 0.727620 0.591220 0.086491 0.098064
5 0.801728 0.648815 0.112831 0.088255
5 0.802187 0.725358 0.070000 0.072591
5 0.748160 0.730890 0.086945 0.108655
5 0.676446 0.650871 0.074767 0.067367
5 0.650184 0.731876 0.094117 0.085627
5 0.595160 0.752159 0.077820 0.088694
5 0.606420 0.503256 0.050341 0.028387
5 0.978286 0.962853 0.044072 0.028831
5 0.237497 0.448820 0.049994 0.050766
5 0.200552 0.371340 0.054230 0.039555