5 0.076053 0.428311 0.127106 0.165997
5 0.045423 0.523928 0.075222 0.141606
5 0.061678 0.691899 0.101481 0.133798
5 0.173660 0.434241 0.078570 0.099731
5 0.306264 0.474581 0.115653 0.111662
5 0.329725 0.605989 0.146950 0.074478
5 0.400359 0.500426 0.147592 0.132102
5 0.430441 0.388005 0.104633 0.135386
5 0.357464 0.386145 0.068053 0.097291
5 0.598680 0.371466 0.103611 0.108558
5 0.579235 0.462770 0.095970 0.063041
5 0.666803 0.443601 0.130481 0.121577
5 0.634691 0.546666 0.131883 0.115206
5 0.636055 0.620113 0.125236 0.105852
5 0.715891 0.372696 0.131783 0.145392
5 0.747096 0.588708 0.081692 0.086791
5 0.899104 0.596895 0.041958 0.096916
5 0.861127 0.586405 0.066005 0.113436