5 0.074414 0.391292 0.142578 0.107584
5 0.093652 0.491553 0.143555 0.104981
5 0.179883 0.343311 0.134766 0.130372
5 0.195996 0.281592 0.104492 0.106934
5 0.302474 0.396403 0.123698 0.074056
5 0.197787 0.446436 0.092448 0.083497
5 0.189713 0.553304 0.110677 0.122233
5 0.265625 0.484847 0.093750 0.082194
5 0.346810 0.581104 0.121745 0.105958
5 0.356641 0.481412 0.097656 0.094075
5 0.415299 0.587793 0.077473 0.100586
5 0.494531 0.584489 0.101562 0.118978
5 0.577930 0.532764 0.099609 0.087403
5 0.524219 0.497217 0.117188 0.106934
5 0.492709 0.414909 0.119792 0.104817
5 0.566732 0.392237 0.086589 0.084473
5 0.521127 0.350993 0.079753 0.030111
5 0.429850 0.339209 0.109700 0.128417