5 0.424735 0.804082 0.146345 0.195664
5 0.616652 0.491175 0.055178 0.132350
5 0.530666 0.485311 0.092583 0.148747
5 0.446959 0.414462 0.156419 0.135175
5 0.558619 0.357905 0.029738 0.106436
5 0.629800 0.361816 0.087725 0.158008
5 0.259370 0.615480 0.134364 0.096584
5 0.178245 0.104149 0.090864 0.123923
5 0.314714 0.428570 0.098178 0.097764
5 0.304445 0.537626 0.080766 0.078377
5 0.524552 0.757463 0.064728 0.089925
5 0.655702 0.428477 0.070780 0.097578
5 0.301780 0.348188 0.106686 0.077627
5 0.318223 0.273377 0.111447 0.096755
5 0.378962 0.229326 0.086050 0.096152
5 0.453452 0.223919 0.069405 0.085337
5 0.142356 0.357760 0.094088 0.078020