5 0.096256 0.311442 0.086262 0.076009
5 0.078060 0.361247 0.106120 0.113119
5 0.161100 0.407389 0.109700 0.096028
5 0.095475 0.466976 0.109700 0.102702
5 0.122656 0.599040 0.101562 0.119955
5 0.439453 0.499316 0.097656 0.098633
5 0.496549 0.398747 0.077473 0.081869
5 0.530924 0.427523 0.108723 0.098795
5 0.543522 0.519320 0.121419 0.094889
5 0.455534 0.609034 0.089192 0.127442
5 0.659277 0.419287 0.096680 0.101073
5 0.714225 0.494498 0.078450 0.076497
5 0.749284 0.413916 0.089192 0.105956
5 0.806966 0.401677 0.067058 0.103353
5 0.814909 0.495850 0.120442 0.101075
5 0.746810 0.575700 0.090495 0.101400
5 0.865137 0.556429 0.124023 0.090983
5 0.852409 0.456983 0.057942 0.048341