5 0.081677 0.226225 0.122728 0.152450
5 0.114151 0.330007 0.128302 0.116264
5 0.165223 0.286781 0.046070 0.067312
5 0.074823 0.563933 0.071522 0.168491
5 0.187859 0.488185 0.100719 0.116995
5 0.425197 0.462084 0.162894 0.133544
5 0.446558 0.346685 0.080616 0.071495
5 0.478150 0.249520 0.128175 0.164664
5 0.605866 0.423776 0.136733 0.135052
5 0.916401 0.543584 0.129677 0.130919
5 0.896526 0.442332 0.118052 0.097164
5 0.866127 0.362946 0.132255 0.088392
5 0.874905 0.305295 0.127936 0.126216
5 0.968211 0.323670 0.064547 0.116091
5 0.560879 0.343249 0.059258 0.055248