5 0.490127 0.500380 0.145880 0.147634
5 0.546394 0.649853 0.133412 0.180956
5 0.629591 0.532783 0.146683 0.128066
5 0.556109 0.395006 0.143467 0.146263
5 0.417884 0.355080 0.142017 0.147659
5 0.504666 0.305725 0.118706 0.111450
5 0.650869 0.467518 0.045488 0.022536
5 0.646948 0.400587 0.056395 0.057425
5 0.646860 0.836428 0.103095 0.122856
5 0.744314 0.883664 0.119878 0.120453
5 0.644079 0.953570 0.110033 0.091514
5 0.742727 0.973339 0.085453 0.052928
5 0.297743 0.959341 0.086111 0.081183
5 0.751564 0.816235 0.081253 0.038720