5 0.806127 0.924361 0.127880 0.111222
5 0.690059 0.875276 0.126992 0.125552
5 0.815260 0.816018 0.111770 0.122661
5 0.521839 0.599766 0.090553 0.093281
5 0.658662 0.534443 0.120450 0.093886
5 0.422123 0.537836 0.125497 0.122547
5 0.539866 0.475820 0.114108 0.120389
5 0.618694 0.462649 0.074887 0.115923
5 0.509766 0.309351 0.085156 0.103077
5 0.252592 0.193345 0.117684 0.108564
5 0.218492 0.304889 0.102609 0.112903
5 0.357345 0.219524 0.089689 0.089048
5 0.336452 0.154667 0.076030 0.087459
5 0.442469 0.400256 0.075563 0.091138
5 0.706043 0.486229 0.093336 0.078708