5 0.096902 0.669930 0.140680 0.111736
5 0.148841 0.769884 0.119558 0.105394
5 0.196563 0.703948 0.111875 0.120397
5 0.140317 0.553286 0.121259 0.131572
5 0.211087 0.562074 0.044048 0.089773
5 0.467377 0.574265 0.119130 0.126655
5 0.469402 0.450359 0.116930 0.119469
5 0.408832 0.457051 0.092664 0.107852
5 0.491631 0.406481 0.052012 0.041087
5 0.897030 0.169091 0.103436 0.106933
5 0.949400 0.179919 0.092550 0.116088
5 0.944902 0.320034 0.086680 0.136944
5 0.890027 0.250416 0.070678 0.047708
5 0.895421 0.304530 0.081467 0.071561