5 0.091211 0.113786 0.107422 0.115072
5 0.144727 0.117627 0.048828 0.057130
5 0.042318 0.183431 0.084636 0.116863
5 0.152539 0.195101 0.126953 0.102702
5 0.089941 0.267871 0.114258 0.104492
5 0.035156 0.314534 0.070312 0.097819
5 0.475684 0.318180 0.088867 0.076986
5 0.555664 0.372884 0.080078 0.089519
5 0.487955 0.370622 0.100911 0.113119
5 0.506934 0.467595 0.104492 0.094564
5 0.564584 0.454899 0.072917 0.084798
5 0.527572 0.529899 0.089519 0.084798
5 0.417936 0.438753 0.092122 0.074381
5 0.367090 0.460726 0.081055 0.071452
5 0.411393 0.549040 0.085286 0.104330
5 0.341439 0.492090 0.032878 0.034180
5 0.363834 0.539567 0.074544 0.091634
5 0.741178 0.570394 0.082356 0.093912
5 0.473991 0.589437 0.082356 0.069498
5 0.820377 0.577881 0.097005 0.093262
5 0.741178 0.570475 0.082356 0.094075
5 0.850391 0.534277 0.066406 0.049805
5 0.913346 0.574056 0.104817 0.085613
5 0.914779 0.655127 0.113933 0.088380
5 0.812826 0.657112 0.094402 0.101725
5 0.702539 0.661800 0.080078 0.070475
5 0.742318 0.721842 0.069011 0.068684
5 0.824023 0.718588 0.091797 0.062175
5 0.880045 0.753467 0.103841 0.106934
5 0.928190 0.838916 0.097005 0.090333
5 0.844076 0.872445 0.078777 0.094889
5 0.804720 0.812321 0.103191 0.112142
5 0.716113 0.764925 0.094727 0.086100
0 0.472559 0.574967 0.041992 0.053059