5 0.677663 0.233137 0.083450 0.069400
5 0.586872 0.679976 0.123744 0.138077
5 0.533131 0.497380 0.122512 0.129134
5 0.533131 0.497380 0.122512 0.129134
5 0.533131 0.497380 0.122512 0.129134
5 0.229948 0.329042 0.144272 0.154959
5 0.122242 0.322385 0.128859 0.144770
5 0.122242 0.322385 0.128859 0.144770
5 0.103834 0.497661 0.148292 0.114072
5 0.103834 0.497661 0.148292 0.114072
5 0.195295 0.656942 0.087464 0.101384
5 0.446238 0.782586 0.095602 0.093297
5 0.385573 0.883059 0.105522 0.087994
5 0.385573 0.883059 0.105522 0.087994