5 0.441016 0.616113 0.113281 0.094727
5 0.452670 0.582991 0.086589 0.075358
5 0.441439 0.473226 0.095378 0.087077
5 0.505534 0.411409 0.104817 0.113444
5 0.437662 0.423030 0.047200 0.030436
5 0.600228 0.471143 0.112956 0.092286
5 0.564746 0.570427 0.120117 0.103353
5 0.559701 0.661866 0.110027 0.104981
5 0.720801 0.588851 0.110352 0.087077
5 0.835547 0.568538 0.089844 0.087077
5 0.752344 0.518376 0.101562 0.102377
5 0.704948 0.464991 0.106770 0.089356
5 0.743652 0.427034 0.065430 0.082194
5 0.815234 0.426237 0.105469 0.108723
5 0.564844 0.204313 0.070312 0.071127
5 0.290397 0.133773 0.074544 0.067545
5 0.817513 0.269548 0.063152 0.067220
5 0.635254 0.165348 0.051758 0.068197