5 0.044110 0.394975 0.085095 0.164950
5 0.096129 0.500127 0.129758 0.112753
5 0.174798 0.486902 0.087095 0.101928
5 0.192734 0.636969 0.129219 0.111437
5 0.083268 0.685887 0.110286 0.153025
5 0.356018 0.739655 0.124536 0.173061
5 0.357567 0.491702 0.133884 0.170905
5 0.435663 0.641883 0.165075 0.133766
5 0.440880 0.436779 0.106761 0.136058
5 0.463578 0.517037 0.114656 0.096573
5 0.525973 0.665282 0.083197 0.099314
5 0.711691 0.525417 0.064008 0.078959
5 0.709700 0.444285 0.106900 0.144820
5 0.822178 0.434272 0.159981 0.199794
5 0.887005 0.373220 0.120886 0.171439
5 0.909870 0.565527 0.179116 0.159180
5 0.876238 0.751776 0.161850 0.212927
5 0.934615 0.445912 0.084855 0.076198
5 0.967530 0.497824 0.066311 0.042523
5 0.918523 0.661274 0.065172 0.041298