5 0.090209 0.482516 0.142919 0.118158
5 0.090209 0.482516 0.142919 0.118158
5 0.154017 0.408259 0.142409 0.141519
5 0.154017 0.408259 0.142409 0.141519
5 0.400912 0.563488 0.148698 0.114477
5 0.400912 0.563488 0.148698 0.114477
5 0.465791 0.461468 0.131583 0.113561
5 0.465791 0.461468 0.131583 0.113561
5 0.536753 0.365623 0.111006 0.134370
5 0.646744 0.410156 0.134112 0.117188
5 0.646744 0.410156 0.134112 0.117188
5 0.964419 0.614783 0.072587 0.104566
5 0.964419 0.614783 0.072587 0.104566
5 0.907260 0.488473 0.123895 0.126947
5 0.958378 0.455544 0.082381 0.104838
5 0.958378 0.455544 0.082381 0.104838
5 0.538613 0.627350 0.117852 0.142200