5 0.280513 0.082918 0.126652 0.115836
5 0.343183 0.052729 0.092616 0.055458
5 0.431217 0.075634 0.103059 0.088767
5 0.520885 0.111552 0.126145 0.113730
5 0.442166 0.170332 0.103083 0.106289
5 0.346457 0.151999 0.086664 0.091498
5 0.288739 0.198750 0.118103 0.113125
5 0.348757 0.261215 0.097514 0.125555
5 0.472483 0.242248 0.073091 0.096995
5 0.537677 0.219179 0.069103 0.097733
5 0.555272 0.356959 0.088669 0.063919
5 0.498302 0.421902 0.118480 0.137553
5 0.591309 0.423660 0.095117 0.112945
5 0.659448 0.500017 0.137645 0.103159
5 0.627665 0.586970 0.095955 0.123941
5 0.572393 0.594317 0.104161 0.132384
5 0.468750 0.545538 0.128125 0.116075
5 0.448326 0.642523 0.096652 0.113172