5 0.122068 0.337657 0.119136 0.100314
5 0.134291 0.236094 0.127958 0.100312
5 0.239665 0.233845 0.085580 0.086441
5 0.285831 0.302548 0.118538 0.117597
5 0.207275 0.367016 0.092675 0.087156
5 0.315773 0.443856 0.109672 0.112712
5 0.207455 0.451690 0.105534 0.097130
5 0.419167 0.515572 0.128959 0.128019
5 0.536068 0.457045 0.128386 0.129714
5 0.534998 0.572165 0.116870 0.122455
5 0.641909 0.383702 0.121317 0.126778
5 0.598926 0.294411 0.132227 0.123197
5 0.942364 0.398720 0.115978 0.147441
5 0.955141 0.498783 0.088408 0.163191
5 0.983498 0.615908 0.032622 0.081816
5 0.831681 0.477429 0.150863 0.154858
5 0.905873 0.621141 0.139872 0.164156
5 0.775460 0.686330 0.132170 0.119534
5 0.865598 0.765066 0.124947 0.155131
5 0.934407 0.718030 0.131314 0.129809
5 0.806166 0.588766 0.052958 0.052531
5 0.365656 0.412057 0.050062 0.033489