5 0.380571 0.566573 0.117392 0.098772
5 0.032157 0.683381 0.064314 0.129263
5 0.037217 0.485311 0.074434 0.126872
5 0.036843 0.404108 0.073686 0.070716
5 0.113999 0.477959 0.106123 0.102794
5 0.476328 0.635722 0.118281 0.137069
5 0.082126 0.588323 0.136127 0.111020
5 0.454032 0.501139 0.092439 0.089778
5 0.559071 0.549409 0.127517 0.117569
5 0.406560 0.462136 0.044370 0.064897
5 0.443638 0.415780 0.071652 0.090934
5 0.486308 0.376422 0.038241 0.018469
5 0.515634 0.425099 0.112517 0.115823
5 0.556628 0.442455 0.100756 0.106786
5 0.549246 0.634645 0.042242 0.072416
5 0.713685 0.429762 0.114870 0.100148
5 0.794506 0.406429 0.067138 0.084733
5 0.866319 0.395888 0.104513 0.110527
5 0.928531 0.430192 0.097688 0.079134
5 0.911838 0.519580 0.120550 0.126659
5 0.886793 0.612549 0.095461 0.087598