5 0.878770 0.674832 0.129416 0.127789
5 0.878770 0.674832 0.129416 0.127789
5 0.937122 0.645513 0.058619 0.091027
5 0.586300 0.561497 0.103850 0.094869
5 0.586300 0.561497 0.103850 0.094869
5 0.468659 0.666370 0.102944 0.101489
5 0.468659 0.666370 0.102944 0.101489
5 0.446345 0.542248 0.117691 0.125120
5 0.446345 0.542248 0.117691 0.125120
5 0.524198 0.521389 0.079645 0.102153
5 0.057797 0.625088 0.115594 0.134552
5 0.057797 0.625088 0.115594 0.134552
5 0.231355 0.438329 0.128334 0.111033
5 0.231355 0.438329 0.128334 0.111033
5 0.113512 0.380269 0.102023 0.129287
5 0.113512 0.380269 0.102023 0.129287
5 0.044345 0.462322 0.088691 0.112144
5 0.044345 0.462322 0.088691 0.112144
5 0.009830 0.555819 0.019659 0.080388
5 0.009830 0.555819 0.019659 0.080388
5 0.796541 0.685281 0.049331 0.026812
5 0.810734 0.753730 0.108967 0.041834