5 0.046675 0.599199 0.093350 0.114023
5 0.104768 0.502048 0.112661 0.110345
5 0.177878 0.434931 0.096381 0.085488
5 0.216028 0.492316 0.110181 0.090883
5 0.158723 0.566549 0.086195 0.086223
5 0.125958 0.643806 0.095666 0.084488
5 0.425396 0.504325 0.097667 0.111775
5 0.525117 0.464004 0.125234 0.134258
5 0.605085 0.519543 0.110170 0.070336
5 0.551739 0.570402 0.128478 0.093928
5 0.584212 0.639714 0.115298 0.085678
5 0.448468 0.634862 0.125061 0.125973
5 0.831248 0.564166 0.140620 0.156456
5 0.927922 0.669441 0.127719 0.132633