5 0.077148 0.631136 0.154297 0.162272
5 0.082682 0.491666 0.165364 0.145833
5 0.185514 0.377132 0.158528 0.157389
5 0.052084 0.361475 0.104167 0.147950
5 0.142090 0.323161 0.096680 0.099447
5 0.498209 0.416797 0.121419 0.121094
5 0.451758 0.582341 0.134766 0.105306
5 0.795703 0.480713 0.066406 0.102052
5 0.854590 0.482276 0.112305 0.117677
5 0.928711 0.431689 0.107422 0.119628
5 0.938802 0.545980 0.111980 0.107584
5 0.921712 0.686052 0.109050 0.134603
5 0.788574 0.606755 0.124023 0.060384
5 0.333952 0.801318 0.096028 0.093261