5 0.742806 0.952799 0.148113 0.093098
5 0.621549 0.961930 0.124348 0.076986
5 0.549674 0.905909 0.108723 0.111817
5 0.494629 0.942904 0.129883 0.113933
5 0.681088 0.880225 0.140300 0.116700
5 0.809961 0.900147 0.123047 0.112794
5 0.747559 0.817366 0.104492 0.075358
5 0.570443 0.553841 0.100261 0.098308
5 0.568555 0.624040 0.052734 0.057455
5 0.458236 0.560108 0.091472 0.095216
5 0.428483 0.625912 0.088216 0.108073
5 0.453125 0.441944 0.093750 0.108887
5 0.481901 0.614470 0.032552 0.047689
5 0.532129 0.480616 0.098633 0.089356
5 0.610416 0.490674 0.067708 0.068848
5 0.521615 0.393702 0.096355 0.103028
5 0.473600 0.290381 0.078450 0.077637
5 0.491992 0.318441 0.068359 0.058756
5 0.411328 0.246501 0.082031 0.071127
5 0.474740 0.205550 0.080730 0.086100
5 0.413151 0.164567 0.079427 0.091634
5 0.232617 0.729151 0.083984 0.086427
5 0.157584 0.705030 0.074544 0.075684
5 0.205631 0.641292 0.070637 0.076334
5 0.264388 0.670817 0.078777 0.060384
5 0.096875 0.033968 0.062500 0.061686
5 0.359147 0.281234 0.074544 0.065592
5 0.442416 0.319320 0.019206 0.048014
5 0.403060 0.335075 0.043620 0.085775