5 0.398756 0.550190 0.081888 0.081630
5 0.436532 0.470481 0.079314 0.090963
5 0.433102 0.457313 0.084953 0.114627
5 0.504852 0.434974 0.072205 0.048073
5 0.512468 0.483483 0.084311 0.091966
5 0.538073 0.562813 0.088647 0.088127
5 0.460507 0.539015 0.064764 0.068655
5 0.478284 0.621036 0.075317 0.101447
5 0.706348 0.449391 0.075195 0.067533
5 0.751164 0.489767 0.089828 0.082659
5 0.738765 0.558924 0.083780 0.070973
5 0.817618 0.546968 0.091486 0.081436
5 0.890007 0.549525 0.073764 0.074050
5 0.848680 0.467700 0.094234 0.085400
5 0.762645 0.408236 0.081539 0.094597
5 0.798270 0.391072 0.077791 0.094644
5 0.815620 0.610553 0.074991 0.071106