5 0.066244 0.148506 0.132488 0.137637
5 0.255371 0.513572 0.135742 0.130269
5 0.316732 0.480874 0.149089 0.152373
5 0.438444 0.436855 0.133137 0.133084
5 0.456348 0.358083 0.122070 0.119291
5 0.562467 0.405574 0.115559 0.067398
5 0.567448 0.468818 0.138020 0.118886
5 0.626920 0.525813 0.135091 0.101625
5 0.717350 0.814427 0.078450 0.138230
5 0.789062 0.833397 0.140625 0.154294
5 0.822494 0.749652 0.132488 0.143055
5 0.916666 0.828802 0.114583 0.107603
5 0.905078 0.928596 0.160156 0.141567
5 0.666992 0.968400 0.130859 0.061800
5 0.768693 0.983821 0.121761 0.033267
5 0.904004 0.650465 0.192383 0.172805
5 0.943490 0.796217 0.111980 0.126809