5 0.098535 0.405030 0.137695 0.106934
5 0.198828 0.326807 0.082031 0.109864
5 0.209961 0.433903 0.107422 0.105306
5 0.151986 0.509391 0.107097 0.121908
5 0.359701 0.499984 0.141277 0.096842
5 0.401498 0.395264 0.121745 0.134278
5 0.314518 0.387223 0.054036 0.068197
5 0.271615 0.364355 0.096355 0.100586
5 0.402604 0.597249 0.130208 0.131998
5 0.521615 0.542530 0.143230 0.138184
5 0.527377 0.410628 0.126628 0.121256
5 0.596452 0.449658 0.127278 0.111816
5 0.538900 0.350667 0.077800 0.029459
5 0.511784 0.617497 0.104817 0.066244
5 0.587402 0.586784 0.049805 0.073567