5 0.483635 0.937093 0.120395 0.124186
5 0.425604 0.822705 0.116833 0.139159
5 0.162936 0.595687 0.094622 0.085123
5 0.340702 0.466292 0.143905 0.107584
5 0.407413 0.590674 0.108577 0.131348
5 0.458660 0.532894 0.092320 0.093912
5 0.547589 0.585254 0.110803 0.129883
5 0.612150 0.525277 0.124300 0.088053
5 0.575665 0.463037 0.129455 0.101075
5 0.598662 0.400114 0.116075 0.087728
5 0.565903 0.275765 0.094306 0.089030
5 0.583378 0.220166 0.116756 0.090331
5 0.520943 0.156836 0.110636 0.107422
5 0.407043 0.147608 0.120336 0.110841
5 0.406994 0.239730 0.104612 0.091959
5 0.461256 0.288460 0.022512 0.083170
5 0.514043 0.296175 0.031211 0.101725