5 0.105078 0.494971 0.113281 0.111817
5 0.163281 0.464241 0.070312 0.090983
5 0.180013 0.435563 0.078777 0.086752
5 0.153092 0.538363 0.053059 0.039225
5 0.180436 0.557666 0.045247 0.043458
5 0.230111 0.485108 0.091472 0.032716
5 0.241439 0.541162 0.095378 0.038575
5 0.373763 0.382015 0.110027 0.104655
5 0.469955 0.347249 0.099284 0.116373
5 0.495084 0.443962 0.121419 0.116048
5 0.436133 0.504053 0.041016 0.042481
5 0.497916 0.595198 0.114583 0.115397
5 0.546713 0.408529 0.077800 0.067058
5 0.513086 0.500830 0.044922 0.029786