5 0.684162 0.971381 0.140198 0.058388
5 0.565877 0.975699 0.106753 0.048273
5 0.496955 0.930420 0.109536 0.110839
5 0.437025 0.954852 0.130300 0.090955
5 0.629391 0.911745 0.140031 0.117239
5 0.756646 0.938143 0.122667 0.113786
5 0.698894 0.851624 0.104038 0.075123
5 0.538852 0.580424 0.099578 0.098348
5 0.533866 0.649642 0.052106 0.058659
5 0.425480 0.580613 0.091584 0.095602
5 0.391884 0.646260 0.090017 0.108145
5 0.427898 0.462737 0.093295 0.109850
5 0.445145 0.637281 0.034041 0.046437
5 0.504066 0.505096 0.098756 0.088317
5 0.581070 0.519121 0.068391 0.069492
5 0.498080 0.418440 0.096161 0.102505
5 0.456081 0.312802 0.077787 0.078728
5 0.471860 0.341518 0.068720 0.058036
5 0.397142 0.265429 0.081784 0.071483
5 0.462752 0.228677 0.081753 0.085480
5 0.402485 0.183623 0.079970 0.092245
5 0.190079 0.739287 0.083283 0.087950
5 0.115672 0.712732 0.075094 0.075464
5 0.168084 0.652166 0.070544 0.076206
5 0.225780 0.683351 0.079686 0.060452
5 0.095379 0.038561 0.062633 0.061497
5 0.341865 0.298159 0.074355 0.065069
5 0.424048 0.339931 0.016845 0.048612
5 0.383210 0.354223 0.041420 0.086570