4 0.192209 0.316126 0.218794 0.157252
4 0.652889 0.728117 0.118278 0.115609
0 0.523896 0.801709 0.113417 0.103417
0 0.862777 0.446241 0.144305 0.129983
4 0.924796 0.542523 0.124592 0.169422
4 0.148733 0.528838 0.219341 0.173302
5 0.313609 0.633384 0.139717 0.213642
5 0.423092 0.521532 0.168059 0.180564
5 0.474632 0.388171 0.199264 0.151342
5 0.374010 0.260985 0.176145 0.246970
5 0.480946 0.273265 0.055642 0.080905
5 0.872852 0.893034 0.111328 0.104817
5 0.930914 0.854289 0.096203 0.111703
5 0.807653 0.832477 0.077806 0.111828
5 0.498342 0.889180 0.137309 0.100236
5 0.630619 0.824477 0.111237 0.111453
5 0.234084 0.781252 0.127544 0.112505
5 0.410756 0.669338 0.109012 0.110552
5 0.944032 0.187322 0.100564 0.090269
5 0.037636 0.734509 0.075272 0.122144
5 0.035843 0.568758 0.071686 0.118766
4 0.269704 0.436984 0.189408 0.183344