5 0.016425 0.678091 0.032850 0.096808
5 0.043134 0.663556 0.061269 0.080237
5 0.106155 0.563123 0.121686 0.144995
5 0.137065 0.683895 0.124130 0.127164
5 0.250405 0.680919 0.103934 0.099337
5 0.258628 0.614216 0.045381 0.031558
5 0.228391 0.557617 0.109908 0.090234
5 0.406003 0.440796 0.140131 0.153467
5 0.506084 0.528080 0.165292 0.134286
5 0.505729 0.358499 0.083333 0.073248
5 0.878426 0.057637 0.166227 0.105900
5 0.929252 0.144300 0.130378 0.135475
5 0.941634 0.232385 0.089519 0.049145
5 0.421191 0.344955 0.095508 0.077409