5 0.089973 0.347684 0.120570 0.098494
5 0.111389 0.246601 0.125903 0.102577
5 0.215377 0.253392 0.083878 0.084909
5 0.254731 0.327956 0.115712 0.118413
5 0.171216 0.383334 0.092433 0.085417
5 0.272761 0.470427 0.104897 0.115855
5 0.165112 0.470875 0.105225 0.094875
5 0.369705 0.552021 0.130034 0.125917
5 0.490196 0.506295 0.130392 0.128216
5 0.478755 0.618789 0.113759 0.128203
5 0.601540 0.443045 0.118705 0.126714
5 0.566625 0.348992 0.133250 0.119859
5 0.918787 0.488117 0.156325 0.141859
5 0.928095 0.592752 0.137441 0.163630
5 0.952117 0.719466 0.088609 0.113933
5 0.783200 0.555001 0.150775 0.156877
5 0.842908 0.706072 0.138941 0.165269
5 0.707415 0.757020 0.133580 0.117166
5 0.788754 0.842546 0.124383 0.153842
5 0.875089 0.808151 0.150178 0.128802
5 0.929762 0.828330 0.093898 0.125411
5 0.747714 0.662558 0.048553 0.056366
5 0.325849 0.442909 0.048573 0.035817