5 0.066244 0.145491 0.132488 0.137858
5 0.255371 0.501546 0.135742 0.128092
5 0.316732 0.465820 0.149089 0.150391
5 0.438444 0.415999 0.133137 0.131998
5 0.456348 0.336638 0.122070 0.117025
5 0.562467 0.380387 0.115559 0.070150
5 0.567448 0.442545 0.138020 0.119466
5 0.626920 0.496827 0.135091 0.103028
5 0.717350 0.780029 0.078450 0.138183
5 0.789062 0.797054 0.140625 0.153483
5 0.822494 0.711019 0.132488 0.140788
5 0.916666 0.785466 0.114583 0.105306
5 0.905078 0.893929 0.160156 0.153483
5 0.666992 0.952718 0.130859 0.092936
5 0.768457 0.965837 0.149414 0.069173
5 0.904004 0.607324 0.192383 0.170898
5 0.943490 0.752555 0.111980 0.123861