5 0.645024 0.486366 0.074423 0.063356
5 0.638710 0.521873 0.077420 0.078122
5 0.741073 0.589360 0.038395 0.041220
5 0.660004 0.601622 0.113758 0.106369
5 0.580555 0.660794 0.095486 0.102837
5 0.545261 0.718091 0.099897 0.095558
5 0.526695 0.517259 0.106516 0.090769
5 0.317470 0.561718 0.100566 0.095311
5 0.302470 0.657814 0.104939 0.087503
5 0.288259 0.740577 0.089017 0.103030
5 0.218544 0.702980 0.096462 0.112211
5 0.146093 0.667791 0.110936 0.094956
5 0.142925 0.577705 0.104600 0.099159
5 0.236927 0.589690 0.098855 0.110630
5 0.170154 0.500635 0.112183 0.101270
5 0.254229 0.492169 0.083458 0.099962