5 0.535480 0.635241 0.133459 0.123608
5 0.544276 0.542684 0.154177 0.138494
5 0.562066 0.382987 0.086631 0.134725
5 0.507820 0.405199 0.137516 0.157273
5 0.780868 0.490292 0.171111 0.168084
5 0.873173 0.401731 0.161970 0.156587
5 0.811234 0.286909 0.075592 0.123817
5 0.892345 0.243312 0.140939 0.177248
5 0.955508 0.288239 0.089141 0.182728
5 0.975538 0.462955 0.047952 0.154036
5 0.352629 0.049540 0.092758 0.095955
5 0.380437 0.132034 0.092125 0.092194
5 0.299291 0.150312 0.064206 0.091248
5 0.154160 0.029591 0.102070 0.059183
5 0.238900 0.976310 0.093425 0.040120