3 0.087823 0.092821 0.128770 0.179392
3 0.456706 0.231870 0.135288 0.154366
3 0.319599 0.247563 0.195448 0.201377
4 0.164799 0.260111 0.145223 0.179597
5 0.046377 0.165443 0.092755 0.149636
5 0.062541 0.349446 0.125081 0.148892
5 0.144982 0.397481 0.189964 0.129337
5 0.294243 0.422970 0.113486 0.099064
0 0.342612 0.115019 0.113350 0.105038
0 0.743096 0.479858 0.142442 0.125341
0 0.695136 0.382574 0.159022 0.140148
0 0.553048 0.397461 0.165470 0.169922
0 0.486063 0.485885 0.106502 0.096770
0 0.558959 0.656259 0.174169 0.193769
0 0.748521 0.780827 0.159542 0.161655
0 0.896145 0.771875 0.148539 0.125000
0 0.956346 0.682122 0.065817 0.117369
3 0.857811 0.620335 0.159372 0.187545