5 0.483974 0.620752 0.158573 0.194630
5 0.575091 0.672332 0.150181 0.179039
5 0.574815 0.566375 0.115255 0.101500
5 0.324129 0.610446 0.173258 0.177142
5 0.228551 0.626192 0.078977 0.133634
5 0.243979 0.489130 0.197333 0.147009
5 0.314206 0.369417 0.203412 0.173209
5 0.473491 0.433347 0.187608 0.188569
5 0.562627 0.270271 0.187755 0.184292
5 0.631916 0.297706 0.116958 0.132912
5 0.899502 0.444580 0.161503 0.139159
5 0.954311 0.345657 0.067997 0.169439
5 0.910317 0.582776 0.123759 0.034302
5 0.853805 0.664698 0.051361 0.095020
5 0.417795 0.196963 0.163716 0.212677
5 0.331736 0.288377 0.166597 0.101755
5 0.254884 0.210559 0.159767 0.158617
5 0.137096 0.158797 0.146067 0.183219