5 0.596649 0.158552 0.140173 0.173353
5 0.656768 0.244212 0.163536 0.138423
5 0.664040 0.353107 0.159330 0.112464
5 0.161235 0.133793 0.091220 0.101961
5 0.044438 0.225199 0.079502 0.078523
5 0.768993 0.871988 0.116111 0.140852
5 0.684400 0.944662 0.109425 0.070575
5 0.881908 0.900245 0.120066 0.062991
5 0.771321 0.811538 0.136392 0.116825
5 0.024415 0.755970 0.048830 0.080691
5 0.015801 0.619972 0.031602 0.093069
5 0.509345 0.947223 0.103064 0.075697
5 0.131673 0.662141 0.107095 0.111783
5 0.036506 0.424279 0.073013 0.076683