3 0.580578 0.817056 0.154906 0.190362
3 0.430652 0.761041 0.170678 0.184581
4 0.445166 0.626776 0.146581 0.119177
5 0.658338 0.712507 0.129175 0.106264
5 0.465210 0.477323 0.127295 0.098395
4 0.456005 0.222994 0.062011 0.080363
3 0.586841 0.047916 0.083056 0.061456
5 0.536951 0.341243 0.058277 0.082486
5 0.485180 0.307845 0.079736 0.068814
5 0.633045 0.337284 0.066089 0.080817
5 0.675488 0.328263 0.038477 0.056527
5 0.698217 0.259070 0.055809 0.074389
5 0.634948 0.256371 0.085522 0.075242
5 0.641687 0.185806 0.095873 0.080988
5 0.690027 0.177148 0.026928 0.044922
5 0.651428 0.126570 0.074731 0.059389
5 0.586023 0.099166 0.062670 0.060831
5 0.543177 0.082617 0.055103 0.052734
5 0.515796 0.121705 0.078467 0.062159
5 0.581543 0.151705 0.044336 0.047159
5 0.542908 0.186893 0.092066 0.092536
5 0.518957 0.232042 0.087914 0.089084