5 0.186805 0.785244 0.114236 0.111112
5 0.263742 0.706250 0.099359 0.096875
5 0.285372 0.874867 0.095744 0.090359
5 0.295844 0.796965 0.082312 0.084555
5 0.370614 0.822887 0.088103 0.080148
5 0.361792 0.774585 0.032959 0.024170
5 0.316806 0.669659 0.049238 0.042444
5 0.399037 0.512788 0.094948 0.094325
5 0.394358 0.447609 0.088716 0.070219
5 0.493991 0.557565 0.081731 0.102630
5 0.497947 0.461395 0.099019 0.091541
5 0.600202 0.512445 0.103530 0.087389
5 0.545421 0.538703 0.047092 0.074281
5 0.640170 0.359671 0.074091 0.084967
5 0.697826 0.343214 0.051902 0.042678
5 0.733891 0.291122 0.077158 0.075994
5 0.668357 0.289740 0.077339 0.079480
5 0.597006 0.337336 0.022137 0.034047
5 0.554754 0.321157 0.065758 0.073564
5 0.558366 0.255341 0.085483 0.082556
5 0.551420 0.188517 0.052839 0.061409
5 0.598630 0.156768 0.078511 0.085411
5 0.618354 0.216603 0.083583 0.086331
5 0.702758 0.208859 0.093016 0.086467
5 0.691774 0.090598 0.074173 0.065570
5 0.679077 0.147559 0.067528 0.057619
5 0.791220 0.178801 0.079314 0.082602
5 0.764256 0.040109 0.078512 0.080217