5 0.233431 0.756852 0.101238 0.088705
5 0.582682 0.526612 0.087239 0.100098
5 0.660807 0.491976 0.087239 0.071452
5 0.505729 0.428272 0.098958 0.097169
5 0.581998 0.349495 0.092122 0.095866
5 0.609701 0.443864 0.078777 0.072103
5 0.660709 0.224430 0.090169 0.092611
5 0.644596 0.173714 0.089192 0.072428
5 0.759277 0.264372 0.081055 0.097494
5 0.769564 0.161735 0.095378 0.098470
5 0.861035 0.223388 0.106445 0.087402
5 0.869108 0.111556 0.072591 0.085613
5 0.216666 0.827913 0.067708 0.071452
5 0.388346 0.892204 0.120442 0.121908
5 0.406445 0.946517 0.072266 0.052409
0 0.283138 0.805159 0.125652 0.113444