5 0.087011 0.656305 0.108397 0.128236
5 0.183635 0.745197 0.111020 0.087269
5 0.191709 0.668239 0.136544 0.130228
5 0.136310 0.542949 0.135120 0.132773
5 0.196645 0.487033 0.099539 0.092816
5 0.127670 0.449850 0.086589 0.071575
5 0.233162 0.506902 0.050700 0.063805
5 0.434700 0.493913 0.128775 0.112827
5 0.474093 0.630143 0.098186 0.085286
5 0.510305 0.658168 0.095609 0.066336
5 0.545149 0.563564 0.118423 0.127128
5 0.537151 0.434305 0.114927 0.140484
5 0.639890 0.465425 0.123530 0.121475
5 0.716416 0.622771 0.123456 0.111167
5 0.792439 0.522434 0.106753 0.097994
5 0.695031 0.489658 0.071313 0.066816
5 0.862864 0.465552 0.097603 0.084230
5 0.766988 0.430787 0.108977 0.120950
5 0.782869 0.693876 0.112613 0.119002
5 0.711180 0.439126 0.019234 0.050127
5 0.845716 0.615330 0.132056 0.105659
5 0.958309 0.493168 0.082244 0.133211
5 0.888057 0.577617 0.038614 0.033359