5 0.105175 0.408759 0.144725 0.151892
5 0.094858 0.680649 0.139716 0.170673
5 0.054647 0.594159 0.071794 0.128942
5 0.199652 0.708268 0.118053 0.135286
5 0.200606 0.588467 0.144962 0.142559
5 0.312423 0.588665 0.137345 0.130455
5 0.370196 0.470184 0.168517 0.137242
5 0.453815 0.578123 0.117005 0.162495
5 0.546544 0.499326 0.108712 0.104902
5 0.571498 0.370396 0.136745 0.153292
5 0.444149 0.346910 0.122673 0.150070
5 0.344822 0.351009 0.124019 0.111394
5 0.858619 0.385198 0.110987 0.107895
5 0.771487 0.342528 0.108598 0.081931
5 0.838372 0.267299 0.107994 0.128348
5 0.880272 0.229487 0.082419 0.096473
5 0.913175 0.494189 0.123225 0.119628
5 0.813727 0.466784 0.083703 0.096069