5 0.099609 0.644352 0.105469 0.088705
5 0.110742 0.689860 0.130859 0.082845
5 0.235677 0.720898 0.127605 0.123047
5 0.218034 0.621989 0.136067 0.118978
5 0.090560 0.517497 0.121745 0.097494
5 0.150391 0.444222 0.128906 0.129069
5 0.260677 0.505941 0.127605 0.105631
5 0.413802 0.489779 0.127605 0.098308
5 0.450619 0.547184 0.116863 0.113119
5 0.443131 0.629802 0.117512 0.087728
5 0.541959 0.599740 0.090169 0.096355
5 0.525488 0.441227 0.110352 0.119955
5 0.460416 0.436019 0.052083 0.078287
5 0.899349 0.629020 0.076823 0.079916
5 0.959863 0.571924 0.079102 0.100098
5 0.883594 0.485596 0.117188 0.096192
5 0.973080 0.651920 0.052409 0.072591
5 0.337826 0.200667 0.078777 0.076334
5 0.061002 0.136312 0.081380 0.069498
5 0.193717 0.079020 0.068684 0.064291
5 0.610123 0.262614 0.060872 0.072103
5 0.825944 0.507357 0.055012 0.055339