5 0.025429 0.762229 0.050858 0.099458
5 0.044470 0.652892 0.088939 0.096409
5 0.019204 0.586969 0.038408 0.064562
5 0.073995 0.562344 0.082366 0.087188
5 0.112876 0.613095 0.107002 0.094941
5 0.079491 0.703112 0.062108 0.084348
5 0.120499 0.702516 0.100373 0.105033
5 0.078697 0.787205 0.094894 0.102534
5 0.205173 0.747678 0.097845 0.104731
5 0.208537 0.660244 0.135823 0.104862
5 0.279347 0.776377 0.102444 0.137130
5 0.332129 0.710912 0.095508 0.099948
5 0.188208 0.610595 0.045166 0.033689
5 0.111949 0.552428 0.039523 0.029856
5 0.118587 0.520514 0.040298 0.037903
5 0.164962 0.540866 0.083048 0.097358
5 0.186115 0.475302 0.084730 0.053728
5 0.212536 0.538489 0.078197 0.120728
5 0.258419 0.576066 0.107462 0.105256
5 0.287435 0.488170 0.074870 0.104466
5 0.274105 0.445741 0.085709 0.069606
5 0.342867 0.484253 0.063859 0.102881
5 0.362028 0.572683 0.102181 0.107866
5 0.418901 0.468906 0.119052 0.125312
5 0.465796 0.425826 0.094092 0.079777
5 0.531516 0.478573 0.119283 0.132147
5 0.412534 0.611858 0.143817 0.120591
5 0.418652 0.666480 0.115430 0.070461
5 0.403333 0.717341 0.053541 0.040933
5 0.483811 0.688780 0.108247 0.121311
5 0.600316 0.402942 0.103756 0.134009
5 0.696480 0.427155 0.111711 0.088686
5 0.703305 0.527564 0.156611 0.127003
5 0.821677 0.456577 0.152730 0.150655
5 0.795796 0.387838 0.085342 0.056927
5 0.781110 0.355007 0.087220 0.072514
5 0.902330 0.375196 0.104659 0.175392
5 0.930153 0.314688 0.088431 0.101252
5 0.776429 0.636113 0.137233 0.156600
5 0.856305 0.647557 0.093859 0.138864
5 0.719164 0.627152 0.063328 0.101178
5 0.566505 0.831245 0.067386 0.071866
5 0.689960 0.791362 0.079920 0.085848
5 0.739357 0.881080 0.081839 0.087159
5 0.833736 0.839875 0.098722 0.076625
5 0.564083 0.746809 0.059416 0.077994
5 0.516627 0.799123 0.070755 0.073247
5 0.636470 0.799209 0.051066 0.067167