5 0.408185 0.550190 0.081995 0.081630
5 0.444265 0.470481 0.079155 0.090963
5 0.439598 0.457313 0.085447 0.114627
5 0.511003 0.434974 0.072006 0.048073
5 0.520036 0.483483 0.083822 0.091966
5 0.545969 0.562813 0.088813 0.088127
5 0.468325 0.539015 0.064775 0.068655
5 0.489175 0.621036 0.075225 0.101447
5 0.712598 0.449391 0.075195 0.067533
5 0.757420 0.489767 0.089841 0.082659
5 0.746654 0.558924 0.083933 0.070973
5 0.825547 0.546968 0.091719 0.081436
5 0.897990 0.549525 0.074105 0.074050
5 0.856555 0.467700 0.094359 0.085400
5 0.768957 0.408236 0.081664 0.094597
5 0.804768 0.391072 0.078286 0.094644
5 0.825072 0.610553 0.075144 0.071106