5 0.061595 0.433159 0.123189 0.094444
5 0.065773 0.331217 0.131545 0.124934
5 0.118663 0.214787 0.124827 0.120200
5 0.236975 0.213923 0.108325 0.149722
5 0.369848 0.311788 0.124070 0.161077
5 0.260013 0.350634 0.126277 0.107519
5 0.181827 0.433491 0.098028 0.107606
5 0.304193 0.313014 0.017761 0.038528
5 0.338468 0.389798 0.045686 0.045220
5 0.257405 0.457023 0.149186 0.132795
5 0.235055 0.545531 0.135736 0.094188
5 0.342575 0.574030 0.075775 0.129309
5 0.417328 0.567509 0.175281 0.156894
5 0.446492 0.649748 0.124234 0.065120
5 0.578093 0.682018 0.121811 0.092161
5 0.683258 0.823066 0.107141 0.130508
5 0.790648 0.811638 0.200047 0.176400
5 0.842460 0.654127 0.153670 0.158255
5 0.911058 0.587836 0.128366 0.194422
5 0.745650 0.611140 0.122550 0.112905
5 0.595831 0.442208 0.104163 0.131291
0 0.483848 0.436232 0.177072 0.216214