5 0.030278 0.257918 0.060556 0.118961
5 0.027042 0.146554 0.054084 0.111858
5 0.078854 0.289973 0.085833 0.111195
5 0.019369 0.396534 0.038738 0.121192
5 0.340411 0.430863 0.049572 0.099225
5 0.401464 0.450005 0.137303 0.150011
5 0.464366 0.394146 0.103731 0.116417
5 0.570081 0.462684 0.105787 0.100367
5 0.506812 0.512084 0.101123 0.071044
5 0.535455 0.579690 0.142786 0.125005
5 0.619537 0.557709 0.054698 0.065417
5 0.559041 0.649591 0.114956 0.083558
5 0.501490 0.730421 0.124855 0.132717
5 0.420268 0.654522 0.137411 0.115294