5 0.320156 0.354059 0.109062 0.117492
5 0.372087 0.310621 0.062923 0.052492
5 0.422597 0.369151 0.117069 0.144552
5 0.265020 0.441650 0.083166 0.061425
5 0.340481 0.466741 0.140338 0.105358
5 0.484926 0.477113 0.110477 0.119852
5 0.524059 0.566482 0.126242 0.123589
5 0.346169 0.596157 0.129837 0.129814
5 0.320212 0.556163 0.090423 0.081077
5 0.636115 0.419860 0.112855 0.080345
5 0.624648 0.523747 0.102422 0.053744
5 0.686306 0.548659 0.116362 0.097319
5 0.710357 0.363605 0.098839 0.108459
5 0.812817 0.338341 0.094384 0.086058
5 0.717705 0.312340 0.072911 0.052805
5 0.866648 0.399705 0.105170 0.118159
5 0.781361 0.400719 0.078347 0.079563
5 0.808085 0.487582 0.088045 0.075164
5 0.725405 0.617623 0.097684 0.128995
5 0.831747 0.552463 0.085369 0.092427
5 0.902530 0.519162 0.089434 0.091448
5 0.925540 0.492548 0.097955 0.078847