5 0.100122 0.455703 0.165869 0.145781
5 0.040538 0.405597 0.081077 0.126819
5 0.012441 0.509957 0.024881 0.101164
5 0.023698 0.732915 0.047395 0.137705
5 0.461163 0.497261 0.134825 0.132022
5 0.494100 0.626488 0.138200 0.127977
5 0.698802 0.648158 0.128853 0.115066
5 0.755005 0.561767 0.122509 0.111034
5 0.695466 0.478490 0.125306 0.103855
5 0.752686 0.437836 0.102247 0.110047
5 0.378887 0.532685 0.076523 0.027870
5 0.390163 0.607170 0.117825 0.042464
5 0.925718 0.499311 0.070186 0.095497
5 0.425803 0.457848 0.076606 0.075072