5 0.413573 0.578628 0.120897 0.104131
5 0.481412 0.545462 0.106573 0.103425
5 0.449231 0.491807 0.082837 0.061739
5 0.487089 0.445748 0.064803 0.069622
5 0.534337 0.477849 0.090548 0.111948
5 0.482510 0.671368 0.096270 0.108361
5 0.612262 0.590265 0.102648 0.093030
5 0.615247 0.499263 0.099244 0.098525
5 0.727200 0.882293 0.113775 0.120836
5 0.587816 0.455717 0.031881 0.020809
5 0.791236 0.825661 0.107472 0.110697
5 0.814819 0.759700 0.107763 0.100650
5 0.907383 0.835553 0.136641 0.121106
5 0.926015 0.780777 0.114530 0.095930
5 0.211173 0.353475 0.106722 0.094450