5 0.982234 0.685106 0.036342 0.110838
5 0.940576 0.528776 0.118652 0.110677
5 0.940576 0.528776 0.118652 0.110677
5 0.735240 0.407243 0.114230 0.123861
5 0.735240 0.407243 0.114230 0.123861
5 0.735240 0.407243 0.114230 0.123861
5 0.634005 0.405404 0.108634 0.113933
5 0.634005 0.405404 0.108634 0.113933
5 0.631785 0.552637 0.104195 0.092773
5 0.273590 0.449984 0.147180 0.128092
5 0.078064 0.169255 0.131128 0.169759
5 0.830166 0.793880 0.088456 0.084636
5 0.830166 0.793880 0.088456 0.084636
5 0.778843 0.889388 0.095186 0.078777
5 0.778843 0.889388 0.095186 0.078777
5 0.608349 0.686377 0.076073 0.088380
5 0.608349 0.686377 0.076073 0.088380
5 0.345524 0.547868 0.097298 0.092611
5 0.345524 0.547868 0.097298 0.092611
5 0.309762 0.661702 0.094523 0.073405
5 0.290446 0.634456 0.087142 0.062662
0 0.082792 0.494776 0.084334 0.117677
5 0.307998 0.284147 0.134745 0.121419
5 0.251455 0.345784 0.071659 0.035319
5 0.353961 0.385010 0.139172 0.145020
5 0.957020 0.108284 0.085916 0.097819
5 0.941823 0.023194 0.114895 0.046387
5 0.977936 0.864800 0.043372 0.076475
5 0.294006 0.739762 0.059888 0.070150
5 0.236652 0.829541 0.076428 0.059083
5 0.249916 0.738623 0.056083 0.067872
5 0.109184 0.672835 0.062117 0.067545
5 0.149428 0.421956 0.086356 0.062662