5 0.621322 0.050049 0.073894 0.100098
5 0.516341 0.094385 0.098308 0.113770
5 0.676530 0.118750 0.068684 0.078125
5 0.606055 0.138428 0.099609 0.089356
5 0.501791 0.194873 0.097331 0.099122
5 0.621549 0.215902 0.077473 0.088053
5 0.412500 0.397022 0.125000 0.112794
5 0.452344 0.464177 0.085938 0.087728
5 0.423600 0.537126 0.125325 0.118002
5 0.556836 0.463948 0.123047 0.099772
5 0.636686 0.498552 0.076497 0.087728
5 0.563053 0.544369 0.082356 0.069988
5 0.368717 0.801448 0.131184 0.131022
5 0.276562 0.804916 0.093750 0.112956
5 0.325488 0.909229 0.110352 0.105958
5 0.552799 0.801579 0.139973 0.121908
5 0.463607 0.874430 0.117839 0.123861
5 0.452181 0.950130 0.116863 0.100261