5 0.079020 0.516375 0.092416 0.123375
5 0.097371 0.668916 0.104117 0.119083
5 0.235834 0.664130 0.137292 0.097009
5 0.198801 0.699777 0.097602 0.087055
5 0.423123 0.581361 0.099370 0.112722
5 0.516905 0.598365 0.146309 0.134230
5 0.656637 0.570110 0.128900 0.118345
5 0.756144 0.535762 0.165413 0.127775
5 0.668902 0.354550 0.090930 0.134100
5 0.951566 0.301102 0.096883 0.164705
5 0.692160 0.650320 0.121820 0.113141
5 0.898671 0.302561 0.062967 0.133247
5 0.984316 0.410207 0.031131 0.045414
3 0.540802 0.419086 0.150355 0.125672