5 0.933561 0.353695 0.123372 0.141764
5 0.923014 0.524659 0.142903 0.143067
5 0.968327 0.275245 0.064778 0.109864
5 0.893002 0.305225 0.095378 0.101075
5 0.559245 0.387354 0.087239 0.105958
5 0.400358 0.352588 0.103841 0.070802
5 0.400358 0.352588 0.103841 0.070802
5 0.352377 0.431104 0.064128 0.090333
5 0.352377 0.431104 0.064128 0.090333
5 0.431250 0.430843 0.125000 0.139811
5 0.522949 0.364844 0.092773 0.117188
5 0.538379 0.614616 0.114258 0.160481
5 0.449870 0.573487 0.134114 0.146973
5 0.394596 0.547347 0.089192 0.097819