5 0.966331 0.527901 0.035787 0.108927
5 0.927687 0.702397 0.095998 0.104794
5 0.951782 0.788415 0.041064 0.079955
5 0.894666 0.544594 0.117458 0.114187
5 0.808456 0.502729 0.116913 0.130458
5 0.812463 0.624473 0.115552 0.117695
5 0.703195 0.545593 0.118889 0.109936
5 0.412518 0.478780 0.081286 0.098184
5 0.716070 0.710680 0.094639 0.052611
5 0.715457 0.676466 0.090289 0.081058
5 0.489777 0.504852 0.085805 0.078453
5 0.450284 0.552570 0.116192 0.127016
5 0.492938 0.674022 0.120250 0.123044
5 0.449273 0.734096 0.098547 0.096317
5 0.372995 0.649071 0.130366 0.116892
5 0.175158 0.426620 0.112816 0.125116
5 0.143947 0.472971 0.106644 0.099067
5 0.058305 0.451279 0.091609 0.052558
5 0.049726 0.505152 0.099452 0.100928
5 0.093656 0.586498 0.118562 0.107372
5 0.115674 0.672859 0.118848 0.114467
5 0.049378 0.659916 0.042506 0.085456
5 0.667578 0.641069 0.050781 0.019637
5 0.646322 0.570870 0.042644 0.026114