5 0.299366 0.221948 0.086233 0.106395
5 0.212203 0.167130 0.108781 0.090511
5 0.351308 0.141168 0.090116 0.072961
5 0.399388 0.196137 0.117525 0.123523
5 0.459510 0.246190 0.112770 0.089255
5 0.444611 0.341105 0.092347 0.107209
5 0.338939 0.333450 0.106003 0.123150
5 0.448838 0.511662 0.107052 0.120198
5 0.449828 0.592795 0.102781 0.098091
5 0.539262 0.421748 0.119148 0.112245
5 0.752052 0.719509 0.138478 0.129642
5 0.813564 0.798493 0.127128 0.121986
5 0.843812 0.723659 0.053248 0.075444
5 0.754118 0.876638 0.139486 0.159527
5 0.658931 0.782349 0.095988 0.108448
5 0.574719 0.859509 0.136937 0.137767
5 0.664227 0.901434 0.112828 0.134119