5 0.421906 0.561605 0.109438 0.091959
5 0.425478 0.508708 0.079081 0.048666
5 0.465503 0.471305 0.081006 0.092611
5 0.465634 0.605387 0.056267 0.054525
5 0.515636 0.570817 0.090647 0.091634
5 0.588305 0.511312 0.095361 0.085123
5 0.582377 0.580827 0.058503 0.064778
5 0.572805 0.889241 0.083109 0.090983
5 0.524612 0.858610 0.074223 0.082845
5 0.476294 0.912647 0.093213 0.112794
5 0.412875 0.866195 0.094500 0.094889
5 0.557869 0.174821 0.081363 0.096517
5 0.465101 0.210954 0.077077 0.090658
5 0.541812 0.081364 0.083623 0.087728