5 0.379362 0.391944 0.124348 0.124512
5 0.072526 0.613916 0.126302 0.105958
5 0.400521 0.590446 0.119792 0.112142
5 0.436979 0.511540 0.130208 0.135580
5 0.517513 0.623096 0.110027 0.158692
5 0.479883 0.375667 0.119141 0.154459
5 0.531283 0.336084 0.103191 0.144044
5 0.605599 0.449398 0.154948 0.114420
5 0.789453 0.435530 0.097656 0.108561
5 0.783724 0.565967 0.108073 0.106934
5 0.757064 0.651319 0.111003 0.108887
5 0.883268 0.481038 0.116536 0.102702
5 0.861035 0.620069 0.090820 0.108887
5 0.948795 0.601579 0.103841 0.121908
5 0.692448 0.588558 0.075520 0.080241