5 0.409012 0.566573 0.118023 0.098772
5 0.050463 0.683605 0.100927 0.129711
5 0.023752 0.589159 0.047505 0.109567
5 0.049651 0.485311 0.099302 0.126872
5 0.047980 0.404108 0.095959 0.070716
5 0.137805 0.477959 0.106861 0.102794
5 0.509226 0.635722 0.118452 0.137069
5 0.114001 0.588323 0.137377 0.111020
5 0.480066 0.501139 0.091381 0.089778
5 0.587631 0.549409 0.128388 0.117569
5 0.429691 0.462136 0.043756 0.064897
5 0.463003 0.415780 0.069756 0.090934
5 0.504861 0.376422 0.037847 0.018469
5 0.537022 0.425099 0.111544 0.115823
5 0.578264 0.442455 0.097153 0.106786
5 0.581745 0.634645 0.041614 0.072416
5 0.733614 0.429762 0.114103 0.100148
5 0.815852 0.406429 0.069203 0.084733
5 0.886033 0.395888 0.103316 0.110527
5 0.948529 0.430192 0.093933 0.079134
5 0.936624 0.519580 0.116998 0.126659
5 0.917112 0.612549 0.096725 0.087598