5 0.052572 0.417497 0.105144 0.128744
5 0.028483 0.540251 0.056966 0.118002
5 0.076660 0.615560 0.122070 0.121745
5 0.138412 0.484749 0.139323 0.116373
5 0.405273 0.605550 0.123047 0.117350
5 0.427637 0.489339 0.124023 0.119303
5 0.517090 0.458512 0.096680 0.117025
5 0.515885 0.613607 0.106770 0.117839
5 0.714713 0.620150 0.110677 0.109050
5 0.752377 0.500179 0.111003 0.106608
5 0.681998 0.464127 0.107747 0.112630
5 0.782487 0.412061 0.093098 0.114747
5 0.830306 0.173812 0.194988 0.163248
5 0.945312 0.268669 0.109375 0.202962
5 0.878125 0.489860 0.109375 0.082845
5 0.963021 0.443018 0.072917 0.061036
5 0.965170 0.507422 0.070964 0.089844
5 0.967416 0.634196 0.066081 0.112142
5 0.776563 0.670622 0.093750 0.097494