0 0.148612 0.432111 0.084723 0.086097
0 0.224389 0.363556 0.086278 0.080237
0 0.211527 0.295942 0.066805 0.051259
0 0.299052 0.233605 0.091853 0.089084
0 0.303214 0.091291 0.084553 0.076331
0 0.602738 0.140354 0.096102 0.090083
0 0.736356 0.175127 0.082088 0.090878
0 0.830834 0.155313 0.080419 0.091877
0 0.649194 0.221488 0.092138 0.080477
0 0.513341 0.178718 0.076683 0.088686
0 0.452713 0.212070 0.071052 0.074139
0 0.441967 0.286444 0.074559 0.076013
0 0.373803 0.316410 0.072606 0.092195
0 0.534240 0.261299 0.074730 0.085098
0 0.589262 0.301718 0.062898 0.072186
0 0.658541 0.302970 0.076456 0.084064
0 0.795121 0.319148 0.074617 0.078920
0 0.896573 0.383445 0.080647 0.088766
0 0.832511 0.443204 0.080647 0.095783
0 0.748551 0.494463 0.078352 0.088925
0 0.669009 0.392738 0.084894 0.097975
0 0.541378 0.357505 0.085881 0.080636
0 0.399887 0.412662 0.093523 0.100325
0 0.260330 0.444105 0.092536 0.088209
0 0.316463 0.526534 0.086052 0.081192
0 0.468302 0.455668 0.089730 0.086336
0 0.590565 0.448405 0.087380 0.090559
0 0.600565 0.542032 0.088630 0.084064
0 0.435884 0.645667 0.068644 0.072584
0 0.725927 0.661100 0.092478 0.100325
0 0.255887 0.687977 0.089900 0.079080
0 0.116324 0.694311 0.107648 0.085497
0 0.437695 0.743725 0.072266 0.071825
0 0.521289 0.760753 0.080078 0.071506
0 0.611925 0.803552 0.098850 0.107103
0 0.723054 0.745548 0.086733 0.072345
0 0.732845 0.828092 0.100064 0.090559
0 0.436666 0.844691 0.092081 0.086256
0 0.456588 0.898763 0.072550 0.060027
0 0.475366 0.048988 0.072606 0.066725