5 0.682780 0.780715 0.087436 0.111430
5 0.663727 0.693062 0.096203 0.079873
5 0.421793 0.683723 0.068586 0.061195
5 0.616057 0.857016 0.063364 0.082781
5 0.462514 0.873191 0.056278 0.083883
3 0.374773 0.796280 0.093297 0.120684
4 0.437164 0.771613 0.143078 0.143227
4 0.600927 0.753771 0.123728 0.129417
2 0.495449 0.646349 0.125273 0.133323
5 0.652148 0.342944 0.107422 0.107763
5 0.387895 0.420855 0.053916 0.054211
4 0.572461 0.401266 0.123047 0.111908
4 0.459430 0.421170 0.100109 0.095464
2 0.499296 0.334613 0.123592 0.141102
2 0.586037 0.269455 0.131450 0.138911
0 0.387496 0.352387 0.106242 0.092273
5 0.316910 0.307371 0.136945 0.105367
3 0.432186 0.065855 0.051872 0.087959
5 0.531572 0.008119 0.069394 0.016237
5 0.395654 0.028911 0.103808 0.057822
4 0.537255 0.038409 0.080759 0.076817