5 0.040202 0.684423 0.080403 0.112597
5 0.089551 0.662015 0.063477 0.080280
5 0.035319 0.826002 0.070637 0.114505
5 0.020834 0.910784 0.041667 0.062192
5 0.145410 0.561584 0.122070 0.145044
5 0.183887 0.680721 0.124023 0.127067
5 0.296810 0.677577 0.106120 0.098905
5 0.301498 0.609709 0.043620 0.031919
5 0.266797 0.554916 0.105469 0.091081
5 0.437923 0.436124 0.138347 0.153498
5 0.542969 0.520305 0.164062 0.134359
5 0.530990 0.352405 0.080730 0.073561
5 0.878820 0.050443 0.163891 0.100886
5 0.937663 0.133467 0.125325 0.135684
5 0.955534 0.219819 0.089192 0.049013
5 0.445963 0.338444 0.095052 0.076887