5 0.164674 0.389777 0.123098 0.129555
5 0.140683 0.453137 0.053241 0.046898
5 0.145770 0.558281 0.122791 0.113437
5 0.200299 0.513509 0.147473 0.145767
5 0.227638 0.595558 0.052152 0.066116
5 0.321937 0.604298 0.147000 0.155470
5 0.408558 0.616247 0.079616 0.104369
5 0.458807 0.508802 0.161364 0.130105
5 0.326972 0.461477 0.157069 0.138580
5 0.254798 0.384406 0.122097 0.121938
5 0.312027 0.274366 0.139680 0.145608
5 0.380435 0.328107 0.145245 0.146839
5 0.458314 0.387752 0.135378 0.116128
5 0.913369 0.766729 0.129862 0.186583
5 0.928627 0.574683 0.110378 0.127491
5 0.913563 0.473889 0.127127 0.147778
5 0.800953 0.539671 0.123781 0.098092
5 0.805309 0.669252 0.119994 0.110378
5 0.502385 0.450804 0.039145 0.035983