5 0.136068 0.458529 0.162761 0.145183
5 0.056478 0.407145 0.112956 0.126791
5 0.032959 0.520101 0.065919 0.149577
5 0.054037 0.733382 0.108073 0.141764
5 0.502572 0.503580 0.136394 0.132161
5 0.545834 0.632634 0.135417 0.127767
5 0.752865 0.655973 0.127605 0.115072
5 0.801498 0.571208 0.121745 0.111166
5 0.736752 0.487940 0.126628 0.104005
5 0.789420 0.447282 0.103841 0.110189
5 0.424186 0.537191 0.076497 0.027506
5 0.438281 0.611540 0.117188 0.041830
5 0.966504 0.510433 0.067383 0.095866
5 0.461702 0.462354 0.073405 0.074708