5 0.057912 0.214202 0.097073 0.087778
5 0.078244 0.269631 0.084613 0.092387
5 0.020443 0.317351 0.040886 0.094077
5 0.029702 0.406255 0.059405 0.093759
5 0.170418 0.295760 0.100211 0.100895
5 0.264403 0.293150 0.106931 0.111300
5 0.272688 0.240365 0.098502 0.077605
5 0.211850 0.377452 0.089325 0.101778
5 0.266739 0.448061 0.095978 0.089872
5 0.350831 0.342340 0.054788 0.040930
5 0.319617 0.379571 0.104859 0.074767
5 0.326182 0.483641 0.083614 0.101656
5 0.239638 0.513202 0.085525 0.098278
5 0.182102 0.476997 0.073578 0.088369
5 0.455571 0.575446 0.101767 0.079017
5 0.545994 0.538346 0.113863 0.098567
5 0.567473 0.427311 0.094322 0.107747
5 0.639311 0.458565 0.100497 0.101505
5 0.593404 0.580510 0.108683 0.101645
5 0.537356 0.605230 0.062213 0.054209
5 0.901711 0.797355 0.097172 0.116586
5 0.944032 0.703201 0.088064 0.106402
5 0.960892 0.781106 0.053034 0.090338