5 0.703107 0.898794 0.146839 0.097588
5 0.580924 0.917343 0.124348 0.081561
5 0.512413 0.863163 0.109202 0.113827
5 0.454150 0.907462 0.130175 0.118048
5 0.645007 0.827872 0.140014 0.118244
5 0.772328 0.838914 0.122781 0.112203
5 0.713024 0.759745 0.104173 0.075741
5 0.548329 0.510264 0.099783 0.098653
5 0.544848 0.580872 0.052197 0.055494
5 0.434838 0.525539 0.091552 0.094828
5 0.402551 0.594686 0.089477 0.108122
5 0.435778 0.406785 0.093431 0.107320
5 0.455786 0.577987 0.033447 0.049723
5 0.513369 0.439491 0.098613 0.091481
5 0.588780 0.444838 0.068186 0.067800
5 0.504311 0.355345 0.096122 0.104441
5 0.460868 0.253845 0.077986 0.076441
5 0.478055 0.279964 0.068611 0.059928
5 0.401867 0.213961 0.081859 0.071672
5 0.465723 0.170377 0.081445 0.087630
5 0.405430 0.133854 0.079611 0.092708
5 0.202684 0.710877 0.083494 0.084255
5 0.128090 0.692887 0.074930 0.076398
5 0.180598 0.625772 0.070572 0.076544
5 0.236581 0.650863 0.079412 0.061102
5 0.095359 0.028571 0.062592 0.057142
5 0.346580 0.253534 0.074411 0.066444
5 0.429066 0.286020 0.017508 0.047041
5 0.388228 0.304740 0.042081 0.084480