5 0.115300 0.579395 0.099350 0.096289
5 0.056137 0.501730 0.037275 0.084711
5 0.165698 0.465479 0.131397 0.109083
5 0.259312 0.556423 0.109248 0.109720
5 0.232766 0.641338 0.109281 0.126427
5 0.325976 0.651684 0.089452 0.122119
5 0.357557 0.592901 0.083864 0.095177
5 0.347026 0.494898 0.137802 0.102297
5 0.429716 0.588413 0.112558 0.111200
5 0.555755 0.648834 0.124009 0.128917
5 0.536938 0.699629 0.086377 0.099258
5 0.564014 0.512967 0.121778 0.113434
5 0.640682 0.655423 0.115739 0.117097
5 0.581702 0.408910 0.100905 0.102195
5 0.647534 0.516777 0.060694 0.058555
5 0.884281 0.513747 0.134187 0.139994
5 0.953461 0.433100 0.094422 0.163075