5 0.050435 0.656145 0.100870 0.127916
5 0.137159 0.745379 0.111817 0.087633
5 0.147966 0.669845 0.136556 0.130316
5 0.101122 0.544610 0.133494 0.132970
5 0.166801 0.488566 0.099227 0.092758
5 0.097216 0.451209 0.088183 0.071167
5 0.199655 0.508441 0.052436 0.063758
5 0.402418 0.498689 0.126711 0.113003
5 0.433343 0.634737 0.097936 0.085100
5 0.467805 0.664055 0.098111 0.065611
5 0.508010 0.569673 0.119145 0.126845
5 0.507693 0.440435 0.115386 0.140245
5 0.607601 0.473188 0.124577 0.121375
5 0.675667 0.630454 0.123209 0.110908
5 0.756513 0.530152 0.106775 0.097805
5 0.661637 0.497226 0.073273 0.066327
5 0.829885 0.474939 0.097270 0.084253
5 0.737152 0.440066 0.108678 0.120758
5 0.737643 0.701662 0.112786 0.118948
5 0.679152 0.446962 0.017680 0.050175
5 0.803195 0.624841 0.131389 0.105931
5 0.939672 0.504048 0.110594 0.133097
5 0.850234 0.586993 0.037969 0.033361