3 0.539485 0.578575 0.103970 0.082150
2 0.471537 0.860659 0.114950 0.124442
4 0.340000 0.879130 0.142500 0.155134
4 0.342813 0.794695 0.048125 0.045639
5 0.305053 0.750797 0.103856 0.079719
5 0.305195 0.635344 0.088516 0.114437
5 0.383707 0.605102 0.117414 0.119580
5 0.303455 0.512373 0.106911 0.112245
2 0.331985 0.689278 0.104595 0.087931
2 0.487941 0.702659 0.100881 0.111567
0 0.531115 0.662257 0.121605 0.118264
5 0.602567 0.198880 0.111384 0.100884
3 0.521090 0.316765 0.095305 0.055405
3 0.536438 0.253663 0.138502 0.141702