5 0.130984 0.723137 0.205719 0.227525
5 0.103377 0.543129 0.181755 0.208133
5 0.522113 0.316103 0.072352 0.132206
5 0.193553 0.386302 0.171481 0.210103
5 0.608819 0.341098 0.155137 0.160322
5 0.614325 0.228577 0.116150 0.107155
5 0.748616 0.247207 0.156608 0.160039
5 0.931291 0.222899 0.115708 0.077048
5 0.938100 0.294605 0.123075 0.136086
5 0.755550 0.409104 0.170475 0.165083
5 0.591769 0.501242 0.174162 0.158734
5 0.808803 0.554004 0.180106 0.164258
5 0.653426 0.599282 0.138102 0.164189
5 0.735126 0.632105 0.092127 0.104836