5 0.527344 0.533854 0.117188 0.114583
5 0.656380 0.458268 0.162761 0.100911
5 0.571680 0.379476 0.146484 0.165202
5 0.598405 0.508675 0.115559 0.086100
5 0.489681 0.301905 0.116863 0.122559
5 0.419987 0.367595 0.155598 0.172689
5 0.522689 0.562272 0.142253 0.121419
5 0.384473 0.571956 0.153320 0.172038
5 0.332227 0.463232 0.142578 0.126464
5 0.349642 0.341716 0.083659 0.136556
5 0.300781 0.603760 0.101562 0.129395
5 0.217741 0.652637 0.097981 0.108398
5 0.203353 0.542416 0.097331 0.112956
5 0.090625 0.579492 0.140625 0.115234