5 0.084961 0.157584 0.107422 0.121419
5 0.197396 0.201155 0.119792 0.108561
5 0.146745 0.326465 0.118489 0.112305
5 0.066862 0.273780 0.124348 0.106934
5 0.030436 0.337549 0.060872 0.084473
5 0.122623 0.363216 0.092122 0.082683
5 0.479330 0.517659 0.099284 0.113444
5 0.506510 0.409359 0.091145 0.112467
5 0.580534 0.487028 0.120442 0.105306
5 0.616016 0.406331 0.113281 0.093912
5 0.551562 0.543245 0.078125 0.064616
5 0.832422 0.504964 0.089844 0.088053
5 0.874512 0.530290 0.108398 0.088705
5 0.904980 0.594808 0.069336 0.080241
5 0.842969 0.618571 0.101562 0.112142
5 0.758984 0.630843 0.089844 0.077311
5 0.723763 0.693278 0.110027 0.105306
5 0.828288 0.683317 0.109700 0.060384