5 0.624798 0.078996 0.074597 0.101742
5 0.521048 0.117856 0.098345 0.113837
5 0.683245 0.149755 0.069614 0.077636
5 0.613894 0.166920 0.099663 0.090091
5 0.512113 0.216949 0.096102 0.099523
5 0.634140 0.245138 0.077655 0.087152
5 0.434931 0.414429 0.126113 0.113233
5 0.479285 0.486109 0.086695 0.087842
5 0.454250 0.556191 0.124125 0.118631
5 0.583785 0.490894 0.123820 0.100537
5 0.664599 0.526847 0.076073 0.088069
5 0.594294 0.570308 0.082337 0.068741
5 0.415412 0.818604 0.130825 0.130958
5 0.325153 0.819203 0.097181 0.113406
5 0.377652 0.924584 0.108430 0.105419
5 0.600167 0.826378 0.140959 0.121506
5 0.515387 0.896187 0.118275 0.123625
5 0.506945 0.959469 0.117014 0.081437