0 0.160970 0.200150 0.084439 0.078425
0 0.268477 0.167157 0.080703 0.087439
0 0.340014 0.146930 0.070653 0.084484
0 0.453718 0.173532 0.088686 0.087689
0 0.523306 0.172548 0.065363 0.076347
0 0.750004 0.160446 0.100008 0.074017
0 0.178405 0.344133 0.088061 0.072641
0 0.298690 0.279415 0.088005 0.080705
0 0.498306 0.271907 0.080988 0.087564
0 0.647465 0.275040 0.082430 0.081330
0 0.725032 0.241594 0.084439 0.086313
0 0.831303 0.272133 0.087606 0.088016
0 0.165795 0.496782 0.078466 0.071689
0 0.243615 0.488173 0.090355 0.076347
0 0.394034 0.412485 0.125569 0.106220
0 0.529716 0.362102 0.078181 0.080453
0 0.615991 0.344070 0.088231 0.072516
0 0.733288 0.351407 0.097827 0.087189
0 0.919648 0.371665 0.092422 0.080830
0 0.828438 0.419766 0.078750 0.083283
0 0.762731 0.446391 0.084837 0.099033
0 0.676168 0.500063 0.083586 0.093875
0 0.621708 0.418477 0.084041 0.080705
0 0.520955 0.438118 0.076286 0.054361
0 0.314063 0.596930 0.093750 0.084484
0 0.503495 0.546071 0.078864 0.089017
0 0.582567 0.604079 0.096384 0.114408
0 0.680053 0.632540 0.088231 0.080705
0 0.791889 0.624462 0.086903 0.092673
0 0.873075 0.593352 0.089900 0.096078
0 0.740462 0.691712 0.090298 0.077173
0 0.760824 0.765477 0.093523 0.080955
0 0.834965 0.875711 0.098055 0.092047
0 0.727713 0.956596 0.086677 0.088192
0 0.645540 0.941789 0.078580 0.096078
0 0.669620 0.717110 0.076741 0.074845
0 0.594336 0.807640 0.076172 0.065280
0 0.554410 0.714571 0.074445 0.088517
0 0.460103 0.685602 0.092081 0.080578
0 0.375614 0.655266 0.091853 0.082406
0 0.442973 0.786376 0.076570 0.079002
0 0.491410 0.926515 0.076570 0.096780
0 0.393594 0.884157 0.087188 0.102689
0 0.284098 0.867493 0.090070 0.084986
0 0.280554 0.774664 0.086108 0.096203
0 0.199364 0.725227 0.076853 0.066080
0 0.269091 0.675142 0.094431 0.100284
0 0.172546 0.851047 0.091967 0.089594