5 0.048466 0.516391 0.087558 0.123408
5 0.059349 0.670384 0.103073 0.118894
5 0.195979 0.665716 0.135708 0.097058
5 0.157113 0.701472 0.095477 0.087319
5 0.388327 0.584465 0.101653 0.112680
5 0.479716 0.601395 0.146931 0.134039
5 0.620567 0.573185 0.128634 0.118245
5 0.721661 0.540539 0.162072 0.127953
5 0.646977 0.359262 0.090828 0.134150
5 0.941752 0.305741 0.117880 0.164608
5 0.653629 0.654974 0.119758 0.113073
5 0.880199 0.308781 0.066648 0.133187
5 0.970351 0.400984 0.059452 0.073842
3 0.513984 0.422218 0.149842 0.125686