5 0.648535 0.580680 0.059570 0.061361
5 0.663932 0.649170 0.071614 0.063966
5 0.619173 0.679671 0.060222 0.065592
5 0.567513 0.686735 0.047527 0.067220
5 0.514616 0.661052 0.066731 0.056478
5 0.551074 0.389307 0.061523 0.062989
5 0.576334 0.449463 0.074544 0.055177
5 0.544662 0.494873 0.076823 0.067872
5 0.482748 0.525667 0.059245 0.076334
5 0.437695 0.504085 0.072266 0.067545
5 0.467318 0.450407 0.069011 0.063314
5 0.280306 0.312695 0.069988 0.056641
5 0.316699 0.286995 0.077148 0.064616
5 0.341602 0.348096 0.064453 0.080567
5 0.396517 0.318213 0.068034 0.055177
5 0.365658 0.219352 0.056316 0.073080
5 0.386849 0.264502 0.061198 0.057130
5 0.448405 0.264453 0.068684 0.066406
5 0.437760 0.323649 0.059895 0.069173
5 0.487142 0.261507 0.052409 0.063639
5 0.432845 0.209375 0.071941 0.062500
5 0.316016 0.130290 0.066406 0.073080
5 0.260612 0.154639 0.061848 0.056153
5 0.208724 0.185449 0.061198 0.061523
5 0.204655 0.125862 0.068684 0.070475
5 0.157064 0.090055 0.079753 0.061361
5 0.267904 0.099772 0.051433 0.058919
5 0.282389 0.042530 0.064778 0.075684
5 0.804850 0.040446 0.062825 0.080892
5 0.837728 0.136963 0.066081 0.070802
5 0.787598 0.120947 0.059570 0.066894