5 0.040690 0.218571 0.081380 0.096517
5 0.080241 0.199919 0.082356 0.093588
5 0.132877 0.365023 0.128255 0.114420
5 0.195020 0.277686 0.102539 0.114747
5 0.310905 0.276123 0.099934 0.114747
5 0.272233 0.388884 0.103841 0.112142
5 0.248828 0.465413 0.082031 0.087077
5 0.317676 0.486963 0.079102 0.070802
5 0.379883 0.455745 0.119141 0.127116
5 0.381315 0.385921 0.112630 0.081217
5 0.528646 0.341162 0.088542 0.116700
5 0.621420 0.408448 0.133464 0.129395
5 0.627409 0.572249 0.120442 0.100748
5 0.566048 0.658480 0.122722 0.123209
5 0.459310 0.582634 0.106120 0.127767