5 0.455895 0.721162 0.077414 0.092325
5 0.366812 0.630370 0.089875 0.073239
5 0.471863 0.641051 0.087477 0.082102
5 0.576693 0.733380 0.090886 0.098011
5 0.635687 0.663614 0.087000 0.074103
5 0.592048 0.620434 0.068470 0.062742
5 0.483577 0.515762 0.092153 0.097148
5 0.550730 0.504342 0.067086 0.096184
5 0.466786 0.430212 0.092947 0.091673
5 0.405012 0.402205 0.069400 0.073159
5 0.569913 0.426345 0.092950 0.087064
5 0.596045 0.393705 0.063966 0.056159
5 0.416829 0.122904 0.089908 0.102058
5 0.523083 0.102449 0.089916 0.092398
5 0.587250 0.096646 0.062000 0.065167
5 0.425085 0.058741 0.078295 0.054983
5 0.359195 0.046858 0.062139 0.040591
5 0.364896 0.095320 0.057917 0.065639