5 0.714795 0.345325 0.129591 0.128150
5 0.739510 0.409453 0.069645 0.072031
5 0.606908 0.318676 0.110691 0.171727
5 0.501416 0.345637 0.124706 0.166273
5 0.538749 0.457607 0.105623 0.115214
5 0.660512 0.469035 0.155398 0.125570
5 0.684934 0.587493 0.157367 0.128111
5 0.523012 0.586620 0.130398 0.145116
5 0.377641 0.433453 0.170908 0.116906
5 0.303812 0.559970 0.085750 0.116814
5 0.392878 0.520213 0.123256 0.074802
5 0.402312 0.358820 0.095248 0.073889
5 0.342719 0.302384 0.107313 0.104767
5 0.242724 0.286180 0.094823 0.119234
5 0.105902 0.411623 0.139930 0.101370