5 0.551074 0.104834 0.108398 0.112794
5 0.595638 0.152165 0.078777 0.088705
5 0.691016 0.155648 0.113281 0.098795
5 0.745248 0.221598 0.074870 0.083822
5 0.687012 0.241976 0.077148 0.071452
5 0.554752 0.234684 0.112630 0.113119
5 0.436230 0.448128 0.100586 0.105631
5 0.517155 0.425538 0.115559 0.116700
5 0.679590 0.449919 0.127930 0.109213
5 0.606998 0.485270 0.107747 0.095541
5 0.587630 0.569320 0.115886 0.110514
5 0.465658 0.540934 0.103191 0.097494
5 0.441699 0.924202 0.124023 0.120280
5 0.326823 0.942399 0.122395 0.116048
5 0.302572 0.830095 0.105144 0.125814