5 0.065300 0.150961 0.127475 0.161297
5 0.181634 0.119981 0.119519 0.136838
5 0.185259 0.223448 0.126767 0.112520
5 0.253436 0.166574 0.056872 0.080023
5 0.240157 0.254220 0.114689 0.095941
5 0.083569 0.287101 0.110887 0.121077
5 0.170652 0.346599 0.125680 0.133823
5 0.084822 0.404117 0.097769 0.126984
5 0.035710 0.353159 0.071420 0.134444
5 0.275242 0.508334 0.091109 0.126042
5 0.377164 0.443134 0.126203 0.117517
5 0.374120 0.527224 0.107614 0.095073
5 0.522863 0.371791 0.108227 0.134206
5 0.633099 0.399732 0.125573 0.115089
5 0.506393 0.576435 0.112786 0.112245
5 0.430271 0.606373 0.107417 0.122122
5 0.733181 0.549405 0.110112 0.111309
5 0.745703 0.474200 0.088281 0.079650
5 0.838306 0.504319 0.126612 0.114888
5 0.838122 0.609401 0.132494 0.109427
5 0.772269 0.703988 0.116413 0.129852
5 0.655194 0.721966 0.119762 0.115806
5 0.599558 0.670381 0.114741 0.106387
5 0.823326 0.788727 0.112277 0.133705
5 0.918263 0.735963 0.102152 0.128175
5 0.865036 0.827092 0.092572 0.126059
5 0.918337 0.632959 0.086673 0.084669
5 0.937729 0.574623 0.078583 0.099245
4 0.604255 0.498742 0.117884 0.100609