5 0.040202 0.684359 0.080403 0.112467
5 0.089551 0.663558 0.063477 0.080241
5 0.035319 0.827523 0.070637 0.114420
5 0.020834 0.910694 0.041667 0.062013
5 0.145410 0.561573 0.122070 0.145020
5 0.183887 0.682308 0.124023 0.127116
5 0.296810 0.679248 0.106120 0.099122
5 0.301498 0.611182 0.043620 0.031739
5 0.266797 0.556266 0.105469 0.090658
5 0.437923 0.437679 0.138347 0.153483
5 0.542969 0.524952 0.164062 0.134278
5 0.530990 0.355452 0.080730 0.073405
5 0.879313 0.052979 0.164877 0.105958
5 0.937663 0.138102 0.125325 0.135580
5 0.955534 0.226058 0.089192 0.048991
5 0.445963 0.341699 0.095052 0.077148