5 0.520508 0.055664 0.119141 0.111328
5 0.101562 0.862891 0.203125 0.160156
5 0.285938 0.851953 0.140625 0.128906
5 0.199023 0.702539 0.154297 0.189453
5 0.514648 0.499609 0.076172 0.089844
5 0.374805 0.510742 0.068359 0.115234
5 0.459375 0.443945 0.125000 0.134766
5 0.366016 0.393359 0.113281 0.121094
5 0.418945 0.326953 0.119141 0.113281
5 0.526367 0.338867 0.099609 0.115234
5 0.530078 0.212695 0.050781 0.087891
5 0.609180 0.868555 0.099609 0.083984
5 0.971484 0.740625 0.058594 0.078125
5 0.854883 0.721289 0.072266 0.095703
5 0.786719 0.680273 0.070312 0.060547
5 0.805078 0.614648 0.097656 0.076172
5 0.938281 0.455078 0.085938 0.066406