5 0.915898 0.607130 0.081797 0.089259
5 0.963336 0.543192 0.073547 0.086384
5 0.909690 0.531491 0.066255 0.059856
5 0.918879 0.466492 0.094008 0.089234
5 0.894837 0.435823 0.067798 0.056022
5 0.827737 0.430470 0.067973 0.039066
5 0.831406 0.475327 0.081563 0.085028
5 0.778111 0.476258 0.065597 0.077516
5 0.840817 0.555794 0.091009 0.080337
5 0.809414 0.593791 0.068828 0.062581
5 0.843750 0.633811 0.078125 0.076997
5 0.500542 0.444720 0.082334 0.092564
5 0.534415 0.522091 0.084455 0.084806
5 0.586305 0.603000 0.081986 0.074750
5 0.508098 0.603571 0.088072 0.082142
5 0.527694 0.664793 0.077262 0.076461
5 0.445278 0.623519 0.074931 0.072038
5 0.446428 0.550372 0.092856 0.081994
5 0.411705 0.506018 0.064036 0.058911
5 0.262831 0.526993 0.053788 0.078986
5 0.225964 0.634040 0.089428 0.089955
5 0.173994 0.698331 0.079238 0.106038
5 0.266184 0.630411 0.026119 0.054572
5 0.144520 0.614895 0.073416 0.070414
5 0.199696 0.553760 0.090017 0.095020
5 0.210475 0.508197 0.074075 0.050769
5 0.095360 0.628890 0.087595 0.085905
5 0.120851 0.544084 0.082327 0.088169
5 0.131013 0.499559 0.083902 0.049117
5 0.166977 0.496926 0.033953 0.031352