5 0.072837 0.289417 0.120673 0.131959
5 0.078711 0.432948 0.119922 0.100270
5 0.158471 0.312252 0.076317 0.090130
5 0.050747 0.565086 0.101494 0.108297
5 0.394982 0.512598 0.114964 0.100197
5 0.386520 0.414020 0.110541 0.046789
5 0.430929 0.354382 0.077483 0.102514
5 0.490995 0.327377 0.088239 0.117253
5 0.524155 0.434952 0.107684 0.113655
5 0.567550 0.382076 0.113225 0.101652
5 0.509001 0.530072 0.080502 0.088269
5 0.463900 0.589294 0.093425 0.122338
5 0.933752 0.402663 0.095630 0.086577
5 0.948685 0.492462 0.081745 0.088048