5 0.068164 0.428077 0.126953 0.165528
5 0.036947 0.523845 0.073894 0.141439
5 0.050619 0.690739 0.101238 0.134603
5 0.164877 0.431380 0.079753 0.100261
5 0.298568 0.468083 0.115886 0.111166
5 0.320605 0.600505 0.147461 0.076009
5 0.392480 0.493962 0.147461 0.131673
5 0.423959 0.381527 0.104167 0.134928
5 0.350879 0.381397 0.067383 0.097169
5 0.592220 0.360530 0.103191 0.108561
5 0.571289 0.453695 0.095703 0.063639
5 0.658854 0.432341 0.130208 0.120931
5 0.625455 0.535823 0.132161 0.115397
5 0.626888 0.608155 0.125652 0.106934
5 0.709505 0.360091 0.131511 0.145183
5 0.736002 0.574788 0.081380 0.087077
5 0.888672 0.581478 0.042969 0.097331
5 0.852116 0.572347 0.066731 0.113444