5 0.272166 0.462749 0.131831 0.156748
5 0.308351 0.588397 0.144827 0.129919
5 0.308351 0.588397 0.144827 0.129919
5 0.328862 0.436561 0.088973 0.132497
5 0.523750 0.539509 0.150625 0.150892
5 0.523750 0.539509 0.150625 0.150892
5 0.592555 0.457898 0.141359 0.140797
5 0.592555 0.457898 0.141359 0.140797
5 0.693478 0.356475 0.133831 0.162950
5 0.693478 0.356475 0.133831 0.162950
5 0.550909 0.345944 0.064317 0.104388
5 0.550909 0.345944 0.064317 0.104388
5 0.762502 0.521806 0.178128 0.171738
5 0.763075 0.526640 0.179275 0.181405
5 0.310536 0.677723 0.130447 0.111695
5 0.612854 0.316202 0.119458 0.166780
5 0.760085 0.381753 0.073295 0.113506