5 0.697266 0.904883 0.082031 0.087891
5 0.681445 0.712500 0.087891 0.078125
4 0.740234 0.731250 0.042969 0.078125
4 0.585352 0.830859 0.111328 0.105469
4 0.476562 0.808398 0.109375 0.107422
4 0.516211 0.745703 0.107422 0.113281
4 0.553711 0.599219 0.076172 0.070312
4 0.703906 0.597461 0.085938 0.107422
4 0.756445 0.578516 0.041016 0.035156
4 0.629687 0.454688 0.109375 0.109375
4 0.702734 0.424805 0.089844 0.115234
5 0.544727 0.433984 0.080078 0.074219
5 0.783789 0.189062 0.080078 0.062500
5 0.772461 0.138281 0.107422 0.101562
5 0.773438 0.069336 0.046875 0.060547
5 0.712695 0.081641 0.103516 0.097656
5 0.622852 0.042773 0.080078 0.076172
5 0.526758 0.163672 0.009766 0.042969
5 0.561914 0.150781 0.064453 0.085938
5 0.596484 0.219336 0.058594 0.060547
3 0.752734 0.819141 0.074219 0.097656
3 0.615820 0.918945 0.103516 0.119141
3 0.549609 0.950977 0.058594 0.048828
3 0.514453 0.900781 0.113281 0.132812
3 0.495703 0.698047 0.097656 0.089844
3 0.602344 0.698828 0.117188 0.128906
3 0.546289 0.519141 0.111328 0.113281
3 0.636133 0.574023 0.103516 0.123047
3 0.759180 0.512305 0.115234 0.099609
4 0.741211 0.893359 0.044922 0.058594
3 0.610352 0.110742 0.111328 0.099609
4 0.616602 0.195898 0.064453 0.076172
4 0.687500 0.181641 0.093750 0.097656