5 0.521812 0.046087 0.096748 0.092175
5 0.595486 0.098837 0.090972 0.091423
5 0.676992 0.051608 0.103984 0.090716
5 0.720355 0.095303 0.081334 0.071856
5 0.656813 0.162298 0.076127 0.096470
5 0.637522 0.524128 0.121919 0.082631
5 0.655898 0.451060 0.139922 0.098995
5 0.538461 0.542571 0.108172 0.122642
5 0.559454 0.606391 0.062658 0.053408
5 0.586875 0.378105 0.123750 0.128084
5 0.484593 0.430663 0.119186 0.117577
5 0.422780 0.515745 0.117436 0.118989
5 0.318738 0.459062 0.106227 0.099373
5 0.386070 0.548027 0.075264 0.086680
5 0.371382 0.408916 0.120889 0.108458
5 0.367528 0.332679 0.122556 0.087233
5 0.415249 0.312387 0.086748 0.127900
5 0.468435 0.352659 0.058745 0.055317