5 0.484147 0.128353 0.121419 0.144206
5 0.632096 0.137760 0.104817 0.106770
5 0.423242 0.214665 0.115234 0.088705
5 0.456771 0.319010 0.104167 0.122395
5 0.527539 0.264763 0.126953 0.132650
5 0.645248 0.284815 0.121745 0.119630
5 0.667448 0.412581 0.153645 0.093912
5 0.620248 0.497233 0.121745 0.103841
5 0.495996 0.508366 0.057617 0.113606
5 0.417741 0.515544 0.129231 0.124838
5 0.388884 0.630680 0.127767 0.108236
5 0.438639 0.657048 0.127278 0.129720
5 0.550326 0.593685 0.110027 0.106120
5 0.658203 0.659196 0.144531 0.143392
5 0.552213 0.702946 0.095052 0.127767
5 0.466699 0.724707 0.092773 0.102539
5 0.640463 0.193213 0.093425 0.055175
5 0.666732 0.477913 0.039714 0.040202