5 0.290355 0.832069 0.086961 0.095388
5 0.316466 0.792417 0.111056 0.141084
5 0.212943 0.744352 0.141511 0.113705
5 0.207685 0.654398 0.115370 0.083795
5 0.648980 0.569182 0.088586 0.057114
5 0.634387 0.514865 0.109398 0.089105
5 0.522785 0.538980 0.117445 0.131084
5 0.475888 0.435588 0.104902 0.114927
5 0.546284 0.337662 0.108194 0.131573
5 0.420602 0.391292 0.119330 0.104459
5 0.489798 0.308297 0.082720 0.116594
5 0.935395 0.153122 0.117664 0.134369
5 0.862030 0.036805 0.130311 0.073611
5 0.756134 0.055171 0.143517 0.110342