5 0.057900 0.212940 0.097050 0.088380
5 0.079810 0.266373 0.084620 0.092122
5 0.021333 0.317515 0.042666 0.094405
5 0.030923 0.406006 0.061847 0.093262
5 0.172043 0.290999 0.100336 0.100748
5 0.265993 0.285108 0.106986 0.110841
5 0.274250 0.231917 0.098500 0.076334
5 0.213445 0.371175 0.089389 0.101725
5 0.269873 0.439990 0.095995 0.089355
5 0.352486 0.332276 0.054972 0.039552
5 0.322789 0.371241 0.104953 0.073731
5 0.327752 0.473975 0.083628 0.101075
5 0.242723 0.506722 0.085445 0.097819
5 0.185170 0.470915 0.073466 0.088705
5 0.460224 0.561752 0.101698 0.079753
5 0.549076 0.522998 0.113777 0.099122
5 0.570612 0.411442 0.094348 0.107259
5 0.640780 0.439600 0.100309 0.101075
5 0.596481 0.563362 0.108587 0.101725
5 0.540584 0.588948 0.062417 0.052897
5 0.906425 0.770443 0.097225 0.115886
5 0.948582 0.675016 0.087789 0.106283
5 0.965502 0.752979 0.052880 0.090333