2 0.633072 0.929489 0.116144 0.140228
2 0.298843 0.405249 0.122686 0.144873
2 0.325544 0.184875 0.147962 0.151000
3 0.391357 0.126892 0.129589 0.150659
3 0.443009 0.267395 0.136017 0.134789
3 0.035478 0.079284 0.070956 0.146069
3 0.625868 0.459839 0.089236 0.122803
3 0.562075 0.836682 0.127275 0.132739
3 0.882348 0.816943 0.077195 0.112011
4 0.813059 0.864160 0.141744 0.140820
4 0.814102 0.757251 0.112580 0.102002
4 0.592633 0.650879 0.141516 0.148633
4 0.433895 0.655652 0.130291 0.105053
4 0.469571 0.583679 0.120392 0.114233
4 0.673877 0.571338 0.085255 0.092675
2 0.364389 0.566784 0.116278 0.133569
5 0.837394 0.939184 0.121663 0.078369
5 0.731250 0.959409 0.093750 0.081319
5 0.708097 0.744141 0.109944 0.110156
5 0.715892 0.675927 0.097409 0.104980
5 0.792309 0.697120 0.059617 0.044239
5 0.660041 0.625207 0.098206 0.103539
5 0.535285 0.698572 0.111195 0.140894
5 0.591545 0.539367 0.095589 0.094359
5 0.548299 0.459595 0.099723 0.128564
5 0.436538 0.487610 0.101202 0.103345
5 0.307877 0.080615 0.059503 0.058105
5 0.260977 0.101452 0.112580 0.115405
4 0.182184 0.059265 0.104994 0.093530
4 0.241641 0.287488 0.130158 0.134350
2 0.156453 0.337487 0.131656 0.121850
2 0.398487 0.306641 0.175098 0.110156