5 0.517041 0.043542 0.118458 0.087084
5 0.072028 0.858448 0.144056 0.163770
5 0.225615 0.838800 0.141855 0.130725
5 0.149365 0.693119 0.154980 0.189362
5 0.479052 0.476399 0.076855 0.090298
5 0.338192 0.492629 0.070134 0.116508
5 0.428202 0.422980 0.128278 0.136584
5 0.337891 0.375717 0.113281 0.120184
5 0.395077 0.306322 0.118280 0.112644
5 0.503271 0.313958 0.100292 0.115416
5 0.515076 0.186997 0.055152 0.089619
5 0.547499 0.839641 0.101248 0.085531
5 0.920946 0.693977 0.060642 0.078580
5 0.804208 0.681164 0.074041 0.096703
5 0.739510 0.643910 0.072770 0.062820
5 0.761737 0.577603 0.098475 0.077081
5 0.906493 0.412102 0.087986 0.067953