5 0.361083 0.419229 0.122166 0.125958
5 0.053207 0.619312 0.106414 0.107373
5 0.372699 0.617993 0.120398 0.114111
5 0.412287 0.541636 0.130823 0.136397
5 0.489373 0.659346 0.109995 0.159317
5 0.461690 0.410379 0.120255 0.155133
5 0.516560 0.372767 0.101870 0.145534
5 0.585499 0.491402 0.155373 0.114055
5 0.767741 0.490770 0.097983 0.109666
5 0.757677 0.620512 0.109103 0.106648
5 0.726625 0.702291 0.112625 0.110833
5 0.860593 0.542884 0.118061 0.101394
5 0.832236 0.680098 0.089472 0.110195
5 0.920955 0.668074 0.104411 0.123648
5 0.664505 0.637342 0.075884 0.080934