5 0.342230 0.878760 0.112584 0.141895
5 0.212346 0.799692 0.109067 0.130634
5 0.221945 0.694719 0.115764 0.098812
5 0.323973 0.761371 0.144822 0.122742
5 0.483024 0.809535 0.141048 0.125320
5 0.457629 0.296964 0.109008 0.106428
5 0.403962 0.331101 0.054798 0.080952
5 0.419342 0.421508 0.107434 0.105516
5 0.480495 0.390027 0.114114 0.111305
5 0.491872 0.516398 0.033744 0.054670
5 0.432452 0.501014 0.074278 0.086403
5 0.555906 0.546505 0.093063 0.099259
5 0.568217 0.469988 0.098934 0.105600
5 0.597077 0.361525 0.128528 0.110550
5 0.657120 0.458680 0.111114 0.098611
5 0.630413 0.517592 0.067075 0.041434
5 0.736888 0.284213 0.101902 0.109050
5 0.593762 0.242250 0.084400 0.072000
5 0.591651 0.179872 0.095802 0.084744
5 0.681406 0.101441 0.100312 0.112256
5 0.582980 0.123985 0.087834 0.063595