5 0.893585 0.393009 0.171545 0.139144
5 0.912002 0.478811 0.130255 0.082622
5 0.912002 0.478811 0.130255 0.082622
5 0.593085 0.534614 0.142420 0.128603
5 0.501551 0.618310 0.112477 0.127245
5 0.501551 0.618310 0.112477 0.127245
5 0.506608 0.490146 0.116341 0.127167
5 0.506608 0.490146 0.116341 0.127167
5 0.569820 0.374054 0.133391 0.123108
5 0.569820 0.374054 0.133391 0.123108
5 0.519673 0.330112 0.108095 0.128975
5 0.519673 0.330112 0.108095 0.128975
5 0.412684 0.403793 0.128492 0.123211
5 0.412684 0.403793 0.128492 0.123211
5 0.220920 0.439773 0.094964 0.117045
5 0.213046 0.590516 0.113592 0.102908
5 0.213046 0.590516 0.113592 0.102908
5 0.286420 0.610130 0.082214 0.092134
5 0.286420 0.610130 0.082214 0.092134
5 0.813845 0.339852 0.093314 0.051580
5 0.106969 0.532824 0.120188 0.106273
5 0.035489 0.655260 0.070978 0.088645
5 0.281759 0.464602 0.094769 0.072953
5 0.297488 0.483922 0.088727 0.027219
5 0.315336 0.544754 0.111922 0.045758