5 0.105329 0.455638 0.085658 0.108150
5 0.141780 0.559630 0.130436 0.113009
5 0.181658 0.441746 0.125816 0.127242
5 0.270407 0.418859 0.090814 0.115842
5 0.375719 0.532491 0.129562 0.114981
5 0.490652 0.436457 0.106305 0.132289
5 0.364310 0.607864 0.125495 0.084478
5 0.413310 0.485237 0.082870 0.039223
5 0.421034 0.649716 0.101444 0.118183
5 0.041008 0.702315 0.082016 0.107755
5 0.696280 0.441733 0.086311 0.074091
5 0.602114 0.560944 0.113603 0.059388
5 0.881695 0.397670 0.082141 0.107841
5 0.944608 0.366382 0.107966 0.123389
5 0.939381 0.481321 0.116263 0.122017
5 0.936441 0.583120 0.107258 0.103741
5 0.919790 0.722460 0.067705 0.085545
5 0.954695 0.829892 0.081266 0.091034
5 0.891484 0.775110 0.098594 0.090845
5 0.867918 0.857103 0.110836 0.082956
5 0.900168 0.925232 0.087836 0.087964
5 0.970633 0.920705 0.047516 0.103911
5 0.961860 0.960461 0.064345 0.055297
5 0.671170 0.758312 0.073591 0.097873
5 0.601719 0.815525 0.097188 0.090425
5 0.617060 0.902193 0.090370 0.098136
5 0.504561 0.794848 0.077872 0.080322
5 0.425639 0.777296 0.088778 0.079592
5 0.257416 0.795384 0.064831 0.087642
5 0.188329 0.862293 0.095408 0.071461
5 0.974186 0.733087 0.042122 0.088048
5 0.060580 0.892962 0.077411 0.076548
5 0.032744 0.934342 0.065488 0.068684
5 0.065277 0.844441 0.046178 0.038881
5 0.037417 0.974517 0.074834 0.052159
5 0.067959 0.979791 0.076542 0.040833
5 0.104003 0.828815 0.067381 0.079505
5 0.139054 0.851076 0.034358 0.049027