5 0.060709 0.636442 0.121419 0.091634
5 0.211328 0.406202 0.097656 0.103028
5 0.244401 0.471273 0.110677 0.114420
5 0.272298 0.576514 0.122722 0.103028
5 0.313737 0.434196 0.093098 0.096517
5 0.360352 0.545817 0.095703 0.060384
5 0.459863 0.407862 0.125977 0.100098
5 0.477051 0.505583 0.125977 0.111166
5 0.497656 0.337191 0.023438 0.074381
5 0.554720 0.333545 0.103191 0.142091
5 0.642480 0.376937 0.100586 0.085123
5 0.605697 0.442855 0.120769 0.123209
5 0.630859 0.542757 0.136719 0.110514
5 0.543913 0.600049 0.109700 0.131348
5 0.986035 0.305616 0.028320 0.104981