5 0.047306 0.824598 0.094613 0.127320
5 0.057259 0.695862 0.114517 0.154225
5 0.173245 0.667616 0.130866 0.144608
5 0.194535 0.854224 0.167195 0.120948
5 0.564540 0.731014 0.154080 0.177653
5 0.281112 0.534941 0.124723 0.173008
5 0.681981 0.821001 0.163963 0.160752
5 0.733627 0.709559 0.211005 0.150367
5 0.932891 0.430965 0.118908 0.183805
5 0.850158 0.347748 0.140941 0.157997
5 0.655448 0.541701 0.107770 0.136527
5 0.531654 0.561589 0.147683 0.163803
5 0.492493 0.441057 0.075611 0.085239
5 0.374688 0.626846 0.099375 0.091192
5 0.442102 0.770030 0.090455 0.108809
5 0.757438 0.633744 0.064877 0.029988
5 0.946432 0.310839 0.089739 0.065428
3 0.601974 0.473605 0.166448 0.203461
3 0.395763 0.513836 0.185277 0.183922