5 0.091413 0.427555 0.123452 0.092611
5 0.084903 0.325179 0.141681 0.122233
5 0.132338 0.203987 0.127177 0.117350
5 0.248969 0.195427 0.107313 0.150228
5 0.389218 0.283448 0.125311 0.160645
5 0.284247 0.327913 0.127869 0.102702
5 0.210030 0.418180 0.095059 0.108236
5 0.325177 0.289274 0.019103 0.037923
5 0.364962 0.362435 0.045550 0.043620
5 0.288410 0.435889 0.148695 0.134278
5 0.269434 0.527067 0.132619 0.091634
5 0.383807 0.544401 0.080114 0.126302
5 0.454737 0.534391 0.175100 0.153158
5 0.489139 0.612874 0.122028 0.069498
5 0.621478 0.635303 0.124206 0.089356
5 0.738142 0.767578 0.110659 0.128906
5 0.842495 0.748909 0.200616 0.175944
5 0.883852 0.588070 0.152078 0.157389
5 0.940345 0.516406 0.118189 0.195312
5 0.782081 0.550977 0.120412 0.111328
5 0.622994 0.396338 0.099113 0.133300
0 0.512761 0.394531 0.184897 0.210938