5 0.075103 0.432994 0.150206 0.144113
5 0.014245 0.340030 0.028491 0.114436
5 0.073696 0.356916 0.097392 0.051333
5 0.025626 0.529257 0.051252 0.133514
5 0.039191 0.679738 0.078381 0.159477
5 0.102327 0.639704 0.132780 0.132533
5 0.076618 0.744155 0.100111 0.085186
5 0.013227 0.784288 0.026455 0.062327
5 0.363916 0.570941 0.152833 0.135633
5 0.371054 0.439255 0.138983 0.125386
5 0.342892 0.364714 0.082659 0.082553
5 0.428163 0.325770 0.131325 0.142166
5 0.513589 0.242728 0.114678 0.151081
5 0.620721 0.297911 0.147692 0.136447
5 0.552780 0.375390 0.124311 0.107030
5 0.486820 0.461042 0.142389 0.128334
5 0.485261 0.567628 0.101772 0.097756
5 0.605956 0.517782 0.152537 0.144939
5 0.557093 0.621273 0.123561 0.126920
5 0.666330 0.483578 0.113911 0.110906
5 0.909966 0.284477 0.107431 0.109578
5 0.941516 0.392798 0.086156 0.116845
5 0.916194 0.481023 0.129263 0.112045
5 0.970776 0.278330 0.038427 0.116034
5 0.952484 0.535798 0.054967 0.102845
5 0.907041 0.333926 0.073458 0.036602
5 0.856543 0.428700 0.084961 0.051150