5 0.548926 0.058675 0.079102 0.070475
5 0.499740 0.034261 0.080730 0.068522
5 0.423209 0.054476 0.074544 0.071452
5 0.385873 0.116846 0.074870 0.080567
5 0.435026 0.133415 0.032552 0.073080
5 0.500391 0.121729 0.050781 0.074708
5 0.460677 0.215983 0.080730 0.119466
5 0.381283 0.272347 0.087566 0.066569
5 0.406478 0.300944 0.097331 0.086262
5 0.427637 0.393180 0.045898 0.076986
5 0.467155 0.361930 0.084309 0.092611
5 0.554166 0.370996 0.083333 0.088867
5 0.615463 0.359261 0.077800 0.068522
5 0.611459 0.288102 0.088542 0.088705
5 0.527702 0.289600 0.096028 0.085450
5 0.672037 0.616178 0.109700 0.097981
5 0.573047 0.589632 0.105469 0.110514
5 0.602213 0.677865 0.095052 0.080730
5 0.677084 0.535694 0.072917 0.077637
5 0.618978 0.539274 0.081706 0.084798
5 0.641699 0.483968 0.061523 0.030436
5 0.599186 0.454346 0.076497 0.096192
5 0.540755 0.488038 0.100261 0.116700
5 0.451107 0.489307 0.102214 0.109864
5 0.473730 0.623226 0.116211 0.102702
5 0.452930 0.697428 0.099609 0.097981
5 0.478580 0.747803 0.038411 0.058106
5 0.403776 0.708350 0.063802 0.101075
5 0.365072 0.622022 0.105144 0.081544
5 0.390690 0.566455 0.112630 0.123536