5 0.042591 0.818366 0.085183 0.130481
5 0.053270 0.684769 0.106539 0.150788
5 0.165499 0.641259 0.130998 0.151269
5 0.183573 0.822134 0.167145 0.119269
5 0.556684 0.649298 0.153992 0.176722
5 0.274480 0.493265 0.123961 0.170905
5 0.672520 0.723745 0.163791 0.150616
5 0.725633 0.602534 0.210641 0.145694
5 0.928613 0.297494 0.119727 0.185613
5 0.847031 0.227209 0.140937 0.154417
5 0.649675 0.449413 0.108725 0.145700
5 0.526945 0.484317 0.147641 0.162384
5 0.488084 0.368758 0.076169 0.087516
5 0.368549 0.574748 0.099598 0.090122
5 0.432394 0.700654 0.089787 0.107558
5 0.751143 0.521953 0.064786 0.028281
5 0.943287 0.178741 0.089698 0.066856
3 0.597438 0.386879 0.166752 0.201883
3 0.391283 0.455760 0.185691 0.177145