5 0.197045 0.634624 0.140966 0.128623
5 0.372718 0.723993 0.129811 0.107361
5 0.304927 0.587539 0.056728 0.065703
5 0.351866 0.630943 0.091231 0.096261
5 0.406552 0.449387 0.175605 0.151898
5 0.606379 0.543217 0.172133 0.155184
5 0.561973 0.409328 0.158320 0.149906
5 0.561973 0.409328 0.158320 0.149906
5 0.561973 0.409328 0.158320 0.149906
5 0.469477 0.290298 0.120205 0.164972
5 0.469477 0.290298 0.120205 0.164972
5 0.576398 0.297178 0.121545 0.088106
5 0.858019 0.026024 0.128537 0.052048
5 0.966483 0.034218 0.067341 0.068436