2 0.581055 0.879687 0.115234 0.140625
2 0.276172 0.381641 0.121094 0.144531
2 0.316992 0.158594 0.146484 0.148438
3 0.386328 0.094531 0.128906 0.148438
3 0.431445 0.229492 0.134766 0.130859
3 0.033203 0.078516 0.066406 0.144531
3 0.603906 0.408984 0.085938 0.121094
3 0.515625 0.791992 0.125000 0.130859
3 0.839648 0.743164 0.076172 0.111328
4 0.766211 0.796484 0.138672 0.136719
4 0.774414 0.688867 0.111328 0.099609
4 0.558398 0.601953 0.138672 0.144531
4 0.398242 0.622070 0.130859 0.103516
4 0.439258 0.546289 0.119141 0.111328
4 0.644531 0.514258 0.085938 0.087891
2 0.333594 0.537695 0.117188 0.134766
5 0.787109 0.866602 0.121094 0.080078
5 0.678125 0.907617 0.093750 0.099609
5 0.668750 0.686523 0.109375 0.107422
5 0.679102 0.614844 0.095703 0.101562
5 0.755859 0.633398 0.058594 0.044922
5 0.627539 0.571680 0.095703 0.099609
5 0.496875 0.655273 0.109375 0.138672
5 0.563477 0.489648 0.095703 0.091797
5 0.524805 0.414453 0.099609 0.128906
5 0.409180 0.451758 0.099609 0.103516
5 0.304297 0.055469 0.058594 0.054688
5 0.257227 0.081055 0.111328 0.115234
4 0.181445 0.043945 0.103516 0.087891
4 0.226953 0.267969 0.128906 0.132812
2 0.137305 0.325586 0.130859 0.123047
2 0.383203 0.274023 0.175781 0.107422