5 0.035889 0.495524 0.071778 0.100423
5 0.077018 0.518864 0.069661 0.072103
5 0.429720 0.591163 0.118816 0.101075
5 0.498730 0.530550 0.100586 0.117350
5 0.544955 0.454346 0.099284 0.096192
5 0.456348 0.437516 0.090820 0.106283
5 0.425488 0.511214 0.063477 0.056803
5 0.928727 0.464372 0.073080 0.097494
5 0.970508 0.460791 0.056641 0.090333
5 0.521452 0.652653 0.096028 0.105306
5 0.444434 0.667627 0.088867 0.072755
0 0.120410 0.445052 0.106445 0.111980
0 0.107715 0.679932 0.096680 0.109864
0 0.045736 0.603402 0.091472 0.072428