5 0.201791 0.450765 0.128581 0.120280
5 0.225033 0.310287 0.103191 0.123698
5 0.319271 0.339177 0.119792 0.118978
5 0.307064 0.491423 0.095378 0.114095
5 0.217871 0.549381 0.120117 0.117512
5 0.406836 0.447933 0.138672 0.127116
5 0.511263 0.402865 0.110027 0.127605
5 0.451562 0.588135 0.109375 0.129395
5 0.612109 0.439795 0.136719 0.110841
5 0.881055 0.507634 0.162109 0.159017
5 0.860612 0.696110 0.155598 0.176595
5 0.599772 0.572412 0.121419 0.101075
5 0.508203 0.626319 0.097656 0.124512
5 0.972819 0.477555 0.055012 0.123861