5 0.242448 0.115337 0.122395 0.133798
5 0.356055 0.072277 0.115234 0.122678
5 0.469271 0.056191 0.119792 0.112383
5 0.423730 0.162779 0.116211 0.125558
5 0.294629 0.199922 0.098633 0.127969
5 0.200684 0.169213 0.088867 0.091552
5 0.177702 0.052196 0.080403 0.104392
5 0.266387 0.028931 0.123398 0.057862
5 0.388314 0.348388 0.111003 0.124902
5 0.463412 0.347690 0.076823 0.114130
5 0.528744 0.424228 0.132488 0.104706
5 0.506510 0.522159 0.106770 0.119317
5 0.387662 0.516389 0.140950 0.148403
5 0.545280 0.757882 0.131184 0.159514
5 0.615202 0.735824 0.080403 0.124773
5 0.692936 0.841271 0.107747 0.123167
5 0.627637 0.868717 0.139648 0.146809
5 0.517709 0.917409 0.119792 0.100442
5 0.399935 0.932432 0.106120 0.086739
5 0.439063 0.851935 0.046875 0.075745
5 0.423307 0.960412 0.087239 0.027073
5 0.083496 0.425334 0.088867 0.072544
5 0.633920 0.059931 0.086589 0.079238
5 0.645736 0.635768 0.060222 0.065286