5 0.078128 0.776213 0.121881 0.108677
5 0.177013 0.704788 0.110277 0.097077
5 0.080072 0.678470 0.103894 0.113191
5 0.083141 0.568173 0.103781 0.108222
5 0.149527 0.552063 0.089678 0.091627
5 0.054537 0.513487 0.084075 0.080100
5 0.028572 0.585879 0.032144 0.084258
5 0.093036 0.498519 0.032947 0.040787
5 0.419817 0.507108 0.080259 0.082966
5 0.459732 0.624875 0.038214 0.059125
5 0.499525 0.648005 0.067800 0.077259
5 0.565959 0.623230 0.097542 0.102709
5 0.481830 0.563234 0.098034 0.098344
5 0.469304 0.474672 0.101108 0.083719
5 0.499476 0.423221 0.083327 0.090192
5 0.557937 0.493527 0.078375 0.071430
5 0.721798 0.555531 0.087345 0.070438
5 0.792502 0.557058 0.081880 0.073491
5 0.772456 0.479866 0.104288 0.094108
5 0.711793 0.450455 0.079836 0.079034
5 0.765795 0.407229 0.078466 0.067583
5 0.902759 0.402599 0.083644 0.086448
5 0.944054 0.348366 0.081858 0.087356
5 0.966059 0.445934 0.066494 0.088742