5 0.338737 0.577213 0.139973 0.141927
5 0.429623 0.489991 0.106120 0.104981
5 0.464420 0.360205 0.119466 0.139161
5 0.332650 0.510759 0.077800 0.034017
5 0.370410 0.480387 0.028320 0.038900
5 0.532259 0.456755 0.120769 0.122884
5 0.606803 0.474349 0.082356 0.108073
5 0.549284 0.556559 0.120442 0.097494
5 0.493848 0.569157 0.059570 0.110189
5 0.544694 0.368962 0.055012 0.069173
5 0.443131 0.184424 0.101887 0.115723
5 0.330404 0.135807 0.129558 0.134114
5 0.472298 0.111214 0.122722 0.103678
5 0.413086 0.042562 0.076172 0.085123
5 0.659408 0.963346 0.103191 0.073567
5 0.340544 0.021484 0.093588 0.042969