5 0.411328 0.516260 0.082031 0.082520
5 0.445801 0.434391 0.079102 0.090658
5 0.442806 0.420947 0.085613 0.113769
5 0.514095 0.393897 0.071941 0.050294
5 0.523080 0.440544 0.083659 0.093588
5 0.549121 0.516976 0.088867 0.087077
5 0.471452 0.501123 0.064778 0.067872
5 0.492285 0.580713 0.075195 0.102052
5 0.715723 0.391666 0.075195 0.067708
5 0.760547 0.427034 0.089844 0.082194
5 0.749805 0.499056 0.083984 0.069988
5 0.828711 0.478939 0.091797 0.079753
5 0.901172 0.477246 0.074219 0.073242
5 0.858138 0.397249 0.094402 0.085123
5 0.770541 0.344905 0.081706 0.092936
5 0.806413 0.324512 0.078450 0.092773
5 0.828223 0.543473 0.075195 0.068197