5 0.093994 0.419066 0.144237 0.153758
5 0.074924 0.688075 0.140473 0.166775
5 0.038269 0.595549 0.070288 0.128598
5 0.178195 0.729170 0.118891 0.130216
5 0.183646 0.607772 0.145417 0.140544
5 0.294090 0.620338 0.138180 0.131302
5 0.356177 0.508470 0.168603 0.135691
5 0.435548 0.625290 0.117970 0.159955
5 0.530923 0.557832 0.108722 0.106289
5 0.559258 0.432317 0.137266 0.149009
5 0.434523 0.394491 0.122170 0.151481
5 0.332937 0.389944 0.122123 0.114263
5 0.847416 0.479342 0.110458 0.108684
5 0.760602 0.425302 0.108703 0.078730
5 0.828623 0.357681 0.107245 0.127862
5 0.873453 0.326713 0.081281 0.097175
5 0.897326 0.593605 0.122777 0.121584
5 0.798490 0.554401 0.084480 0.096302