5 0.055105 0.365113 0.078959 0.105227
5 0.040203 0.281463 0.058531 0.103552
5 0.115410 0.282324 0.112070 0.127148
5 0.141908 0.381296 0.111941 0.125092
5 0.072036 0.509945 0.100322 0.113641
5 0.207148 0.497505 0.117422 0.116886
5 0.123292 0.553783 0.077834 0.066941
5 0.460195 0.571564 0.136016 0.093128
5 0.528380 0.669125 0.103634 0.135125
5 0.592514 0.587961 0.100653 0.085297
5 0.679497 0.575163 0.087119 0.090950
5 0.739928 0.577840 0.092356 0.096305
5 0.554170 0.511202 0.080214 0.084905
5 0.631771 0.443377 0.094792 0.121130
5 0.604264 0.397770 0.083528 0.079916
5 0.540897 0.428005 0.088044 0.087259
5 0.482445 0.396659 0.089891 0.112069
5 0.442649 0.458645 0.119673 0.079789
5 0.531255 0.371077 0.062509 0.051528
5 0.974443 0.752012 0.052011 0.110275
5 0.903653 0.680911 0.107306 0.074322
5 0.960734 0.625015 0.077719 0.078155
5 0.984108 0.513607 0.030716 0.105339
5 0.923191 0.529087 0.099506 0.089425
5 0.918204 0.565483 0.083283 0.065341
5 0.870618 0.633720 0.056861 0.020564
5 0.877805 0.588535 0.096234 0.039570
5 0.181614 0.317695 0.031978 0.076016