2 0.730360 0.889297 0.088845 0.122344
0 0.697084 0.733878 0.081669 0.117756
2 0.572666 0.824844 0.123456 0.102813
5 0.482799 0.563683 0.099973 0.092991
4 0.564658 0.932237 0.129316 0.130100
4 0.756100 0.795590 0.084075 0.097430
4 0.634153 0.878544 0.033931 0.050838
3 0.519050 0.794894 0.097475 0.105412
3 0.592252 0.570458 0.106378 0.131541
3 0.510143 0.481623 0.139036 0.131995
3 0.523270 0.356623 0.118416 0.147620
0 0.721866 0.378736 0.118731 0.132472
5 0.440593 0.430717 0.087436 0.105184
0 0.489363 0.150831 0.081850 0.120412
0 0.437545 0.149450 0.046966 0.045775
0 0.465702 0.074713 0.147028 0.118175
0 0.585643 0.153015 0.015036 0.068530
0 0.522702 0.183065 0.054778 0.119255
0 0.622080 0.471257 0.094159 0.073764